87.461639 3.724031
89.347914 3.724390
89.347914 3.724390
430.433851 8.832620
341.430230 5.031673
430.778144 8.843615
485.450008 6.693894
55.016692 1.371177
485.794836 6.703547
69.252736 4.982121
416.197272 4.806966
70.893679 4.982330
69.252736 4.591955
87.461639 3.724031
332.811007 5.117399
420.504456 6.821338
342.972211 5.050073
331.156542 5.098700
581.154358 12.511771
544.716888 10.810874
55.016157 1.371177
581.041095 12.505153
516.495626 12.864183
496.821549 9.463638
414.901157 4.785678
516.394472 12.858455
343.168895 5.693419
525.535476 9.915722
70.893679 4.592147
341.931368 5.676727
412.421630 5.252306
420.272647 6.815827
0.000000 1.230000
420.504456 6.868708
544.717668 10.810912
0.000000 1.230000
481.342420 11.160212
518.845822 12.857699
496.808905 9.462818
481.352903 11.161023
493.659562 12.413090
480.085143 12.857370
525.375734 9.908666
493.640349 12.411452
13.757429 1.030003
554.385519 15.010946
412.825046 5.259486
13.650986 1.030001
426.179059 9.810420
420.272647 6.863159
420.504456 4.879152
0.000000 5.580000
518.836119 12.857148
420.272647 4.875210
531.694563 11.159899
375.374808 5.498062
480.102194 12.858891
531.723564 11.161352
529.019996 14.555511
0.000000 1.790000
554.313008 15.005950
529.066048 14.558511
383.323551 4.157476
333.297393 7.186872
426.476032 9.820801
384.372158 4.170523
41.806901 4.050229
0.000000 5.580000
0.000000 5.760000
375.104294 5.493806
0.000000 5.760000
375.374808 6.072487
0.000000 1.790000
375.104294 6.067786
375.374808 6.975154
332.222327 7.169707
375.104294 6.969754
43.152481 3.000193
43.152481 4.050260
41.806901 3.000170
