88.429264 3.724212
88.429528 3.724212
88.429528 3.724212
430.651415 8.839565
342.221938 5.041089
430.651467 8.839567
485.596453 6.697991
54.945029 1.371171
485.596496 6.697992
70.122371 4.982230
415.474083 4.795063
70.122588 4.982230
70.122371 4.592055
88.429264 3.724212
331.971016 5.107871
420.400313 6.818861
342.222152 5.041092
331.970785 5.107868
581.115258 12.509486
544.691806 10.809639
54.945038 1.371171
581.115244 12.509485
516.496343 12.864224
496.755748 9.459372
415.473907 4.795060
516.496331 12.864223
342.569191 5.685308
525.460571 9.912412
70.122588 4.592055
342.568995 5.685305
412.691562 5.257108
420.400280 6.818860
0.000000 1.230000
420.400313 6.866214
544.691802 10.809639
0.000000 1.230000
481.329584 11.159219
518.898366 12.860684
496.755756 9.459372
481.329581 11.159218
493.637183 12.411182
480.122276 12.860683
525.460579 9.912413
493.637190 12.411183
13.562264 1.030003
554.325219 15.006791
412.691583 5.257108
13.562316 1.030001
426.253826 9.813031
420.400280 6.866213
420.400313 4.877380
0.000000 5.580000
518.898364 12.860684
420.400280 4.877379
531.681001 11.159219
375.222743 5.495669
480.122274 12.860683
531.681015 11.159220
529.047278 14.557288
0.000000 1.790000
554.325182 15.006789
529.047290 14.557289
383.829215 4.163754
332.798313 7.178882
426.253900 9.813034
383.829445 4.163757
42.424381 4.050243
0.000000 5.580000
0.000000 5.760000
375.222694 5.495668
0.000000 5.760000
375.222743 6.069843
0.000000 1.790000
375.222694 6.069842
375.222743 6.972117
332.798058 7.178878
375.222694 6.972116
42.424685 3.000180
42.424685 4.050243
42.424381 3.000180
