1 7.023172e-01 1.000000 0.457235
2 3.395333e-02 0.951655 0.442300
3 2.031830e-02 0.401582 0.460941
4 1.813698e-02 0.107358 0.455805
5 1.783528e-02 0.016634 0.448087
6 1.774614e-02 0.004998 0.456651
7 1.767240e-02 0.004155 0.459001
8 1.762735e-02 0.002549 0.450185
9 1.759283e-02 0.001959 0.453908
10 1.756085e-02 0.001818 0.455700
11 1.753692e-02 0.001362 0.473630
12 1.751300e-02 0.001364 0.479650
13 1.744587e-02 0.003833 0.491219
14 1.741617e-02 0.001702 0.486966
15 1.738515e-02 0.001781 0.493125
16 1.737036e-02 0.000851 0.486012
17 1.735222e-02 0.001045 0.481462
18 1.733669e-02 0.000895 0.458456
19 1.732699e-02 0.000560 0.454419
20 1.731842e-02 0.000494 0.455182
21 1.731062e-02 0.000450 0.447096
22 1.730449e-02 0.000354 0.450686
23 1.730628e-02 0.000103 0.450155
24 1.729934e-02 0.000401 0.451818
25 1.730037e-02 0.000060 0.450272
26 1.729819e-02 0.000126 0.449903
27 1.728563e-02 0.000726 0.446335
28 1.727825e-02 0.000427 0.450055
29 1.727766e-02 0.000034 0.458540
30 1.727531e-02 0.000136 0.495105
31 1.726924e-02 0.000351 0.476680
32 1.726768e-02 0.000090 0.482747
33 1.726536e-02 0.000134 0.524010
34 1.726305e-02 0.000134 0.501095
35 1.725990e-02 0.000182 0.490977
36 1.725845e-02 0.000084 0.496188
37 1.725617e-02 0.000132 0.482483
38 1.725284e-02 0.000193 0.476974
39 1.725057e-02 0.000131 0.464114
40 1.724825e-02 0.000135 0.482302
41 1.724610e-02 0.000124 0.466884
42 1.724403e-02 0.000121 0.461860
43 1.724092e-02 0.000180 0.472292
44 1.723937e-02 0.000090 0.469856
45 1.723728e-02 0.000121 0.472180
46 1.723504e-02 0.000130 0.456048
47 1.723326e-02 0.000103 0.464200
48 1.723152e-02 0.000101 0.466079
49 1.722981e-02 0.000100 0.484610
50 1.722843e-02 0.000080 0.495650
51 1.722788e-02 0.000032 0.493500
52 1.722676e-02 0.000065 0.489239
53 1.722585e-02 0.000053 0.499715
54 1.722499e-02 0.000050 0.481107
55 1.722416e-02 0.000048 0.501522
56 1.722331e-02 0.000049 0.477994
57 1.722254e-02 0.000045 0.478613
58 1.722127e-02 0.000074 0.522426
59 1.722038e-02 0.000052 0.484074
60 1.721959e-02 0.000046 0.485938
61 1.721874e-02 0.000049 0.466815
62 1.721803e-02 0.000041 0.466781
63 1.721736e-02 0.000039 0.458389
64 1.721672e-02 0.000037 0.468538
65 1.721580e-02 0.000053 0.468256
66 1.721512e-02 0.000039 0.460486
67 1.721453e-02 0.000034 0.460653
68 1.721377e-02 0.000044 0.473200
69 1.721303e-02 0.000043 0.485742
70 1.721244e-02 0.000034 0.501629
71 1.721212e-02 0.000019 0.466788
72 1.721158e-02 0.000031 0.479748
73 1.721116e-02 0.000024 0.497554
74 1.721078e-02 0.000023 0.505668
75 1.721054e-02 0.000014 0.495668
76 1.721012e-02 0.000024 0.493472
77 1.720990e-02 0.000013 0.470802
78 1.720959e-02 0.000018 0.463105
79 1.720926e-02 0.000019 0.460209
80 1.720886e-02 0.000024 0.456007
81 1.720822e-02 0.000037 0.456472
82 1.720789e-02 0.000019 0.456256
83 1.720757e-02 0.000018 0.455016
84 1.720727e-02 0.000017 0.459641
85 1.720696e-02 0.000018 0.461417
86 1.720650e-02 0.000027 0.459803
87 1.720607e-02 0.000025 0.458345
88 1.720565e-02 0.000024 0.467587
89 1.720527e-02 0.000022 0.488521
90 1.720494e-02 0.000019 0.482465
91 1.720451e-02 0.000025 0.514236
92 1.720417e-02 0.000019 0.491641
93 1.720397e-02 0.000012 0.479988
94 1.720380e-02 0.000010 0.496008
95 1.720347e-02 0.000019 0.502577
96 1.720324e-02 0.000014 0.488623
97 1.720301e-02 0.000013 0.499665
98 1.720280e-02 0.000013 0.460072
99 1.720259e-02 0.000012 0.455739
100 1.720240e-02 0.000011 0.456219
