1 7.023172e-01 1.000000 0.405995
2 3.395106e-02 0.951659 0.409670
3 2.032541e-02 0.401332 0.438923
4 1.817962e-02 0.105572 0.457530
5 1.784815e-02 0.018233 0.432405
6 1.777670e-02 0.004003 0.429667
7 1.765481e-02 0.006857 0.431296
8 1.763645e-02 0.001040 0.430112
9 1.760187e-02 0.001961 0.429993
10 1.757232e-02 0.001679 0.431115
11 1.755014e-02 0.001262 0.429578
12 1.752522e-02 0.001420 0.431300
13 1.750701e-02 0.001039 0.428539
14 1.749564e-02 0.000649 0.427161
15 1.748662e-02 0.000516 0.430598
16 1.748056e-02 0.000347 0.430154
17 1.747397e-02 0.000377 0.426132
18 1.746774e-02 0.000357 0.426275
19 1.746486e-02 0.000164 0.434216
20 1.746131e-02 0.000203 0.431077
21 1.745946e-02 0.000106 0.429842
22 1.745583e-02 0.000208 0.428918
23 1.745352e-02 0.000132 0.454056
24 1.742474e-02 0.001649 0.427524
25 1.739784e-02 0.001544 0.448348
26 1.738716e-02 0.000614 0.439045
27 1.737420e-02 0.000745 0.430747
28 1.735858e-02 0.000899 0.435582
29 1.734848e-02 0.000582 0.428401
30 1.733823e-02 0.000591 0.434380
31 1.733248e-02 0.000332 0.429028
32 1.732117e-02 0.000653 0.427934
33 1.731342e-02 0.000447 0.437865
34 1.730435e-02 0.000524 0.437406
35 1.729971e-02 0.000268 0.438418
36 1.729299e-02 0.000389 0.431448
37 1.728908e-02 0.000226 0.439574
38 1.728398e-02 0.000295 0.429335
39 1.727899e-02 0.000289 0.431554
40 1.727512e-02 0.000224 0.457484
41 1.727179e-02 0.000193 0.463241
42 1.727139e-02 0.000023 0.452088
43 1.726886e-02 0.000147 0.431890
44 1.726653e-02 0.000135 0.437952
45 1.726202e-02 0.000261 0.428897
46 1.725970e-02 0.000134 0.432389
47 1.725715e-02 0.000147 0.436011
48 1.725597e-02 0.000069 0.435729
49 1.725509e-02 0.000051 0.430526
50 1.725413e-02 0.000055 0.436725
51 1.725307e-02 0.000061 0.493047
52 1.725195e-02 0.000065 0.480681
53 1.725053e-02 0.000083 0.448802
54 1.724913e-02 0.000081 0.448771
55 1.724787e-02 0.000074 0.439695
56 1.724667e-02 0.000070 0.440735
57 1.724555e-02 0.000065 0.459156
58 1.724420e-02 0.000078 0.466107
59 1.724312e-02 0.000062 0.432096
60 1.724160e-02 0.000088 0.451140
61 1.724034e-02 0.000073 0.460149
62 1.723516e-02 0.000300 0.445635
63 1.721793e-02 0.001000 0.457684
64 1.720684e-02 0.000644 0.472228
65 1.720275e-02 0.000238 0.453420
66 1.719489e-02 0.000457 0.454517
67 1.718843e-02 0.000376 0.448412
68 1.716653e-02 0.001274 0.444044
69 1.715515e-02 0.000663 0.434167
70 1.714927e-02 0.000343 0.436725
71 1.713252e-02 0.000977 0.444812
72 1.711493e-02 0.001026 0.432818
73 1.710682e-02 0.000474 0.431805
74 1.709976e-02 0.000413 0.432255
75 1.709630e-02 0.000202 0.447652
76 1.709261e-02 0.000216 0.436698
77 1.709015e-02 0.000144 0.450685
78 1.708188e-02 0.000484 0.445582
79 1.707082e-02 0.000647 0.453843
80 1.706403e-02 0.000398 0.441443
81 1.705839e-02 0.000330 0.462438
82 1.705510e-02 0.000193 0.447730
83 1.705045e-02 0.000273 0.440066
84 1.704790e-02 0.000150 0.436332
85 1.704574e-02 0.000127 0.447228
86 1.704390e-02 0.000107 0.445709
87 1.704236e-02 0.000090 0.449114
88 1.704108e-02 0.000075 0.447207
89 1.703981e-02 0.000075 0.445438
90 1.703893e-02 0.000052 0.445385
91 1.703817e-02 0.000044 0.449851
92 1.703751e-02 0.000039 0.443373
93 1.703685e-02 0.000039 0.437989
94 1.703614e-02 0.000042 0.439188
95 1.703523e-02 0.000053 0.444093
96 1.703486e-02 0.000022 0.439750
97 1.703448e-02 0.000022 0.438428
98 1.703420e-02 0.000017 0.470508
99 1.703387e-02 0.000019 0.465564
100 1.703365e-02 0.000013 0.478878
