1 3.263920e-01 1.000000e+00 3.622971e+00
2 1.470112e-01 5.495868e-01 3.632004e+00
3 1.289003e-01 1.231941e-01 3.743957e+00
4 1.027278e-01 2.030444e-01 3.766900e+00
5 5.533058e-02 4.613867e-01 3.923602e+00
6 5.281512e-02 4.546252e-02 3.575624e+00
7 4.333724e-02 1.794539e-01 3.853969e+00
8 4.072037e-02 6.038372e-02 3.575019e+00
9 4.027513e-02 1.093422e-02 3.720324e+00
10 4.002416e-02 6.231284e-03 3.503086e+00
11 3.991059e-02 2.837597e-03 3.511651e+00
12 3.968943e-02 5.541276e-03 3.759717e+00
13 3.953866e-02 3.798821e-03 3.632197e+00
14 3.393194e-02 1.418035e-01 3.623357e+00
15 3.382136e-02 3.258742e-03 3.575492e+00
16 3.373072e-02 2.680047e-03 3.662840e+00
17 3.372109e-02 2.854409e-04 3.606184e+00
18 3.368139e-02 1.177305e-03 3.680074e+00
19 3.365670e-02 7.330870e-04 3.623221e+00
20 3.362480e-02 9.479976e-04 3.679942e+00
21 3.363639e-02 3.447160e-04 3.598441e+00
22 3.359892e-02 1.113914e-03 3.672557e+00
23 3.358972e-02 2.737110e-04 3.639505e+00
24 3.354324e-02 1.383842e-03 4.431789e+00
25 3.291943e-02 1.859717e-02 3.991788e+00
26 3.289477e-02 7.489581e-04 3.759257e+00
27 3.284253e-02 1.588195e-03 3.591526e+00
28 2.877499e-02 1.238497e-01 3.600486e+00
29 2.874571e-02 1.017535e-03 3.615291e+00
30 2.872994e-02 5.488429e-04 3.815828e+00
31 2.870595e-02 8.349930e-04 3.535623e+00
32 2.869507e-02 3.789497e-04 3.664136e+00
33 2.867594e-02 6.667660e-04 3.599035e+00
34 2.066791e-02 2.792596e-01 3.607979e+00
35 2.065545e-02 6.026447e-04 4.031720e+00
36 2.063390e-02 1.043253e-03 3.599967e+00
37 1.703948e-02 1.742001e-01 3.999897e+00
38 1.698379e-02 3.267729e-03 3.916572e+00
39 1.697635e-02 4.385618e-04 3.568253e+00
40 1.697405e-02 1.354637e-04 3.558581e+00
41 1.695316e-02 1.230374e-03 3.656087e+00
42 1.460172e-02 1.387024e-01 3.846925e+00
43 1.459920e-02 1.726339e-04 3.662760e+00
44 1.456163e-02 2.573000e-03 3.855415e+00
45 1.456121e-02 2.879452e-05 3.783239e+00
46 1.455646e-02 3.262633e-04 3.623552e+00
47 1.270856e-02 1.269471e-01 3.976390e+00
48 1.261871e-02 7.070086e-03 4.022682e+00
49 9.805609e-03 2.229311e-01 3.839068e+00
50 9.359180e-03 4.552789e-02 3.759705e+00
51 9.342729e-03 1.757731e-03 3.743773e+00
52 9.263511e-03 8.479114e-03 4.063694e+00
53 9.264818e-03 1.410734e-04 3.543738e+00
54 7.560911e-03 1.839116e-01 4.078987e+00
55 7.560649e-03 3.465355e-05 3.639903e+00
56 1.190790e-03 8.425016e-01 3.584100e+00
57 1.194734e-03 3.312000e-03 3.591979e+00
58 1.165174e-03 2.474221e-02 3.775044e+00
59 1.156508e-03 7.437286e-03 3.863568e+00
60 1.102422e-03 4.676670e-02 3.870743e+00
61 9.930736e-04 9.918904e-02 3.614132e+00
62 7.660607e-04 2.285963e-01 3.671860e+00
63 7.317234e-04 4.482315e-02 3.655765e+00
64 7.263363e-04 7.362299e-03 3.744304e+00
65 7.215001e-04 6.658240e-03 3.671139e+00
66 6.849544e-04 5.065246e-02 3.567630e+00
67 6.843363e-04 9.023373e-04 3.567919e+00
68 6.762790e-04 1.177396e-02 3.647745e+00
69 6.371517e-04 5.785673e-02 3.776067e+00
70 6.388502e-04 2.665807e-03 3.679525e+00
71 5.808212e-04 9.083355e-02 3.967282e+00
72 5.748976e-04 1.019860e-02 3.568545e+00
73 5.733700e-04 2.657111e-03 3.573007e+00
74 4.701683e-04 1.799915e-01 3.559897e+00
75 4.284005e-04 8.883589e-02 3.799557e+00
76 2.813297e-04 3.433022e-01 3.734853e+00
77 2.396449e-04 1.481705e-01 3.694530e+00
78 2.159259e-04 9.897584e-02 3.614598e+00
79 2.185654e-04 1.222428e-02 3.551078e+00
80 1.907178e-04 1.274110e-01 3.680639e+00
81 1.562873e-04 1.805309e-01 4.324712e+00
82 1.507991e-04 3.511582e-02 3.943862e+00
83 1.212829e-04 1.957320e-01 3.544328e+00
84 1.127541e-04 7.032142e-02 3.495742e+00
85 1.113565e-04 1.239555e-02 3.679143e+00
86 1.111812e-04 1.573983e-03 3.368148e+00
87 9.794911e-05 1.190139e-01 3.551765e+00
88 8.124708e-05 1.705174e-01 3.455161e+00
89 8.224178e-05 1.224279e-02 3.511790e+00
90 7.685282e-05 6.552580e-02 3.743867e+00
91 7.422554e-05 3.418582e-02 3.712011e+00
92 7.043226e-05 5.110477e-02 3.991894e+00
93 7.794331e-05 1.066422e-01 3.774713e+00
94 6.370278e-05 1.827037e-01 3.639646e+00
95 5.643593e-05 1.140742e-01 3.415859e+00
96 4.856579e-05 1.394527e-01 3.551256e+00
97 4.995962e-05 2.869995e-02 3.575935e+00
98 4.503792e-05 9.851372e-02 3.655074e+00
99 4.544628e-05 9.067067e-03 3.599103e+00
100 4.008091e-05 1.180596e-01 3.591744e+00
101 4.661151e-05 1.629355e-01 3.655546e+00
102 4.825053e-05 3.516350e-02 3.799845e+00
103 3.922408e-05 1.870746e-01 3.648127e+00
104 4.305474e-05 9.766085e-02 3.639336e+00
105 4.558883e-05 5.885736e-02 3.662494e+00
106 3.197760e-05 2.985650e-01 4.015471e+00
107 4.234418e-05 3.241827e-01 3.943300e+00
108 2.922323e-05 3.098644e-01 3.695049e+00
109 2.374843e-05 1.873441e-01 3.783801e+00
110 2.255907e-05 5.008171e-02 3.647213e+00
111 2.136641e-05 5.286835e-02 3.542188e+00
112 2.656105e-05 2.431221e-01 3.735857e+00
113 2.482843e-05 6.523171e-02 3.575314e+00
114 1.828614e-05 2.634999e-01 3.711188e+00
115 1.644088e-05 1.009102e-01 3.727155e+00
116 1.520392e-05 7.523687e-02 3.535405e+00
117 1.327564e-05 1.268276e-01 4.128076e+00
118 1.183168e-05 1.087678e-01 3.799490e+00
119 1.270146e-05 7.351267e-02 3.993982e+00
120 9.659631e-06 2.394866e-01 3.558098e+00
121 1.422432e-05 4.725531e-01 3.623345e+00
122 1.341752e-05 5.671970e-02 3.687858e+00
123 1.157333e-05 1.374466e-01 3.727435e+00
124 9.052582e-06 2.178066e-01 3.583591e+00
125 1.231073e-05 3.599135e-01 3.543850e+00
126 8.291608e-06 3.264730e-01 3.567929e+00
127 7.481036e-06 9.775818e-02 3.463367e+00
128 7.215060e-06 3.555328e-02 3.504374e+00
129 6.972219e-06 3.365755e-02 3.654732e+00
130 6.308881e-06 9.514018e-02 3.616202e+00
131 7.417117e-06 1.756629e-01 3.648130e+00
132 6.379281e-06 1.399245e-01 3.662951e+00
133 5.634956e-06 1.166785e-01 3.528073e+00
134 4.329341e-06 2.316992e-01 3.647392e+00
135 4.629731e-06 6.938462e-02 3.663197e+00
136 3.864811e-06 1.652190e-01 3.760035e+00
137 5.034522e-06 3.026568e-01 3.600240e+00
138 4.926877e-06 2.138138e-02 3.599740e+00
139 5.549903e-06 1.264544e-01 3.751471e+00
140 4.631888e-06 1.654109e-01 3.878079e+00
141 4.041288e-06 1.275074e-01 3.933449e+00
142 4.174425e-06 3.294406e-02 3.622507e+00
143 4.783420e-06 1.458873e-01 3.823960e+00
144 4.236842e-06 1.142652e-01 3.622057e+00
145 4.203108e-06 7.961964e-03 3.719942e+00
146 3.219877e-06 2.339295e-01 3.749897e+00
147 3.817600e-06 1.856354e-01 3.744050e+00
148 3.861336e-06 1.145639e-02 3.711250e+00
149 3.992396e-06 3.394159e-02 3.584311e+00
150 3.300230e-06 1.733712e-01 3.615852e+00
151 2.685167e-06 1.863697e-01 3.335511e+00
152 2.993055e-06 1.146627e-01 3.583704e+00
153 2.799613e-06 6.463014e-02 3.751961e+00
154 2.628006e-06 6.129678e-02 3.671641e+00
155 2.828999e-06 7.648096e-02 3.663332e+00
156 3.044160e-06 7.605552e-02 3.640173e+00
157 2.587401e-06 1.500443e-01 3.767226e+00
158 1.990671e-06 2.306292e-01 3.879372e+00
159 2.184584e-06 9.741085e-02 3.679701e+00
160 2.547027e-06 1.659095e-01 3.792303e+00
161 2.139904e-06 1.598422e-01 3.807452e+00
162 2.081281e-06 2.739518e-02 3.816539e+00
163 1.853513e-06 1.094366e-01 3.710629e+00
164 2.079842e-06 1.221084e-01 3.688407e+00
165 1.886226e-06 9.309209e-02 3.648591e+00
166 2.064652e-06 9.459422e-02 3.759669e+00
167 1.350267e-06 3.460074e-01 3.647104e+00
168 2.001245e-06 4.821106e-01 3.694785e+00
169 1.719686e-06 1.406918e-01 3.679111e+00
170 1.472524e-06 1.437255e-01 3.648130e+00
171 1.324879e-06 1.002664e-01 3.727422e+00
172 1.444353e-06 9.017763e-02 3.830547e+00
173 1.290191e-06 1.067343e-01 3.919786e+00
174 1.354618e-06 4.993618e-02 3.735737e+00
175 1.132649e-06 1.638610e-01 3.735753e+00
176 9.267705e-07 1.817675e-01 3.582984e+00
177 1.175497e-06 2.683795e-01 3.678365e+00
178 1.564514e-06 3.309389e-01 3.639483e+00
179 1.782614e-06 1.394040e-01 3.632167e+00
180 1.263390e-06 2.912711e-01 3.735650e+00
181 9.728813e-07 2.299438e-01 3.511178e+00
182 1.215204e-06 2.490776e-01 3.648494e+00
183 7.540801e-07 3.794622e-01 4.189957e+00
184 9.755264e-07 2.936642e-01 4.270961e+00
185 8.857129e-07 9.206676e-02 3.592448e+00
186 1.009040e-06 1.392406e-01 3.655591e+00
187 8.020896e-07 2.050964e-01 3.687465e+00
188 9.769193e-07 2.179679e-01 3.671722e+00
189 8.941780e-07 8.469612e-02 3.679267e+00
190 1.182837e-06 3.228210e-01 3.640513e+00
191 6.684521e-07 4.348741e-01 3.717285e+00
192 9.535884e-07 4.265621e-01 3.687473e+00
193 9.407568e-07 1.345614e-02 3.648000e+00
194 6.682589e-07 2.896582e-01 4.239070e+00
195 6.213866e-07 7.014096e-02 4.170910e+00
196 1.122926e-06 8.071294e-01 3.720248e+00
197 7.762442e-07 3.087307e-01 3.670990e+00
198 5.493614e-07 2.922827e-01 3.726551e+00
199 7.343301e-07 3.366976e-01 3.662773e+00
200 6.981077e-07 4.932717e-02 3.831384e+00
201 6.658044e-07 4.627269e-02 3.679224e+00
202 9.139290e-07 3.726690e-01 3.664064e+00
203 5.907331e-07 3.536335e-01 3.671234e+00
204 5.740307e-07 2.827396e-02 3.751376e+00
205 7.153938e-07 2.462641e-01 3.920074e+00
206 8.368873e-07 1.698274e-01 3.943452e+00
207 8.328086e-07 4.873600e-03 3.735502e+00
208 5.853898e-07 2.970896e-01 3.717821e+00
209 7.296432e-07 2.464228e-01 3.760205e+00
210 5.299365e-07 2.737046e-01 3.766951e+00
211 4.724216e-07 1.085318e-01 3.695951e+00
212 3.749474e-07 2.063287e-01 3.688032e+00
213 5.600679e-07 4.937238e-01 3.719458e+00
214 4.546881e-07 1.881554e-01 3.631930e+00
215 3.343188e-07 2.647293e-01 3.599469e+00
216 3.143815e-07 5.963568e-02 3.751194e+00
217 3.392539e-07 7.911540e-02 3.847611e+00
218 4.441429e-07 3.091755e-01 3.735226e+00
219 4.700226e-07 5.826880e-02 3.655725e+00
220 3.741635e-07 2.039457e-01 3.703611e+00
221 4.349234e-07 1.623885e-01 3.663963e+00
222 3.495565e-07 1.962801e-01 3.623993e+00
223 4.163582e-07 1.911039e-01 3.734171e+00
224 3.388593e-07 1.861352e-01 3.687621e+00
225 3.844029e-07 1.344028e-01 3.655193e+00
226 3.275872e-07 1.478025e-01 3.704365e+00
227 3.207932e-07 2.073944e-02 3.623875e+00
228 2.910684e-07 9.266029e-02 3.672466e+00
229 3.455263e-07 1.870965e-01 3.663038e+00
230 2.729832e-07 2.099498e-01 3.632042e+00
231 2.971709e-07 8.860532e-02 4.050249e+00
232 4.671295e-07 5.719221e-01 3.895581e+00
233 3.018736e-07 3.537690e-01 4.079348e+00
234 3.456415e-07 1.449876e-01 3.575407e+00
235 2.732916e-07 2.093208e-01 3.679629e+00
236 2.897243e-07 6.012886e-02 3.613094e+00
237 3.208871e-07 1.075603e-01 3.576119e+00
238 2.510213e-07 2.177270e-01 3.557544e+00
239 2.619707e-07 4.361933e-02 3.608507e+00
240 2.279658e-07 1.298040e-01 3.783318e+00
241 2.450982e-07 7.515322e-02 3.614645e+00
242 2.357672e-07 3.807048e-02 3.645710e+00
243 2.329023e-07 1.215151e-02 3.671211e+00
244 3.608335e-07 5.492914e-01 3.807869e+00
245 2.294928e-07 3.639926e-01 3.623237e+00
246 2.172783e-07 5.322373e-02 3.607707e+00
247 2.069845e-07 4.737606e-02 3.815804e+00
248 1.909143e-07 7.763969e-02 3.623344e+00
249 2.133777e-07 1.176620e-01 3.608169e+00
250 2.439435e-07 1.432477e-01 3.663238e+00
251 2.125459e-07 1.287083e-01 3.575610e+00
252 1.946180e-07 8.434844e-02 3.656340e+00
253 2.004170e-07 2.979687e-02 3.671679e+00
254 3.022341e-07 5.080260e-01 3.877167e+00
255 1.834895e-07 3.928894e-01 3.926251e+00
256 1.908325e-07 4.001847e-02 3.728269e+00
257 1.632994e-07 1.442787e-01 3.607868e+00
258 1.518725e-07 6.997528e-02 3.727659e+00
259 1.483404e-07 2.325699e-02 3.872100e+00
260 2.497146e-07 6.833891e-01 3.758864e+00
261 1.859008e-07 2.555468e-01 3.783662e+00
262 2.928922e-07 5.755289e-01 3.687616e+00
263 1.695261e-07 4.211997e-01 3.735068e+00
264 2.320038e-07 3.685436e-01 3.846605e+00
265 2.138089e-07 7.842503e-02 4.751879e+00
266 1.993536e-07 6.760853e-02 3.887333e+00
267 1.411191e-07 2.921166e-01 3.623013e+00
268 1.271732e-07 9.882385e-02 4.184064e+00
269 1.315139e-07 3.413208e-02 3.686140e+00
270 1.341464e-07 2.001718e-02 3.647834e+00
271 1.554162e-07 1.585567e-01 3.631396e+00
272 1.650207e-07 6.179877e-02 3.607535e+00
273 1.432865e-07 1.317060e-01 3.695520e+00
274 1.233786e-07 1.389379e-01 3.751651e+00
275 1.482952e-07 2.019527e-01 3.686276e+00
276 1.559432e-07 5.157302e-02 3.783778e+00
277 1.743314e-07 1.179159e-01 3.678719e+00
278 1.049469e-07 3.980033e-01 3.767359e+00
279 1.271664e-07 2.117210e-01 3.709737e+00
280 1.101142e-07 1.340935e-01 3.695724e+00
281 8.363502e-08 2.404703e-01 3.743389e+00
282 9.542254e-08 1.409400e-01 3.743892e+00
283 8.241286e-08 1.363376e-01 3.735910e+00
284 7.903360e-08 4.100400e-02 3.806878e+00
285 7.195685e-08 8.954110e-02 3.751508e+00
286 1.429436e-07 9.865179e-01 3.670931e+00
287 1.276775e-07 1.067980e-01 3.816254e+00
288 9.211449e-08 2.785376e-01 3.639731e+00
289 9.200626e-08 1.174905e-03 3.823542e+00
290 7.304427e-08 2.060946e-01 4.064389e+00
291 8.108714e-08 1.101096e-01 3.996105e+00
292 6.689613e-08 1.750094e-01 3.552148e+00
293 7.234934e-08 8.151755e-02 3.775322e+00
294 5.420586e-08 2.507760e-01 3.543866e+00
295 6.823958e-08 2.588966e-01 3.687416e+00
296 5.953817e-08 1.275127e-01 3.695535e+00
297 6.379688e-08 7.152910e-02 3.735596e+00
298 5.670500e-08 1.111633e-01 3.614893e+00
299 5.753393e-08 1.461821e-02 3.615622e+00
300 8.821102e-08 5.332000e-01 3.960145e+00
301 6.310826e-08 2.845763e-01 3.916989e+00
302 6.345621e-08 5.513626e-03 3.487363e+00
303 4.766731e-08 2.488158e-01 3.607997e+00
304 7.310004e-08 5.335466e-01 3.703272e+00
305 4.816526e-08 3.411048e-01 3.607559e+00
306 7.303120e-08 5.162629e-01 3.711537e+00
307 4.909384e-08 3.277690e-01 3.655382e+00
308 5.987453e-08 2.195936e-01 3.704536e+00
309 5.212872e-08 1.293674e-01 3.710642e+00
310 4.534467e-08 1.301404e-01 3.592068e+00
311 4.472819e-08 1.359542e-02 3.956839e+00
312 3.865801e-08 1.357126e-01 4.615007e+00
313 4.583548e-08 1.856658e-01 3.598540e+00
314 4.642069e-08 1.276777e-02 3.758669e+00
315 4.662300e-08 4.358065e-03 3.685894e+00
316 4.493572e-08 3.618991e-02 3.672080e+00
317 4.683905e-08 4.235689e-02 3.647289e+00
318 3.856339e-08 1.766829e-01 3.631632e+00
319 3.468817e-08 1.004897e-01 3.582078e+00
320 6.587228e-08 8.989840e-01 3.630375e+00
321 4.365731e-08 3.372430e-01 3.599464e+00
322 3.543162e-08 1.884151e-01 3.736266e+00
323 3.414924e-08 3.619308e-02 3.903731e+00
324 2.813316e-08 1.761703e-01 3.909213e+00
325 2.882521e-08 2.459933e-02 3.791548e+00
326 5.394117e-08 8.713188e-01 3.679800e+00
327 5.042372e-08 6.520896e-02 3.888280e+00
328 3.946695e-08 2.172940e-01 3.687474e+00
329 4.181987e-08 5.961761e-02 3.639906e+00
330 3.313506e-08 2.076718e-01 3.622999e+00
331 3.997777e-08 2.065095e-01 3.679823e+00
332 2.851360e-08 2.867637e-01 3.719704e+00
333 2.443634e-08 1.429935e-01 3.757600e+00
334 2.573528e-08 5.315630e-02 3.638791e+00
335 3.508952e-08 3.634789e-01 3.597375e+00
336 2.587412e-08 2.626252e-01 3.647641e+00
337 2.370697e-08 8.375759e-02 3.656120e+00
338 2.202672e-08 7.087581e-02 3.695100e+00
339 3.076005e-08 3.964879e-01 3.727429e+00
340 2.283745e-08 2.575611e-01 3.864202e+00
341 2.222021e-08 2.702781e-02 3.695207e+00
342 2.087819e-08 6.039632e-02 3.702979e+00
343 2.208407e-08 5.775769e-02 3.567080e+00
344 1.766228e-08 2.002249e-01 3.739210e+00
345 2.402094e-08 3.600133e-01 3.591677e+00
346 3.338469e-08 3.898161e-01 3.608294e+00
347 2.750198e-08 1.762098e-01 3.751749e+00
348 1.795444e-08 3.471583e-01 3.303068e+00
349 2.627512e-08 4.634328e-01 3.623991e+00
350 2.254375e-08 1.420113e-01 3.567027e+00
351 2.498290e-08 1.081960e-01 3.599239e+00
352 1.910379e-08 2.353251e-01 3.728028e+00
353 2.073908e-08 8.560015e-02 3.956881e+00
354 2.399619e-08 1.570518e-01 3.622845e+00
355 1.755133e-08 2.685786e-01 3.653726e+00
356 1.680546e-08 4.249640e-02 3.615931e+00
357 1.674762e-08 3.441696e-03 3.622981e+00
358 1.377420e-08 1.775431e-01 3.575207e+00
359 1.392769e-08 1.114365e-02 3.623418e+00
360 1.273875e-08 8.536556e-02 3.756491e+00
361 1.398899e-08 9.814534e-02 3.655357e+00
362 1.494938e-08 6.865264e-02 4.064114e+00
363 1.472131e-08 1.525600e-02 3.615725e+00
364 1.298520e-08 1.179319e-01 3.943898e+00
365 1.406977e-08 8.352421e-02 3.830690e+00
366 1.158712e-08 1.764531e-01 3.787919e+00
367 1.298605e-08 1.207313e-01 3.574625e+00
368 1.067422e-08 1.780239e-01 3.631376e+00
369 1.177588e-08 1.032076e-01 3.712165e+00
370 9.624558e-09 1.826890e-01 3.575602e+00
371 1.008718e-08 4.806651e-02 3.669995e+00
372 9.375236e-09 7.057878e-02 3.702910e+00
373 1.019413e-08 8.734650e-02 3.704405e+00
374 9.704570e-09 4.802373e-02 3.558742e+00
375 9.946629e-09 2.494273e-02 3.600054e+00
376 9.284838e-09 6.653421e-02 3.598142e+00
377 9.521613e-09 2.550127e-02 3.647879e+00
378 1.361542e-08 4.299486e-01 3.591160e+00
379 9.516717e-09 3.010338e-01 3.599183e+00
380 1.017014e-08 6.866048e-02 3.694810e+00
381 8.141370e-09 1.994829e-01 3.558106e+00
382 9.774367e-09 2.005802e-01 3.759065e+00
383 8.780998e-09 1.016300e-01 3.704076e+00
384 8.669718e-09 1.267282e-02 3.671806e+00
385 8.744507e-09 8.626406e-03 3.687786e+00
386 1.425325e-08 6.299666e-01 3.647512e+00
387 9.589712e-09 3.271914e-01 3.687584e+00
388 8.736561e-09 8.896522e-02 3.831651e+00
389 8.823335e-09 9.932287e-03 3.814716e+00
390 7.751640e-09 1.214614e-01 3.695908e+00
391 8.019101e-09 3.450373e-02 3.575799e+00
392 8.672345e-09 8.146099e-02 3.575882e+00
393 8.065921e-09 6.992621e-02 3.607486e+00
394 1.155412e-08 4.324615e-01 3.584186e+00
395 9.065979e-09 2.153467e-01 3.679222e+00
396 7.416353e-09 1.819578e-01 3.582445e+00
397 7.728700e-09 4.211591e-02 3.608532e+00
398 7.564223e-09 2.128124e-02 3.559768e+00
399 6.601914e-09 1.272186e-01 3.878953e+00
400 8.944191e-09 3.547876e-01 3.949705e+00
401 6.208544e-09 3.058574e-01 3.711810e+00
402 9.780126e-09 5.752688e-01 3.645317e+00
403 5.974457e-09 3.891227e-01 3.680396e+00
404 7.944487e-09 3.297421e-01 3.671565e+00
405 7.603198e-09 4.295924e-02 3.607401e+00
406 5.931522e-09 2.198648e-01 3.631315e+00
407 5.779550e-09 2.562106e-02 3.679455e+00
408 8.112641e-09 4.036803e-01 3.622908e+00
409 7.455794e-09 8.096583e-02 3.655050e+00
410 5.853318e-09 2.149303e-01 3.878611e+00
411 6.669800e-09 1.394906e-01 3.985640e+00
412 5.190075e-09 2.218545e-01 3.688327e+00
413 6.389616e-09 2.311221e-01 3.684044e+00
414 7.161655e-09 1.208271e-01 3.847781e+00
415 6.115798e-09 1.460357e-01 3.606714e+00
416 4.946494e-09 1.911940e-01 3.607646e+00
417 5.692840e-09 1.508839e-01 3.599784e+00
418 5.417471e-09 4.837108e-02 3.695345e+00
419 5.007363e-09 7.570108e-02 3.679162e+00
420 4.385537e-09 1.241822e-01 3.696473e+00
421 4.023994e-09 8.243982e-02 3.903060e+00
422 4.706444e-09 1.695950e-01 4.111620e+00
423 3.657755e-09 2.228197e-01 3.799558e+00
424 4.478373e-09 2.243500e-01 3.608658e+00
425 3.669741e-09 1.805637e-01 3.711434e+00
426 4.642968e-09 2.652031e-01 3.647676e+00
427 3.866087e-09 1.673244e-01 3.687461e+00
428 4.218956e-09 9.127291e-02 3.760024e+00
429 3.871806e-09 8.228329e-02 3.695394e+00
430 4.051283e-09 4.635479e-02 3.631438e+00
431 3.310756e-09 1.827883e-01 3.679519e+00
432 3.562386e-09 7.600395e-02 3.975724e+00
433 3.365349e-09 5.531038e-02 3.895051e+00
434 3.467939e-09 3.048419e-02 3.775226e+00
435 2.973830e-09 1.424793e-01 3.751543e+00
436 3.467207e-09 1.659065e-01 3.733202e+00
437 2.834446e-09 1.824988e-01 3.728634e+00
438 3.284857e-09 1.589060e-01 3.726895e+00
439 4.544118e-09 3.833533e-01 3.752232e+00
440 3.424799e-09 2.463225e-01 3.806627e+00
441 2.842512e-09 1.700207e-01 3.648492e+00
442 2.841248e-09 4.447122e-04 3.702828e+00
443 2.336448e-09 1.776686e-01 4.047073e+00
444 2.482305e-09 6.242677e-02 4.007159e+00
445 2.427844e-09 2.193969e-02 3.728573e+00
446 2.594075e-09 6.846877e-02 3.799478e+00
447 2.412351e-09 7.005364e-02 3.751086e+00
448 2.366070e-09 1.918478e-02 3.743447e+00
449 3.711456e-09 5.686161e-01 3.768039e+00
450 2.429883e-09 3.453019e-01 3.831712e+00
451 2.531026e-09 4.162468e-02 3.742424e+00
452 2.028738e-09 1.984524e-01 3.847271e+00
453 2.652459e-09 3.074427e-01 3.711654e+00
454 1.933838e-09 2.709264e-01 3.855729e+00
455 1.798921e-09 6.976616e-02 3.832086e+00
456 1.977462e-09 9.924885e-02 3.655026e+00
457 2.598005e-09 3.138081e-01 3.703548e+00
458 2.504224e-09 3.609734e-02 4.167506e+00
459 2.059929e-09 1.774182e-01 3.744104e+00
460 2.188309e-09 6.232224e-02 3.759400e+00
461 1.885678e-09 1.382942e-01 3.735510e+00
462 2.243948e-09 1.899949e-01 3.662841e+00
463 2.023451e-09 9.826306e-02 3.725806e+00
464 2.194004e-09 8.428859e-02 3.751640e+00
465 2.045975e-09 6.747010e-02 3.767953e+00
466 2.055482e-09 4.646770e-03 3.862390e+00
467 1.635301e-09 2.044194e-01 4.190885e+00
468 1.894267e-09 1.583594e-01 3.967697e+00
469 1.958833e-09 3.408497e-02 3.759544e+00
470 1.896922e-09 3.160575e-02 3.735767e+00
471 1.512874e-09 2.024584e-01 3.752118e+00
472 1.755452e-09 1.603423e-01 3.647892e+00
473 1.345722e-09 2.334044e-01 3.655551e+00
474 1.562186e-09 1.608533e-01 3.663069e+00
475 1.174291e-09 2.483027e-01 3.703811e+00
476 1.440892e-09 2.270319e-01 3.783972e+00
477 1.262151e-09 1.240488e-01 3.916808e+00
478 1.414575e-09 1.207652e-01 3.872134e+00
479 1.152607e-09 1.851919e-01 3.916756e+00
480 1.249447e-09 8.401819e-02 3.815685e+00
481 1.041423e-09 1.664934e-01 3.735265e+00
482 1.123445e-09 7.876037e-02 3.736137e+00
483 9.706466e-10 1.360092e-01 3.773652e+00
484 1.176686e-09 2.122700e-01 3.704093e+00
485 1.011519e-09 1.403665e-01 3.671068e+00
486 1.181695e-09 1.682388e-01 3.727732e+00
487 9.449138e-10 2.003743e-01 3.767521e+00
488 1.128934e-09 1.947476e-01 3.912231e+00
489 8.781820e-10 2.221136e-01 3.903060e+00
490 9.802271e-10 1.162005e-01 3.924898e+00
491 8.368571e-10 1.462620e-01 3.863006e+00
492 1.026946e-09 2.271466e-01 3.567822e+00
493 8.811165e-10 1.420034e-01 3.631654e+00
494 8.477853e-10 3.782840e-02 3.576632e+00
495 1.231927e-09 4.531116e-01 3.870248e+00
496 1.257359e-09 2.064408e-02 3.719609e+00
497 1.325138e-09 5.390631e-02 3.663398e+00
498 1.173592e-09 1.143627e-01 3.775872e+00
499 1.096721e-09 6.550039e-02 3.767751e+00
500 1.002809e-09 8.563018e-02 3.760417e+00
501 9.071873e-10 9.535358e-02 3.767736e+00
502 7.404340e-10 1.838135e-01 3.806821e+00
503 8.402132e-10 1.347577e-01 3.703300e+00
504 8.104540e-10 3.541862e-02 3.728090e+00
505 8.268637e-10 2.024748e-02 3.759569e+00
506 8.972247e-10 8.509389e-02 3.711113e+00
507 8.687485e-10 3.173811e-02 3.711926e+00
508 6.375583e-10 2.661186e-01 3.791017e+00
509 7.169716e-10 1.245584e-01 3.663719e+00
510 7.376654e-10 2.886276e-02 3.687516e+00
511 7.356726e-10 2.701414e-03 3.672619e+00
512 6.961235e-10 5.375916e-02 3.743656e+00
513 6.744943e-10 3.107084e-02 3.655778e+00
514 4.793581e-10 2.893075e-01 3.774189e+00
515 6.110402e-10 2.747051e-01 3.728540e+00
516 7.977035e-10 3.054844e-01 3.687610e+00
517 5.535146e-10 3.061149e-01 3.623969e+00
518 6.516481e-10 1.772916e-01 3.775119e+00
519 4.743042e-10 2.721468e-01 3.614988e+00
520 5.817480e-10 2.265294e-01 4.267435e+00
521 4.044288e-10 3.048041e-01 4.473994e+00
522 5.852377e-10 4.470723e-01 3.639436e+00
523 4.609079e-10 2.124434e-01 3.830899e+00
524 5.620437e-10 2.194275e-01 3.760127e+00
525 4.123130e-10 2.664041e-01 3.791346e+00
526 4.843812e-10 1.747901e-01 3.720587e+00
527 3.772530e-10 2.211651e-01 3.703657e+00
528 5.031157e-10 3.336293e-01 3.741140e+00
529 3.705068e-10 2.635752e-01 3.711457e+00
530 4.694055e-10 2.669280e-01 3.807746e+00
531 3.743689e-10 2.024617e-01 3.855576e+00
532 4.294123e-10 1.470299e-01 3.950857e+00
533 3.317481e-10 2.274369e-01 3.727516e+00
534 4.304583e-10 2.975458e-01 3.791431e+00
535 3.583768e-10 1.674531e-01 3.807719e+00
536 4.303699e-10 2.008866e-01 3.719740e+00
537 3.482065e-10 1.909134e-01 3.623719e+00
538 4.052952e-10 1.639509e-01 3.736272e+00
539 3.129519e-10 2.278422e-01 3.743371e+00
540 3.908855e-10 2.490276e-01 3.704332e+00
541 3.007800e-10 2.305166e-01 3.750955e+00
542 3.586431e-10 1.923770e-01 4.184115e+00
543 2.894158e-10 1.930256e-01 4.310120e+00
544 2.787549e-10 3.683598e-02 3.518743e+00
545 4.625459e-10 6.593282e-01 3.573774e+00
546 3.638323e-10 2.134136e-01 3.575590e+00
547 2.816449e-10 2.258935e-01 3.679715e+00
548 3.409686e-10 2.106328e-01 3.639799e+00
549 2.787094e-10 1.825951e-01 3.575934e+00
550 2.933342e-10 5.247350e-02 3.591009e+00
551 2.490876e-10 1.508402e-01 3.583865e+00
552 2.747034e-10 1.028382e-01 3.735987e+00
553 2.533097e-10 7.787915e-02 3.943888e+00
554 2.546720e-10 5.377779e-03 3.990712e+00
555 2.264509e-10 1.108135e-01 3.728030e+00
556 2.606944e-10 1.512182e-01 3.671638e+00
557 2.164813e-10 1.695974e-01 3.631564e+00
558 2.283634e-10 5.488771e-02 3.607495e+00
559 2.149827e-10 5.859406e-02 3.608114e+00
560 2.301049e-10 7.034165e-02 3.727859e+00
561 2.027617e-10 1.188294e-01 3.647862e+00
562 2.347322e-10 1.576754e-01 3.599286e+00
563 2.247075e-10 4.270721e-02 3.655802e+00
564 2.012998e-10 1.041697e-01 3.815562e+00
565 2.604794e-10 2.939877e-01 3.888122e+00
566 2.148309e-10 1.752480e-01 3.847085e+00
567 2.369435e-10 1.029299e-01 3.631852e+00
568 2.485635e-10 4.904140e-02 3.799310e+00
569 3.071661e-10 2.357650e-01 3.808069e+00
570 2.689193e-10 1.245149e-01 3.639220e+00
571 2.444432e-10 9.101647e-02 3.623989e+00
572 2.370598e-10 3.020508e-02 3.864075e+00
573 2.560125e-10 7.994914e-02 3.759522e+00
574 2.394845e-10 6.455934e-02 3.583972e+00
575 1.776300e-10 2.582819e-01 3.582399e+00
576 2.257455e-10 2.708749e-01 3.727262e+00
577 2.586074e-10 1.455702e-01 3.776172e+00
578 1.709886e-10 3.388102e-01 3.783395e+00
579 2.098588e-10 2.273266e-01 3.759682e+00
580 1.679979e-10 1.994715e-01 3.615243e+00
581 1.948007e-10 1.595423e-01 3.511596e+00
582 1.671784e-10 1.417980e-01 3.680073e+00
583 1.808549e-10 8.180785e-02 3.678645e+00
584 1.529853e-10 1.540992e-01 3.654777e+00
585 1.858405e-10 2.147603e-01 3.687993e+00
586 1.497127e-10 1.944021e-01 3.703629e+00
587 1.547872e-10 3.389490e-02 3.551044e+00
588 1.318783e-10 1.480025e-01 3.543046e+00
589 1.449588e-10 9.918643e-02 3.630913e+00
590 1.244314e-10 1.416090e-01 3.686415e+00
591 1.087332e-10 1.261588e-01 3.654570e+00
592 1.724527e-10 5.860165e-01 3.955600e+00
593 1.320846e-10 2.340824e-01 4.070047e+00
594 1.126630e-10 1.470389e-01 3.679946e+00
595 1.123401e-10 2.865651e-03 3.719300e+00
596 9.787271e-11 1.287824e-01 3.672078e+00
