1 9.822866e-01 1.000000e+00 1.948623e+00
2 9.783657e-01 3.991563e-03 1.899134e+00
3 9.774741e-01 9.113131e-04 1.943426e+00
4 9.768280e-01 6.610755e-04 1.896579e+00
5 9.766971e-01 1.339620e-04 2.105155e+00
6 9.764141e-01 2.897818e-04 2.147281e+00
7 9.763587e-01 5.666433e-05 1.927851e+00
8 9.762800e-01 8.069246e-05 2.006758e+00
9 9.761330e-01 1.505018e-04 1.972798e+00
10 9.540884e-01 2.258364e-02 1.983361e+00
11 9.541694e-01 8.494968e-05 1.955323e+00
12 9.540354e-01 1.404702e-04 1.949681e+00
13 9.540161e-01 2.020712e-05 1.842363e+00
14 9.483683e-01 5.920022e-03 1.872873e+00
15 8.237335e-01 1.314203e-01 2.001290e+00
16 8.237215e-01 1.459935e-05 1.802506e+00
17 6.600181e-01 1.987363e-01 1.883709e+00
18 6.531254e-01 1.044326e-02 1.895040e+00
19 6.498327e-01 5.041517e-03 1.835174e+00
20 6.295942e-01 3.114419e-02 1.827971e+00
21 2.162853e-01 6.564687e-01 1.784960e+00
22 2.160041e-01 1.300158e-03 1.834933e+00
23 2.157676e-01 1.094653e-03 1.846517e+00
24 2.157259e-01 1.933733e-04 1.794096e+00
25 1.095561e-01 4.921513e-01 1.819158e+00
26 9.213451e-02 1.590199e-01 1.809077e+00
27 9.217085e-02 3.943862e-04 1.813430e+00
28 9.213627e-02 3.752403e-04 1.743888e+00
29 9.212622e-02 1.090605e-04 1.815633e+00
30 9.211180e-02 1.564816e-04 1.893634e+00
31 9.212704e-02 1.654857e-04 1.862389e+00
32 9.206575e-02 6.653406e-04 1.813738e+00
33 9.211087e-02 4.900719e-04 1.849608e+00
34 9.206691e-02 4.772590e-04 1.819419e+00
35 9.209354e-02 2.892417e-04 1.843789e+00
36 9.204251e-02 5.541116e-04 1.908546e+00
37 9.201712e-02 2.757998e-04 2.010662e+00
38 9.204369e-02 2.886964e-04 1.850261e+00
39 9.200639e-02 4.051392e-04 1.829491e+00
40 9.199597e-02 1.132991e-04 1.839429e+00
41 9.202026e-02 2.640363e-04 1.836869e+00
42 9.202993e-02 1.050404e-04 1.859947e+00
43 9.199943e-02 3.314109e-04 1.764718e+00
44 9.200303e-02 3.915451e-05 1.792542e+00
45 9.198236e-02 2.246230e-04 1.835472e+00
46 9.197635e-02 6.539747e-05 1.773830e+00
47 9.198734e-02 1.195028e-04 1.673944e+00
48 9.197287e-02 1.573182e-04 1.719373e+00
49 9.197826e-02 5.867130e-05 1.909720e+00
50 4.535395e-03 9.506906e-01 1.939106e+00
51 1.833352e-04 9.595768e-01 1.958154e+00
52 1.549641e-04 1.547500e-01 1.789081e+00
53 1.515116e-04 2.227901e-02 1.729694e+00
54 7.025880e-05 5.362811e-01 1.814157e+00
55 1.033283e-04 4.706809e-01 1.828701e+00
56 6.309593e-05 3.893643e-01 1.849895e+00
57 7.921749e-05 2.555088e-01 1.823801e+00
58 7.067767e-05 1.078023e-01 1.828184e+00
59 5.940396e-05 1.595088e-01 1.800118e+00
60 6.747774e-05 1.359131e-01 1.819866e+00
61 4.520027e-05 3.301454e-01 1.789151e+00
62 4.419412e-05 2.225979e-02 1.833899e+00
63 5.019782e-05 1.358484e-01 1.829437e+00
64 4.320360e-05 1.393333e-01 2.093740e+00
65 4.335781e-05 3.569490e-03 2.023052e+00
66 4.580978e-05 5.655187e-02 1.838029e+00
67 3.217000e-05 2.977482e-01 1.828576e+00
68 3.306216e-05 2.773265e-02 1.834806e+00
69 2.618990e-05 2.078589e-01 1.863626e+00
70 3.570747e-05 3.634064e-01 1.874519e+00
71 2.942978e-05 1.758088e-01 1.834533e+00
72 2.404773e-05 1.828778e-01 1.760343e+00
73 2.918159e-05 2.134862e-01 1.810413e+00
74 2.607787e-05 1.063588e-01 1.914377e+00
75 2.352808e-05 9.777581e-02 1.799546e+00
76 2.280106e-05 3.090012e-02 1.839277e+00
77 2.641636e-05 1.585583e-01 1.828248e+00
78 2.663147e-05 8.143033e-03 1.814646e+00
79 2.192830e-05 1.766018e-01 1.840049e+00
80 2.164272e-05 1.302370e-02 1.819042e+00
81 2.271474e-05 4.953262e-02 1.846493e+00
82 2.648226e-05 1.658625e-01 1.819119e+00
83 2.387092e-05 9.860707e-02 1.812971e+00
84 2.442975e-05 2.341021e-02 1.806991e+00
85 2.241928e-05 8.229595e-02 1.822091e+00
86 2.197431e-05 1.984734e-02 1.809868e+00
87 2.129117e-05 3.108826e-02 1.822510e+00
88 1.856585e-05 1.280022e-01 1.780082e+00
89 1.695229e-05 8.691014e-02 1.707794e+00
90 1.657225e-05 2.241832e-02 1.749372e+00
91 1.556733e-05 6.063908e-02 1.708766e+00
92 1.365447e-05 1.228763e-01 1.829106e+00
93 1.582107e-05 1.586736e-01 1.829469e+00
94 1.249976e-05 2.099300e-01 1.756539e+00
95 1.291630e-05 3.332413e-02 1.845188e+00
96 1.175698e-05 8.975611e-02 1.843566e+00
97 1.098615e-05 6.556399e-02 1.830738e+00
98 1.100901e-05 2.080843e-03 1.882078e+00
99 1.074834e-05 2.367780e-02 1.838546e+00
100 1.062862e-05 1.113873e-02 1.844394e+00
101 1.068030e-05 4.862270e-03 1.768230e+00
102 1.081072e-05 1.221153e-02 1.909050e+00
103 1.076463e-05 4.262870e-03 1.956580e+00
104 1.073319e-05 2.920887e-03 1.839755e+00
105 1.082479e-05 8.534340e-03 1.819695e+00
106 1.067159e-05 1.415252e-02 1.803202e+00
107 1.067621e-05 4.327230e-04 1.792727e+00
108 1.063577e-05 3.787852e-03 1.754671e+00
109 1.067085e-05 3.298499e-03 1.760190e+00
110 1.068617e-05 1.434928e-03 1.683317e+00
111 1.065437e-05 2.975436e-03 1.339452e+00
112 1.049245e-05 1.519753e-02 1.387226e+00
113 1.050799e-05 1.480879e-03 1.371629e+00
114 1.051495e-05 6.624419e-04 1.404209e+00
115 1.050052e-05 1.371994e-03 1.359610e+00
116 1.045492e-05 4.342668e-03 1.403852e+00
117 1.041230e-05 4.076325e-03 1.515720e+00
118 1.038490e-05 2.631874e-03 1.410778e+00
119 1.039247e-05 7.288517e-04 1.327015e+00
120 1.035040e-05 4.047604e-03 1.298400e+00
121 1.035334e-05 2.838534e-04 1.306785e+00
122 1.034769e-05 5.459853e-04 1.291845e+00
123 1.034464e-05 2.949174e-04 1.372013e+00
124 1.035093e-05 6.083613e-04 1.351659e+00
125 1.034037e-05 1.020037e-03 1.359289e+00
126 1.030234e-05 3.678262e-03 1.391557e+00
127 1.034402e-05 4.046231e-03 1.399856e+00
128 1.032922e-05 1.431302e-03 1.396203e+00
129 1.032335e-05 5.685083e-04 1.372163e+00
130 1.030204e-05 2.063804e-03 1.353862e+00
131 1.032459e-05 2.188403e-03 1.404168e+00
132 1.022676e-05 9.474812e-03 1.527254e+00
133 1.027538e-05 4.753463e-03 1.379251e+00
134 1.027255e-05 2.751999e-04 1.399041e+00
135 1.040010e-05 1.241645e-02 1.388224e+00
136 1.031515e-05 8.168046e-03 1.335635e+00
137 1.039373e-05 7.618502e-03 1.340418e+00
138 1.033438e-05 5.710409e-03 1.375471e+00
139 1.047515e-05 1.362140e-02 1.319486e+00
140 1.035272e-05 1.168751e-02 1.347054e+00
141 1.038349e-05 2.972393e-03 1.372336e+00
142 1.029319e-05 8.697155e-03 1.331675e+00
143 1.037194e-05 7.651320e-03 1.368224e+00
144 1.029666e-05 7.258233e-03 1.331570e+00
145 1.035796e-05 5.953491e-03 1.335789e+00
146 1.027381e-05 8.124776e-03 1.352208e+00
147 1.034958e-05 7.375562e-03 1.346792e+00
148 1.026793e-05 7.889431e-03 1.359654e+00
149 1.034326e-05 7.336631e-03 1.335711e+00
150 1.026368e-05 7.693683e-03 1.324084e+00
151 1.032936e-05 6.398944e-03 1.352281e+00
152 1.026179e-05 6.541304e-03 1.407568e+00
153 1.032040e-05 5.711423e-03 1.459376e+00
154 1.024140e-05 7.654676e-03 1.524358e+00
155 1.031063e-05 6.759311e-03 1.356037e+00
156 1.023829e-05 7.015633e-03 1.335849e+00
157 1.030479e-05 6.494678e-03 1.359517e+00
158 1.023100e-05 7.160243e-03 1.380473e+00
159 1.030021e-05 6.764429e-03 1.379706e+00
160 1.023073e-05 6.745197e-03 1.363847e+00
161 1.028995e-05 5.788624e-03 1.379783e+00
162 1.023287e-05 5.547694e-03 1.351350e+00
163 1.008921e-05 1.403869e-02 1.347425e+00
164 1.015729e-05 6.747599e-03 1.375155e+00
165 1.005664e-05 9.908922e-03 1.326719e+00
166 1.003855e-05 1.799126e-03 1.326922e+00
167 1.003297e-05 5.552650e-04 1.353496e+00
168 1.002861e-05 4.350517e-04 1.323481e+00
169 1.001675e-05 1.182514e-03 1.358912e+00
170 1.002461e-05 7.841094e-04 1.387807e+00
171 1.002050e-05 4.094289e-04 1.347188e+00
172 1.001340e-05 7.090130e-04 1.331589e+00
173 1.001276e-05 6.385755e-05 1.355606e+00
174 1.001531e-05 2.549298e-04 1.371933e+00
175 1.001055e-05 4.750376e-04 1.358726e+00
176 1.000955e-05 9.990954e-05 1.370178e+00
177 1.001057e-05 1.012814e-04 1.357916e+00
178 1.000715e-05 3.410927e-04 1.347413e+00
179 1.000743e-05 2.778349e-05 1.380814e+00
180 1.000678e-05 6.445281e-05 1.371204e+00
181 1.000648e-05 3.037070e-05 1.375672e+00
182 1.000607e-05 4.120065e-05 1.328707e+00
183 1.000542e-05 6.428636e-05 1.343761e+00
184 1.000577e-05 3.408245e-05 1.356161e+00
185 1.000511e-05 6.528849e-05 1.375942e+00
186 1.000477e-05 3.407712e-05 1.331165e+00
187 1.000489e-05 1.234484e-05 1.340583e+00
188 1.000497e-05 7.458858e-06 1.359628e+00
189 1.000440e-05 5.731692e-05 1.383894e+00
190 1.000454e-05 1.419177e-05 1.332129e+00
191 1.000424e-05 2.935369e-05 1.375552e+00
192 1.000453e-05 2.854232e-05 1.331414e+00
193 1.000418e-05 3.487978e-05 1.324106e+00
194 1.000455e-05 3.686501e-05 1.335626e+00
195 1.000416e-05 3.935367e-05 1.328677e+00
196 1.000416e-05 5.991604e-08 1.303370e+00
197 1.000400e-05 1.594834e-05 1.319695e+00
198 1.000391e-05 8.429509e-06 1.315284e+00
199 1.000413e-05 2.180279e-05 1.312130e+00
200 1.000392e-05 2.116981e-05 1.331706e+00
201 1.000402e-05 9.762918e-06 1.356610e+00
202 1.000385e-05 1.620837e-05 1.407719e+00
203 1.000391e-05 5.300350e-06 1.407782e+00
204 1.000389e-05 1.345953e-06 1.455447e+00
205 1.000393e-05 3.890816e-06 1.339913e+00
206 1.000379e-05 1.439962e-05 1.387602e+00
207 1.000385e-05 6.468174e-06 1.364358e+00
208 1.000373e-05 1.245256e-05 1.331742e+00
209 1.000383e-05 1.021645e-05 1.351415e+00
210 1.000379e-05 3.665552e-06 1.407621e+00
211 1.000381e-05 1.767116e-06 1.395405e+00
212 1.000372e-05 8.949872e-06 1.372235e+00
213 1.000371e-05 1.257315e-06 1.335941e+00
214 1.000369e-05 1.506059e-06 1.347188e+00
215 1.000365e-05 3.957172e-06 1.375311e+00
216 1.000366e-05 8.816279e-07 1.356015e+00
217 1.000370e-05 4.117031e-06 1.356212e+00
218 1.000366e-05 4.182992e-06 1.327839e+00
219 1.000369e-05 2.430765e-06 1.352338e+00
220 1.000366e-05 2.680644e-06 1.391397e+00
221 1.000366e-05 4.493538e-07 1.352316e+00
222 1.000364e-05 1.447013e-06 1.371317e+00
223 1.000366e-05 1.461088e-06 1.431355e+00
224 1.000366e-05 4.926146e-07 1.383742e+00
225 1.000362e-05 4.387550e-06 1.339735e+00
226 1.000360e-05 1.448295e-06 1.335927e+00
227 1.000361e-05 9.034516e-07 1.342977e+00
228 1.000359e-05 1.837033e-06 1.296163e+00
229 1.000361e-05 1.691816e-06 1.300231e+00
230 1.000360e-05 4.752149e-07 1.303972e+00
231 1.000359e-05 1.045242e-06 1.327496e+00
232 1.000359e-05 2.444166e-07 1.351453e+00
233 1.000358e-05 9.349827e-07 1.315944e+00
234 1.000357e-05 8.856074e-07 1.342794e+00
235 1.000357e-05 2.071935e-07 1.370741e+00
236 1.000358e-05 4.172393e-07 1.323749e+00
237 1.000357e-05 3.269437e-07 1.347841e+00
238 1.000357e-05 3.078215e-07 1.375588e+00
239 1.000358e-05 9.000363e-07 1.364124e+00
240 1.000357e-05 1.191509e-06 1.355748e+00
241 1.000356e-05 3.338027e-07 1.444218e+00
242 1.000356e-05 1.866730e-08 1.486878e+00
243 1.000357e-05 4.555620e-07 1.476569e+00
244 1.000356e-05 8.673632e-07 1.396218e+00
245 1.000356e-05 4.385375e-07 1.343665e+00
246 1.000356e-05 1.758411e-07 1.371905e+00
247 1.000357e-05 5.362799e-07 1.347883e+00
248 1.000357e-05 9.245970e-08 1.318984e+00
249 1.000356e-05 9.567375e-07 1.304876e+00
250 1.000356e-05 4.090827e-08 1.403088e+00
251 1.000355e-05 3.930124e-07 1.311324e+00
252 1.000355e-05 5.095778e-07 1.383004e+00
253 1.000355e-05 1.396831e-07 1.328217e+00
254 1.000355e-05 3.139484e-07 1.299156e+00
255 1.000355e-05 2.705429e-07 1.343218e+00
256 1.000355e-05 2.664699e-07 1.344716e+00
257 1.000355e-05 1.074869e-07 1.335618e+00
258 1.000355e-05 3.395854e-07 1.303731e+00
259 1.000355e-05 1.810686e-07 1.287502e+00
260 1.000355e-05 1.292729e-07 1.299901e+00
261 1.000354e-05 2.418762e-07 1.284731e+00
262 1.000355e-05 1.880607e-07 1.307522e+00
263 1.000355e-05 1.184077e-07 1.343648e+00
264 1.000354e-05 3.102639e-07 1.315823e+00
265 1.000355e-05 2.214443e-07 1.344038e+00
266 1.000354e-05 2.315104e-07 1.324095e+00
267 1.000354e-05 5.156269e-08 1.287649e+00
268 1.000354e-05 4.230671e-08 1.283597e+00
269 1.000354e-05 1.506816e-07 1.259969e+00
270 1.000354e-05 2.598112e-08 1.259453e+00
271 1.000354e-05 9.307034e-08 1.268242e+00
272 1.000354e-05 1.434566e-07 1.303872e+00
273 1.000354e-05 1.986596e-07 1.335491e+00
274 1.000354e-05 5.999740e-08 1.308418e+00
275 1.000354e-05 8.445806e-08 1.308596e+00
276 1.000354e-05 1.948861e-08 1.315973e+00
277 1.000354e-05 6.392621e-09 1.291782e+00
278 1.000354e-05 5.672341e-08 1.228556e+00
279 1.000354e-05 4.187389e-08 1.224164e+00
280 1.000354e-05 1.101173e-07 1.267650e+00
281 1.000354e-05 5.293890e-08 1.285575e+00
282 1.000354e-05 4.796685e-08 1.282880e+00
283 1.000354e-05 2.591453e-08 1.275408e+00
284 1.000354e-05 4.151874e-08 1.276622e+00
285 1.000354e-05 1.772399e-07 1.239878e+00
286 1.000354e-05 2.096358e-07 1.278883e+00
287 1.000354e-05 2.578135e-08 1.295076e+00
288 1.000354e-05 7.450289e-08 1.283608e+00
289 1.000354e-05 1.512699e-08 1.292088e+00
290 1.000354e-05 5.772227e-08 1.343749e+00
291 1.000354e-05 9.888586e-09 1.362474e+00
292 1.000354e-05 4.363852e-08 1.320456e+00
293 1.000354e-05 6.811028e-08 1.321432e+00
294 1.000354e-05 9.563406e-08 1.287775e+00
295 1.000354e-05 7.677804e-08 1.346963e+00
296 1.000354e-05 1.675843e-09 1.335188e+00
297 1.000354e-05 8.945230e-08 1.339692e+00
298 1.000354e-05 8.767658e-10 1.324448e+00
299 1.000354e-05 3.857770e-08 1.300174e+00
300 1.000354e-05 1.278524e-08 1.252019e+00
301 2.375445e-08 9.976254e-01 1.215176e+00
302 1.880063e-08 2.085428e-01 1.216190e+00
303 1.514391e-08 1.944997e-01 1.223849e+00
304 1.281958e-08 1.534832e-01 1.231545e+00
305 1.139106e-08 1.114322e-01 1.327776e+00
306 9.383300e-09 1.762578e-01 1.440034e+00
307 9.264797e-09 1.262918e-02 1.403315e+00
308 1.323123e-08 4.281188e-01 1.324242e+00
309 1.062899e-08 1.966742e-01 1.363614e+00
310 7.709185e-09 2.747020e-01 1.375516e+00
311 5.100870e-09 3.383386e-01 1.340270e+00
312 3.879157e-09 2.395108e-01 1.358947e+00
313 3.226768e-09 1.681781e-01 1.376405e+00
314 2.741971e-09 1.502422e-01 1.399132e+00
315 2.250685e-09 1.791724e-01 1.352187e+00
316 1.952589e-09 1.324470e-01 1.360074e+00
317 1.738923e-09 1.094271e-01 1.368003e+00
318 1.446798e-09 1.679918e-01 1.366562e+00
319 1.306496e-09 9.697422e-02 1.358822e+00
320 1.197661e-09 8.330285e-02 1.348576e+00
321 9.049302e-10 2.444188e-01 1.366735e+00
322 7.818640e-10 1.359953e-01 1.371501e+00
323 1.064299e-09 3.612326e-01 1.295854e+00
324 7.671822e-10 2.791665e-01 1.263129e+00
325 6.814821e-10 1.117076e-01 1.264524e+00
326 6.040269e-10 1.136569e-01 1.248074e+00
327 5.038848e-10 1.657908e-01 1.307844e+00
328 4.366402e-10 1.334524e-01 1.251119e+00
329 3.884635e-10 1.103350e-01 1.268144e+00
330 3.101955e-10 2.014808e-01 1.390162e+00
331 2.834527e-10 8.621281e-02 1.471695e+00
332 2.301127e-10 1.881795e-01 1.375671e+00
333 1.689083e-10 2.659756e-01 1.324692e+00
334 1.552487e-10 8.087007e-02 1.331476e+00
335 1.374325e-10 1.147590e-01 1.318241e+00
336 1.245064e-10 9.405420e-02 1.326438e+00
337 5.956002e-11 5.216308e-01 1.322790e+00
