1 9.671217e-01 1.000000e+00 1.974369e+00
2 9.466368e-01 2.118128e-02 1.929763e+00
3 9.321620e-01 1.529071e-02 1.919176e+00
4 9.290435e-01 3.345483e-03 2.084071e+00
5 9.128933e-01 1.738372e-02 2.119117e+00
6 9.075968e-01 5.801890e-03 1.972173e+00
7 9.070321e-01 6.221255e-04 1.960065e+00
8 9.069856e-01 5.132507e-05 1.919249e+00
9 9.042063e-01 3.064330e-03 1.930040e+00
10 9.038734e-01 3.680932e-04 1.829849e+00
11 9.036566e-01 2.399457e-04 1.913698e+00
12 9.033879e-01 2.972521e-04 1.933586e+00
13 9.025141e-01 9.672753e-04 2.009297e+00
14 9.012125e-01 1.442256e-03 1.893038e+00
15 9.010983e-01 1.266318e-04 1.839781e+00
16 9.007312e-01 4.074852e-04 1.854853e+00
17 9.009965e-01 2.945394e-04 1.868032e+00
18 9.005051e-01 5.453521e-04 1.939839e+00
19 9.008213e-01 3.511168e-04 1.843920e+00
20 8.970286e-01 4.210255e-03 2.023734e+00
21 8.553330e-01 4.648186e-02 2.049760e+00
22 8.484096e-01 8.094409e-03 1.870048e+00
23 8.380666e-01 1.219109e-02 2.009419e+00
24 8.383356e-01 3.209649e-04 1.924656e+00
25 8.383300e-01 6.603390e-06 2.033960e+00
26 8.321337e-01 7.391248e-03 2.107972e+00
27 7.855713e-01 5.595543e-02 2.080503e+00
28 6.915987e-01 1.196233e-01 1.874257e+00
29 6.617659e-01 4.313605e-02 1.849608e+00
30 6.612952e-01 7.112374e-04 1.854986e+00
31 6.603175e-01 1.478377e-03 1.853881e+00
32 5.377687e-01 1.855907e-01 2.024750e+00
33 5.165763e-01 3.940800e-02 1.896884e+00
34 5.118223e-01 9.202915e-03 1.819751e+00
35 5.001523e-01 2.280099e-02 1.933846e+00
36 3.673829e-01 2.654579e-01 1.883367e+00
37 3.478677e-01 5.311948e-02 1.870484e+00
38 1.901158e-01 4.534826e-01 1.863876e+00
39 1.290513e-01 3.211961e-01 1.889060e+00
40 8.773131e-02 3.201827e-01 1.870211e+00
41 8.275253e-02 5.675030e-02 1.864520e+00
42 8.202849e-02 8.749447e-03 1.868838e+00
43 8.201825e-02 1.248989e-04 1.838056e+00
44 7.895804e-02 3.731129e-02 1.749379e+00
45 7.113890e-02 9.902907e-02 1.888035e+00
46 7.337715e-02 3.146310e-02 1.863458e+00
47 5.912541e-02 1.942258e-01 1.965558e+00
48 6.751534e-02 1.419005e-01 1.928901e+00
49 4.898576e-02 2.744499e-01 1.843794e+00
50 4.316992e-02 1.187251e-01 1.859394e+00
51 3.073881e-02 2.879579e-01 1.848996e+00
52 3.034414e-02 1.283922e-02 1.798350e+00
53 2.567525e-02 1.538646e-01 1.919356e+00
54 2.176647e-02 1.522395e-01 1.883847e+00
55 1.696081e-02 2.207825e-01 2.029183e+00
56 1.452195e-02 1.437941e-01 1.829494e+00
57 1.050660e-02 2.765018e-01 1.938696e+00
58 1.076398e-02 2.449628e-02 1.839515e+00
59 9.064426e-03 1.578923e-01 1.883498e+00
60 9.200405e-03 1.500138e-02 1.909560e+00
61 7.015219e-03 2.375098e-01 1.914580e+00
62 8.016271e-03 1.426972e-01 2.072928e+00
63 5.677330e-03 2.917742e-01 1.735081e+00
64 7.416340e-03 3.063078e-01 1.837596e+00
65 4.857042e-03 3.450891e-01 1.788949e+00
66 5.663553e-03 1.660498e-01 1.738374e+00
67 5.145317e-03 9.150371e-02 1.744869e+00
68 4.848410e-03 5.770431e-02 1.774519e+00
69 3.013500e-03 3.784561e-01 1.854545e+00
70 3.921328e-03 3.012539e-01 1.838122e+00
71 2.828997e-03 2.785614e-01 1.824239e+00
72 3.258381e-03 1.517793e-01 1.838004e+00
73 3.009561e-03 7.636296e-02 1.837594e+00
74 3.439804e-03 1.429587e-01 1.812921e+00
75 2.789166e-03 1.891497e-01 1.808653e+00
76 2.338593e-03 1.615440e-01 1.814716e+00
77 2.214621e-03 5.301125e-02 1.853619e+00
78 2.027599e-03 8.444873e-02 1.819552e+00
79 2.021898e-03 2.812013e-03 1.802405e+00
80 2.265283e-03 1.203749e-01 1.863874e+00
81 1.840313e-03 1.876013e-01 1.813473e+00
82 1.726363e-03 6.191871e-02 1.854670e+00
83 1.504312e-03 1.286238e-01 1.858842e+00
84 1.516593e-03 8.163816e-03 1.849269e+00
85 1.110298e-03 2.678998e-01 1.839515e+00
86 1.060604e-03 4.475741e-02 1.854019e+00
87 9.985925e-04 5.846803e-02 1.838967e+00
88 9.434413e-04 5.522895e-02 1.803709e+00
89 6.695021e-04 2.903617e-01 1.879361e+00
90 7.212098e-04 7.723311e-02 1.829815e+00
91 6.531949e-04 9.430659e-02 1.864023e+00
92 6.860380e-04 5.028066e-02 1.829114e+00
93 5.552715e-04 1.906112e-01 1.823371e+00
94 5.328087e-04 4.045368e-02 1.844968e+00
95 3.971924e-04 2.545309e-01 1.904025e+00
96 5.143175e-04 2.948827e-01 1.839412e+00
97 3.751170e-04 2.706509e-01 1.869805e+00
98 4.386960e-04 1.694910e-01 1.830207e+00
99 3.664289e-04 1.647317e-01 1.903963e+00
100 3.951778e-04 7.845699e-02 1.823197e+00
101 3.590719e-04 9.136616e-02 1.854871e+00
102 2.849475e-04 2.064334e-01 2.024808e+00
103 2.742429e-04 3.756694e-02 1.938801e+00
104 2.651966e-04 3.298644e-02 1.848470e+00
105 2.339335e-04 1.178866e-01 1.854449e+00
106 2.141863e-04 8.441346e-02 1.939613e+00
107 1.855953e-04 1.334867e-01 1.853963e+00
108 1.740094e-04 6.242570e-02 1.867806e+00
109 1.492856e-04 1.420832e-01 1.818667e+00
110 1.733451e-04 1.611643e-01 1.834866e+00
111 1.379287e-04 2.043112e-01 1.857911e+00
112 1.535236e-04 1.130649e-01 1.875001e+00
113 1.204837e-04 2.152109e-01 1.864313e+00
114 1.331529e-04 1.051533e-01 1.814639e+00
115 1.010350e-04 2.412110e-01 1.845042e+00
116 1.331321e-04 3.176836e-01 1.848751e+00
117 8.824774e-05 3.371416e-01 1.868998e+00
118 1.105424e-04 2.526371e-01 1.757138e+00
119 7.548672e-05 3.171243e-01 1.805190e+00
120 9.766880e-05 2.938542e-01 1.854985e+00
121 7.182996e-05 2.645558e-01 1.917633e+00
122 9.209801e-05 2.821671e-01 2.049200e+00
123 7.025799e-05 2.371388e-01 1.879326e+00
124 6.864700e-05 2.292968e-02 1.840035e+00
125 6.632790e-05 3.378298e-02 1.829763e+00
126 6.238592e-05 5.943173e-02 1.929204e+00
127 5.363948e-05 1.401990e-01 1.864296e+00
128 5.272876e-05 1.697838e-02 1.823300e+00
129 4.523285e-05 1.421598e-01 1.773906e+00
130 4.844432e-05 7.099848e-02 1.763926e+00
131 3.727713e-05 2.305159e-01 1.849516e+00
132 4.374486e-05 1.735041e-01 1.839612e+00
133 3.429761e-05 2.159625e-01 1.858768e+00
134 6.192062e-05 8.053917e-01 1.849269e+00
135 3.507028e-05 4.336253e-01 1.822555e+00
136 4.011826e-05 1.439390e-01 1.828105e+00
137 3.033166e-05 2.439438e-01 1.864923e+00
138 3.203791e-05 5.625313e-02 1.879544e+00
139 2.709319e-05 1.543395e-01 1.859393e+00
140 2.790998e-05 3.014740e-02 1.848203e+00
141 2.355292e-05 1.561111e-01 1.849476e+00
142 2.578636e-05 9.482607e-02 1.884950e+00
143 2.035449e-05 2.106487e-01 1.913396e+00
144 2.158137e-05 6.027556e-02 1.923007e+00
145 1.857568e-05 1.392723e-01 1.828510e+00
146 2.413795e-05 2.994382e-01 1.854776e+00
147 1.655463e-05 3.141658e-01 1.834039e+00
148 1.566745e-05 5.359107e-02 1.834689e+00
149 1.933498e-05 2.340855e-01 1.867832e+00
150 2.123758e-05 9.840221e-02 1.810290e+00
151 1.574182e-05 2.587751e-01 1.763731e+00
152 2.222104e-05 4.115926e-01 1.740189e+00
153 1.354553e-05 3.904187e-01 1.869671e+00
154 1.941006e-05 4.329491e-01 1.913604e+00
155 1.050372e-05 4.588515e-01 1.895259e+00
156 1.203103e-05 1.454061e-01 1.804142e+00
157 1.010033e-05 1.604770e-01 1.809182e+00
158 1.523582e-05 5.084481e-01 1.969365e+00
159 9.919983e-06 3.489038e-01 2.009500e+00
160 1.360806e-05 3.717831e-01 1.829569e+00
161 1.009158e-05 2.584118e-01 1.839365e+00
162 1.207419e-05 1.964618e-01 1.848141e+00
163 8.666119e-06 2.822609e-01 1.840045e+00
164 1.009737e-05 1.651550e-01 1.843935e+00
165 8.796479e-06 1.288348e-01 1.839433e+00
166 8.186537e-06 6.933933e-02 1.874408e+00
167 7.463439e-06 8.832767e-02 1.884143e+00
168 7.569426e-06 1.420076e-02 1.853182e+00
169 7.273560e-06 3.908697e-02 1.874492e+00
170 6.525417e-06 1.028578e-01 1.883196e+00
171 7.212222e-06 1.052508e-01 1.729566e+00
172 7.030746e-06 2.516238e-02 1.804081e+00
173 6.410007e-06 8.828912e-02 1.814957e+00
174 7.392957e-06 1.533462e-01 1.827891e+00
175 5.960348e-06 1.937802e-01 1.847662e+00
176 7.162636e-06 2.017144e-01 1.819443e+00
177 4.643479e-06 3.517080e-01 1.833855e+00
178 5.923421e-06 2.756427e-01 1.830442e+00
179 4.350141e-06 2.656032e-01 1.844794e+00
180 4.888726e-06 1.238085e-01 1.840215e+00
181 4.083347e-06 1.647421e-01 1.827933e+00
182 4.439780e-06 8.728959e-02 1.754168e+00
183 3.315924e-06 2.531334e-01 1.873777e+00
184 4.138504e-06 2.480696e-01 1.834955e+00
185 3.231739e-06 2.191046e-01 1.815039e+00
186 3.593745e-06 1.120158e-01 1.803717e+00
187 2.921423e-06 1.870812e-01 1.817968e+00
188 3.427182e-06 1.731209e-01 1.830457e+00
189 2.750374e-06 1.974822e-01 1.852659e+00
190 3.055434e-06 1.109157e-01 1.799251e+00
191 2.361639e-06 2.270692e-01 1.844270e+00
192 3.457834e-06 4.641668e-01 1.873679e+00
193 2.206022e-06 3.620219e-01 1.825130e+00
194 2.769204e-06 2.552931e-01 1.809316e+00
195 2.229601e-06 1.948586e-01 1.819828e+00
196 2.699456e-06 2.107350e-01 1.838248e+00
197 1.625332e-06 3.979038e-01 1.853572e+00
198 2.109600e-06 2.979500e-01 2.019074e+00
199 1.485470e-06 2.958522e-01 2.044865e+00
200 1.890562e-06 2.727027e-01 1.839057e+00
201 1.416722e-06 2.506341e-01 1.804858e+00
202 1.858342e-06 3.117195e-01 1.862977e+00
203 1.260793e-06 3.215499e-01 1.844203e+00
204 1.486924e-06 1.793562e-01 1.839044e+00
205 1.264839e-06 1.493586e-01 1.839877e+00
206 1.533186e-06 2.121593e-01 1.868734e+00
207 1.169078e-06 2.374849e-01 1.913328e+00
208 1.390687e-06 1.895596e-01 1.874486e+00
209 1.063296e-06 2.354170e-01 1.823920e+00
210 1.238201e-06 1.644933e-01 1.885192e+00
211 9.817866e-07 2.070862e-01 1.844495e+00
212 1.144738e-06 1.659748e-01 1.802749e+00
213 8.727134e-07 2.376308e-01 1.795113e+00
214 1.011083e-06 1.585507e-01 1.764773e+00
215 8.674966e-07 1.420122e-01 1.839568e+00
216 9.269154e-07 6.849450e-02 1.780370e+00
217 8.685107e-07 6.300973e-02 1.823944e+00
218 8.485250e-07 2.301145e-02 1.749366e+00
219 6.005782e-07 2.922091e-01 1.829761e+00
220 8.244448e-07 3.727517e-01 1.743966e+00
221 6.989244e-07 1.522484e-01 1.765312e+00
222 8.852424e-07 2.665781e-01 1.702542e+00
223 6.023789e-07 3.195322e-01 1.695373e+00
224 7.611724e-07 2.636106e-01 1.718929e+00
225 4.940917e-07 3.508807e-01 1.703985e+00
226 7.228654e-07 4.630187e-01 1.679086e+00
227 4.421823e-07 3.882924e-01 1.694100e+00
228 6.943375e-07 5.702517e-01 1.687860e+00
229 3.933933e-07 4.334264e-01 1.698145e+00
230 5.750963e-07 4.618865e-01 1.799513e+00
231 3.945495e-07 3.139419e-01 1.981270e+00
232 5.555619e-07 4.080917e-01 1.718507e+00
233 3.334676e-07 3.997653e-01 1.677704e+00
234 5.032459e-07 5.091301e-01 1.691420e+00
235 3.371900e-07 3.299697e-01 1.682906e+00
236 4.737072e-07 4.048671e-01 1.665528e+00
237 3.121157e-07 3.411211e-01 1.693240e+00
238 3.985666e-07 2.769836e-01 1.689804e+00
239 2.869314e-07 2.800918e-01 1.702785e+00
240 3.845063e-07 3.400636e-01 1.664226e+00
241 2.720409e-07 2.924929e-01 1.615109e+00
242 3.348833e-07 2.310034e-01 1.578509e+00
243 2.546417e-07 2.396106e-01 1.593743e+00
244 3.448343e-07 3.541941e-01 1.603133e+00
245 2.461919e-07 2.860574e-01 1.600259e+00
246 3.091939e-07 2.559059e-01 1.633661e+00
247 2.226550e-07 2.798855e-01 1.660530e+00
248 2.655058e-07 1.924539e-01 1.664384e+00
249 2.324998e-07 1.243137e-01 1.663443e+00
250 2.522097e-07 8.477382e-02 1.674919e+00
251 1.979060e-07 2.153117e-01 1.689167e+00
252 2.441169e-07 2.334989e-01 1.663559e+00
253 2.037168e-07 1.654949e-01 1.675481e+00
254 2.038101e-07 4.579236e-04 1.658010e+00
255 1.896946e-07 6.925773e-02 1.648427e+00
256 2.085253e-07 9.926814e-02 1.684810e+00
257 1.708306e-07 1.807679e-01 1.650170e+00
258 1.680020e-07 1.655765e-02 1.669810e+00
259 1.652412e-07 1.643333e-02 1.704538e+00
260 1.730710e-07 4.738391e-02 1.806766e+00
261 1.278963e-07 2.610181e-01 1.876829e+00
262 1.754994e-07 3.722006e-01 1.703165e+00
263 1.539765e-07 1.226381e-01 1.704252e+00
264 1.516761e-07 1.493962e-02 1.694879e+00
265 1.163759e-07 2.327341e-01 1.694711e+00
266 1.558196e-07 3.389332e-01 1.703887e+00
267 1.084506e-07 3.039988e-01 1.689918e+00
268 1.359538e-07 2.536009e-01 1.684707e+00
269 9.363083e-08 3.113041e-01 1.664065e+00
270 1.568756e-07 6.754691e-01 1.689367e+00
271 9.559467e-08 3.906338e-01 1.722821e+00
272 1.354160e-07 4.165647e-01 1.704648e+00
273 9.275302e-08 3.150514e-01 1.659829e+00
274 1.271658e-07 3.710157e-01 1.724996e+00
275 8.946168e-08 2.964960e-01 1.769493e+00
276 1.156836e-07 2.931078e-01 1.809533e+00
277 7.703094e-08 3.341239e-01 1.700044e+00
278 1.018071e-07 3.216385e-01 1.684365e+00
279 7.673840e-08 2.462369e-01 1.684918e+00
280 9.247683e-08 2.050919e-01 1.699041e+00
281 7.570406e-08 1.813726e-01 1.684961e+00
282 8.529448e-08 1.266829e-01 1.719423e+00
283 6.890004e-08 1.922098e-01 1.685185e+00
284 7.154352e-08 3.836687e-02 1.659416e+00
285 6.740886e-08 5.779229e-02 1.663568e+00
286 6.501548e-08 3.550543e-02 1.683389e+00
287 6.251865e-08 3.840355e-02 1.664806e+00
288 1.054741e-07 6.870821e-01 1.653027e+00
289 7.771749e-08 2.631605e-01 1.730208e+00
290 7.581463e-08 2.448430e-02 1.753450e+00
291 7.857603e-08 3.642314e-02 1.852575e+00
292 9.496163e-08 2.085317e-01 1.664630e+00
293 5.844548e-08 3.845359e-01 1.563920e+00
294 5.200011e-08 1.102800e-01 1.609479e+00
295 6.219969e-08 1.961453e-01 1.659058e+00
296 5.894966e-08 5.225148e-02 1.654200e+00
297 4.877378e-08 1.726198e-01 1.679280e+00
298 4.588428e-08 5.924299e-02 1.679603e+00
299 4.095335e-08 1.074644e-01 1.688799e+00
300 4.559017e-08 1.132218e-01 1.670271e+00
301 3.824309e-08 1.611548e-01 1.668427e+00
302 4.073035e-08 6.503812e-02 1.659271e+00
303 3.276170e-08 1.956440e-01 1.689805e+00
304 3.517941e-08 7.379663e-02 1.683971e+00
305 3.259522e-08 7.345728e-02 1.794666e+00
306 3.281222e-08 6.657372e-03 1.842057e+00
307 3.003002e-08 8.479158e-02 1.693845e+00
308 3.157021e-08 5.128813e-02 1.672735e+00
309 2.590501e-08 1.794475e-01 1.683750e+00
310 2.931184e-08 1.315125e-01 1.788862e+00
311 2.584498e-08 1.182750e-01 1.649089e+00
312 3.063739e-08 1.854288e-01 1.719565e+00
313 2.367881e-08 2.271270e-01 1.664118e+00
314 2.758660e-08 1.650332e-01 1.604613e+00
315 2.073342e-08 2.484242e-01 1.657533e+00
316 2.367292e-08 1.417761e-01 1.699774e+00
317 1.893876e-08 1.999820e-01 1.692815e+00
318 2.187433e-08 1.550031e-01 1.614030e+00
319 1.697349e-08 2.240453e-01 1.659407e+00
320 1.975674e-08 1.639764e-01 1.669438e+00
321 1.697497e-08 1.408015e-01 1.713227e+00
322 1.715064e-08 1.034926e-02 1.678905e+00
323 1.576086e-08 8.103404e-02 1.762949e+00
324 1.686902e-08 7.031101e-02 1.889041e+00
325 1.390073e-08 1.759611e-01 1.699566e+00
326 1.423951e-08 2.437181e-02 1.704471e+00
327 1.349799e-08 5.207524e-02 1.719732e+00
328 1.336238e-08 1.004647e-02 1.668271e+00
329 1.276592e-08 4.463733e-02 1.684230e+00
330 1.436354e-08 1.251472e-01 1.688023e+00
331 1.129492e-08 2.136395e-01 1.683226e+00
332 1.212649e-08 7.362341e-02 1.709743e+00
333 9.876966e-09 1.855050e-01 1.728868e+00
334 1.066080e-08 7.936019e-02 1.628328e+00
335 9.061308e-09 1.500352e-01 1.762909e+00
336 1.073244e-08 1.844246e-01 1.769117e+00
337 7.781042e-09 2.749976e-01 1.663925e+00
338 8.682680e-09 1.158763e-01 1.662429e+00
339 8.496410e-09 2.145298e-02 1.669827e+00
340 8.666689e-09 2.004124e-02 1.664426e+00
341 7.164893e-09 1.732837e-01 1.669987e+00
342 6.887009e-09 3.878409e-02 1.715008e+00
343 5.763641e-09 1.631141e-01 1.663842e+00
344 9.915066e-09 7.202783e-01 1.688988e+00
345 6.545219e-09 3.398714e-01 1.679435e+00
346 7.779054e-09 1.885093e-01 1.652812e+00
347 4.850597e-09 3.764542e-01 1.639378e+00
348 7.044796e-09 4.523566e-01 1.729588e+00
349 4.160476e-09 4.094257e-01 1.684436e+00
350 6.529037e-09 5.693006e-01 1.715173e+00
351 3.955225e-09 3.942100e-01 1.708830e+00
352 5.378419e-09 3.598262e-01 1.679056e+00
353 3.703508e-09 3.114133e-01 1.659104e+00
354 5.575608e-09 5.054939e-01 1.689879e+00
355 3.630453e-09 3.488687e-01 1.659482e+00
356 5.639883e-09 5.534928e-01 1.688922e+00
357 3.244346e-09 4.247493e-01 1.959146e+00
358 5.169744e-09 5.934626e-01 1.867532e+00
359 3.149904e-09 3.907041e-01 1.774231e+00
360 4.511160e-09 4.321580e-01 1.674163e+00
361 2.854627e-09 3.672078e-01 1.657842e+00
362 4.252705e-09 4.897583e-01 1.743854e+00
363 2.738346e-09 3.560930e-01 1.737046e+00
364 3.774111e-09 3.782448e-01 1.654449e+00
365 2.456124e-09 3.492180e-01 1.594257e+00
366 3.455993e-09 4.070924e-01 1.619357e+00
367 2.402235e-09 3.049076e-01 1.635082e+00
368 3.257126e-09 3.558731e-01 1.674669e+00
369 2.277736e-09 3.006912e-01 1.708960e+00
370 4.107812e-09 8.034625e-01 1.707918e+00
371 2.445471e-09 4.046781e-01 1.710454e+00
372 4.211928e-09 7.223383e-01 1.827277e+00
373 2.206127e-09 4.762192e-01 1.901592e+00
374 3.491496e-09 5.826360e-01 1.769253e+00
375 2.098645e-09 3.989267e-01 1.640487e+00
376 3.127828e-09 4.904036e-01 1.689054e+00
377 1.639070e-09 4.759718e-01 1.634535e+00
378 2.656950e-09 6.210107e-01 1.784611e+00
379 1.677875e-09 3.684961e-01 1.660587e+00
380 2.412823e-09 4.380235e-01 1.763648e+00
381 1.552131e-09 3.567156e-01 1.685045e+00
382 2.167901e-09 3.967250e-01 1.718883e+00
383 1.364752e-09 3.704730e-01 1.679269e+00
384 2.015896e-09 4.771156e-01 1.704856e+00
385 1.919165e-09 4.798442e-02 1.774265e+00
386 1.676712e-09 1.263326e-01 1.728850e+00
387 1.314677e-09 2.159194e-01 1.778542e+00
388 2.093190e-09 5.921707e-01 1.864621e+00
389 1.261792e-09 3.971921e-01 1.719060e+00
390 2.002948e-09 5.873840e-01 1.663958e+00
391 1.148930e-09 4.263807e-01 1.684340e+00
392 2.021509e-09 7.594717e-01 1.669462e+00
393 9.139042e-10 5.479100e-01 1.664685e+00
394 1.852644e-09 1.027175e+00 1.692068e+00
395 1.021750e-09 4.484908e-01 1.672771e+00
396 1.423643e-09 3.933383e-01 1.690493e+00
397 7.516908e-10 4.719950e-01 1.682622e+00
398 1.397830e-09 8.595810e-01 1.683164e+00
399 5.955194e-10 5.739686e-01 1.680176e+00
400 1.154219e-09 9.381722e-01 1.664783e+00
401 7.959212e-10 3.104245e-01 1.702386e+00
402 9.565250e-10 2.017835e-01 1.818752e+00
403 7.069613e-10 2.609066e-01 1.839768e+00
404 1.231283e-09 7.416558e-01 1.622283e+00
405 4.628752e-10 6.240709e-01 1.728944e+00
406 1.119947e-09 1.419544e+00 1.725011e+00
407 6.598625e-10 4.108091e-01 1.657862e+00
408 1.140344e-09 7.281539e-01 1.713916e+00
409 6.598923e-10 4.213217e-01 1.708821e+00
410 9.555204e-10 4.479946e-01 1.699618e+00
411 4.641454e-10 5.142486e-01 1.698681e+00
412 1.113475e-09 1.398979e+00 1.692899e+00
413 4.225911e-10 6.204755e-01 1.680442e+00
414 8.280751e-10 9.595186e-01 1.689785e+00
415 6.651860e-10 1.967081e-01 1.727646e+00
416 9.026296e-10 3.569582e-01 1.719153e+00
417 6.990909e-10 2.254953e-01 1.650674e+00
418 8.474240e-10 2.121800e-01 1.964117e+00
419 6.681798e-10 2.115165e-01 1.783861e+00
420 7.910814e-10 1.839349e-01 2.012525e+00
421 6.632129e-10 1.616376e-01 1.689393e+00
422 7.588865e-10 1.442577e-01 1.694444e+00
423 6.531999e-10 1.392653e-01 1.709971e+00
424 7.406175e-10 1.338296e-01 1.699255e+00
425 5.196734e-10 2.983241e-01 1.654907e+00
426 6.818691e-10 3.121108e-01 1.674459e+00
427 5.778025e-10 1.526197e-01 1.684512e+00
428 6.619414e-10 1.456188e-01 1.644409e+00
429 5.107522e-10 2.284027e-01 1.673748e+00
430 7.032379e-10 3.768671e-01 1.643436e+00
431 4.922557e-10 3.000154e-01 1.704050e+00
432 5.357276e-10 8.831161e-02 1.743979e+00
433 4.300805e-10 1.972029e-01 1.724705e+00
434 7.095792e-10 6.498751e-01 1.650218e+00
435 5.027773e-10 2.914430e-01 1.623523e+00
436 6.112529e-10 2.157529e-01 1.598442e+00
437 3.942355e-10 3.550370e-01 1.653800e+00
438 4.179306e-10 6.010378e-02 1.578925e+00
439 4.996016e-10 1.954176e-01 1.718769e+00
440 5.620521e-10 1.250006e-01 1.767793e+00
441 5.248855e-10 6.612662e-02 1.724654e+00
442 4.155455e-10 2.083121e-01 1.659463e+00
443 3.633736e-10 1.255505e-01 1.678282e+00
444 5.280200e-10 4.531051e-01 1.719716e+00
445 3.691648e-10 3.008507e-01 1.658614e+00
446 3.387274e-10 8.244944e-02 1.590535e+00
447 4.458292e-10 3.161887e-01 1.627845e+00
448 4.662400e-10 4.578188e-02 1.647909e+00
449 3.511508e-10 2.468455e-01 1.644063e+00
450 3.440195e-10 2.030836e-02 1.623528e+00
451 3.934327e-10 1.436350e-01 1.639611e+00
452 4.720351e-10 1.997860e-01 1.665200e+00
453 3.542519e-10 2.495222e-01 1.677121e+00
454 3.388045e-10 4.360545e-02 1.570144e+00
455 3.411801e-10 7.011548e-03 1.647438e+00
456 4.062970e-10 1.908579e-01 1.678567e+00
457 2.783316e-10 3.149554e-01 1.679850e+00
458 4.555504e-10 6.367182e-01 1.688260e+00
459 2.985273e-10 3.446887e-01 1.688164e+00
460 4.258032e-10 4.263458e-01 1.709306e+00
461 2.904679e-10 3.178353e-01 1.664205e+00
462 4.147150e-10 4.277484e-01 1.674624e+00
463 2.793459e-10 3.264149e-01 1.668897e+00
464 4.031867e-10 4.433243e-01 1.690295e+00
465 2.761805e-10 3.150059e-01 1.689062e+00
466 3.976279e-10 4.397392e-01 1.749174e+00
467 2.806012e-10 2.943121e-01 1.834406e+00
468 4.363532e-10 5.550652e-01 1.663092e+00
469 3.399692e-10 2.208853e-01 1.658789e+00
470 4.154496e-10 2.220213e-01 1.653293e+00
471 3.462381e-10 1.665940e-01 1.694248e+00
472 3.145305e-10 9.157754e-02 1.668846e+00
473 2.476047e-10 2.127800e-01 1.569877e+00
474 3.177723e-10 2.833853e-01 1.663984e+00
475 2.445277e-10 2.304938e-01 1.649245e+00
476 4.016516e-10 6.425605e-01 1.564115e+00
477 3.161404e-10 2.128988e-01 1.697897e+00
478 3.039740e-10 3.848445e-02 1.633160e+00
479 2.544570e-10 1.628986e-01 1.674051e+00
480 3.428898e-10 3.475354e-01 1.613357e+00
481 2.586951e-10 2.455446e-01 1.661808e+00
482 3.307052e-10 2.783593e-01 1.648311e+00
483 2.590312e-10 2.167308e-01 1.667495e+00
484 3.239790e-10 2.507331e-01 1.742997e+00
485 2.527647e-10 2.198114e-01 1.779090e+00
486 3.792400e-10 5.003676e-01 1.608187e+00
487 2.948242e-10 2.225921e-01 1.574580e+00
488 3.305169e-10 1.210646e-01 1.524850e+00
489 2.208608e-10 3.317717e-01 1.532993e+00
490 2.662972e-10 2.057243e-01 1.632895e+00
491 2.856979e-10 7.285357e-02 1.631360e+00
492 2.504924e-10 1.232263e-01 1.642601e+00
493 2.291834e-10 8.506827e-02 1.614913e+00
494 2.746869e-10 1.985461e-01 1.553999e+00
495 2.952734e-10 7.494503e-02 1.704357e+00
496 2.099981e-10 2.888010e-01 1.590565e+00
497 2.478762e-10 1.803732e-01 1.483580e+00
498 2.444100e-10 1.398326e-02 1.554151e+00
499 2.738373e-10 1.204011e-01 1.504885e+00
500 2.673278e-10 2.377127e-02 1.413777e+00
501 2.766747e-10 3.496402e-02 1.332176e+00
502 2.594304e-10 6.232705e-02 1.345133e+00
503 2.076423e-10 1.996220e-01 1.374308e+00
504 2.656562e-10 2.793930e-01 1.378545e+00
505 2.603915e-10 1.981764e-02 1.480124e+00
506 2.597703e-10 2.385523e-03 1.588129e+00
507 2.228556e-10 1.421051e-01 1.474743e+00
508 2.387777e-10 7.144555e-02 1.480140e+00
509 2.280661e-10 4.485990e-02 1.524039e+00
510 2.502116e-10 9.710126e-02 1.507961e+00
511 1.859363e-10 2.568840e-01 1.473913e+00
512 2.598973e-10 3.977764e-01 1.534030e+00
513 2.199527e-10 1.536938e-01 1.618910e+00
514 2.041541e-10 7.182718e-02 1.589697e+00
515 2.220371e-10 8.759517e-02 1.504599e+00
516 2.423864e-10 9.164862e-02 1.573579e+00
517 2.361026e-10 2.592497e-02 1.582575e+00
518 1.953653e-10 1.725407e-01 1.652500e+00
519 2.237029e-10 1.450497e-01 1.569790e+00
520 2.001880e-10 1.051169e-01 1.499616e+00
521 2.345822e-10 1.718098e-01 1.484834e+00
522 2.180501e-10 7.047468e-02 1.478019e+00
523 1.962241e-10 1.000962e-01 1.533730e+00
524 2.460786e-10 2.540689e-01 1.559224e+00
525 2.135120e-10 1.323423e-01 1.519922e+00
526 1.528196e-10 2.842573e-01 1.528758e+00
527 1.840222e-10 2.041792e-01 1.444241e+00
528 1.943722e-10 5.624289e-02 1.459540e+00
529 1.462408e-10 2.476249e-01 1.455542e+00
530 1.885690e-10 2.894422e-01 1.438284e+00
531 1.246530e-10 3.389533e-01 1.439932e+00
532 1.272054e-10 2.047607e-02 1.464284e+00
533 6.208700e-11 5.119152e-01 1.459074e+00
