1 9.998519e-01 1.000000e+00 3.750117e+00
2 9.998485e-01 3.484604e-06 3.831623e+00
3 9.998437e-01 4.755394e-06 3.847316e+00
4 9.998369e-01 6.817449e-06 3.764749e+00
5 9.998347e-01 2.170835e-06 3.856198e+00
6 9.998326e-01 2.133245e-06 3.847397e+00
7 9.997553e-01 7.730930e-05 4.792122e+00
8 9.996325e-01 1.228502e-04 3.726351e+00
9 9.995729e-01 5.960479e-05 3.544350e+00
10 9.995426e-01 3.030590e-05 3.727615e+00
11 9.995062e-01 3.638356e-05 3.637172e+00
12 9.993996e-01 1.067049e-04 3.735633e+00
13 9.993683e-01 3.128152e-05 3.831658e+00
14 9.993312e-01 3.714744e-05 3.903938e+00
15 9.993281e-01 3.080441e-06 3.767429e+00
16 9.992953e-01 3.283135e-05 3.958732e+00
17 9.992865e-01 8.789904e-06 3.998087e+00
18 9.992455e-01 4.104842e-05 3.824187e+00
19 9.992531e-01 7.608490e-06 3.719301e+00
20 9.987918e-01 4.616414e-04 3.663388e+00
21 9.986988e-01 9.307661e-05 3.591660e+00
22 9.986345e-01 6.439051e-05 3.616278e+00
23 9.984991e-01 1.356596e-04 3.823396e+00
24 9.984625e-01 3.659769e-05 3.551813e+00
25 9.984295e-01 3.309232e-05 3.934960e+00
26 9.983677e-01 6.183103e-05 3.679985e+00
27 9.983558e-01 1.200458e-05 3.863247e+00
28 9.983532e-01 2.600498e-06 4.117122e+00
29 9.983023e-01 5.097659e-05 3.631199e+00
30 9.983054e-01 3.108454e-06 3.815344e+00
31 9.982767e-01 2.873506e-05 3.656322e+00
32 9.982536e-01 2.315439e-05 3.766886e+00
33 9.982663e-01 1.272429e-05 3.807818e+00
34 9.982174e-01 4.894907e-05 3.721367e+00
35 9.981252e-01 9.233389e-05 3.510109e+00
36 9.981305e-01 5.318715e-06 3.583828e+00
37 9.980102e-01 1.205396e-04 4.015660e+00
38 9.979346e-01 7.574870e-05 4.175071e+00
39 9.977766e-01 1.583841e-04 4.340613e+00
40 9.966276e-01 1.151555e-03 3.495739e+00
41 9.958415e-01 7.887332e-04 3.639827e+00
42 9.919230e-01 3.934826e-03 3.735932e+00
43 9.361917e-01 5.618517e-02 3.519337e+00
44 8.877005e-01 5.179622e-02 3.663781e+00
45 8.713011e-01 1.847402e-02 3.902891e+00
46 5.848603e-01 3.287506e-01 3.941350e+00
47 5.288612e-01 9.574795e-02 3.815166e+00
48 5.246215e-01 8.016621e-03 3.872032e+00
49 4.802896e-01 8.450262e-02 3.622172e+00
50 4.679049e-01 2.578588e-02 3.784357e+00
51 4.631267e-01 1.021202e-02 4.967701e+00
52 1.263407e-01 7.272006e-01 3.804499e+00
53 1.171486e-01 7.275614e-02 3.544171e+00
54 1.091928e-01 6.791204e-02 3.606993e+00
55 1.017906e-01 6.779060e-02 3.607705e+00
56 1.953754e-01 9.193860e-01 3.544010e+00
57 1.837840e-01 5.932878e-02 3.598524e+00
58 3.326252e-02 8.190130e-01 3.605154e+00
59 5.038982e-02 5.149130e-01 3.624638e+00
60 8.625216e-02 7.116981e-01 3.640319e+00
61 3.007237e-02 6.513436e-01 3.671356e+00
62 4.512181e-02 5.004407e-01 3.704324e+00
63 2.057691e-02 5.439698e-01 3.770439e+00
64 1.734381e-02 1.571227e-01 3.518909e+00
65 1.329796e-02 2.332735e-01 3.640317e+00
66 1.004319e-02 2.447568e-01 3.519411e+00
67 5.608295e-03 4.415824e-01 3.591708e+00
68 7.794223e-03 3.897670e-01 3.575950e+00
69 5.928685e-03 2.393488e-01 3.582006e+00
70 6.936160e-03 1.699322e-01 3.623722e+00
71 6.336688e-03 8.642698e-02 3.606993e+00
72 6.727147e-03 6.161872e-02 3.607880e+00
73 5.281641e-03 2.148766e-01 3.551625e+00
74 7.001495e-03 3.256288e-01 3.534679e+00
75 5.262591e-03 2.483618e-01 3.607589e+00
76 6.473900e-03 2.301734e-01 3.639728e+00
77 5.372002e-03 1.702061e-01 3.519629e+00
78 6.545814e-03 2.185054e-01 3.511613e+00
79 5.381168e-03 1.779222e-01 3.552535e+00
80 5.540476e-03 2.960471e-02 3.534848e+00
81 5.605323e-03 1.170411e-02 3.496546e+00
82 4.840504e-03 1.364450e-01 3.574881e+00
83 4.756923e-03 1.726698e-02 3.624123e+00
84 4.329552e-03 8.984191e-02 3.664091e+00
85 4.617904e-03 6.660077e-02 3.663407e+00
86 4.046983e-03 1.236321e-01 3.632138e+00
87 4.209215e-03 4.008710e-02 3.463054e+00
88 3.884334e-03 7.718311e-02 3.512455e+00
89 4.229462e-03 8.885125e-02 3.519805e+00
90 3.234122e-03 2.353350e-01 3.494327e+00
91 3.075928e-03 4.891392e-02 3.478096e+00
92 2.874949e-03 6.533940e-02 3.520424e+00
93 2.832807e-03 1.465827e-02 3.542612e+00
94 2.797140e-03 1.259066e-02 3.654481e+00
95 2.573466e-03 7.996527e-02 3.623198e+00
96 2.293954e-03 1.086133e-01 3.486918e+00
97 2.771782e-03 2.082990e-01 3.528410e+00
98 1.953102e-03 2.953625e-01 3.615730e+00
99 1.780345e-03 8.845237e-02 3.686931e+00
100 1.520299e-03 1.460653e-01 3.559888e+00
101 3.089093e-03 1.031899e+00 4.103920e+00
102 1.532990e-03 5.037413e-01 3.679226e+00
103 2.208868e-03 4.408889e-01 3.836506e+00
104 1.811436e-03 1.799255e-01 3.511582e+00
105 1.587009e-03 1.238944e-01 3.566891e+00
106 1.525899e-03 3.850667e-02 3.608246e+00
107 1.602870e-03 5.044339e-02 3.494973e+00
108 1.633388e-03 1.903938e-02 3.528020e+00
109 1.517046e-03 7.122753e-02 3.608141e+00
110 1.992208e-03 3.132155e-01 3.543674e+00
111 1.238473e-03 3.783413e-01 3.495732e+00
112 1.160996e-03 6.255885e-02 3.551245e+00
113 1.681588e-03 4.484014e-01 3.942377e+00
114 1.092181e-03 3.505061e-01 3.662491e+00
115 1.607604e-03 4.719204e-01 3.551738e+00
116 1.077927e-03 3.294823e-01 3.614704e+00
117 1.582719e-03 4.682986e-01 3.615784e+00
118 8.924622e-04 4.361208e-01 3.591693e+00
119 1.971056e-03 1.208559e+00 3.671607e+00
120 9.176019e-04 5.344617e-01 3.542864e+00
121 7.901475e-04 1.388994e-01 3.622819e+00
122 8.720434e-04 1.036463e-01 3.495222e+00
123 8.548122e-04 1.975958e-02 3.527403e+00
124 2.209952e-03 1.585307e+00 3.790965e+00
125 1.208453e-03 4.531767e-01 3.687107e+00
126 1.103204e-03 8.709399e-02 3.808017e+00
127 1.085189e-03 1.633008e-02 3.584202e+00
128 1.653959e-03 5.241216e-01 3.623445e+00
129 9.846710e-04 4.046582e-01 3.574064e+00
130 1.437114e-03 4.594862e-01 3.535980e+00
131 1.134924e-03 2.102753e-01 3.831143e+00
132 9.569370e-04 1.568274e-01 3.560055e+00
133 1.375326e-03 4.372168e-01 3.544355e+00
134 6.597459e-04 5.202985e-01 3.535200e+00
135 8.428086e-04 2.774747e-01 3.559763e+00
136 6.602754e-04 2.165773e-01 3.479412e+00
137 5.476236e-04 1.706135e-01 3.656358e+00
138 3.702557e-04 3.238865e-01 3.606967e+00
139 7.598121e-04 1.052128e+00 3.568093e+00
140 4.288978e-04 4.355212e-01 3.646788e+00
141 4.065887e-04 5.201496e-02 4.047693e+00
142 6.319727e-04 5.543291e-01 3.511589e+00
143 5.307276e-04 1.602048e-01 3.599771e+00
144 4.862555e-04 8.379451e-02 3.847491e+00
145 5.373515e-04 1.050805e-01 3.799478e+00
146 3.264502e-04 3.924829e-01 3.599795e+00
147 3.094890e-04 5.195639e-02 3.591308e+00
148 7.972195e-04 1.575922e+00 3.568199e+00
149 5.376057e-04 3.256490e-01 3.471609e+00
150 7.988744e-04 4.859857e-01 3.590755e+00
151 5.164581e-04 3.535177e-01 3.640219e+00
152 5.802144e-04 1.234490e-01 3.630852e+00
153 3.832286e-04 3.395051e-01 3.557860e+00
154 5.509009e-04 4.375253e-01 3.544300e+00
155 5.575723e-04 1.210999e-02 3.527344e+00
156 5.377009e-04 3.563916e-02 3.518963e+00
157 2.450489e-04 5.442654e-01 3.527270e+00
158 5.455862e-04 1.226438e+00 3.551995e+00
159 2.751859e-04 4.956142e-01 3.503858e+00
160 3.624009e-04 3.169311e-01 3.447862e+00
161 2.417799e-04 3.328386e-01 3.515789e+00
162 4.661995e-04 9.281981e-01 3.485544e+00
163 3.490640e-04 2.512563e-01 3.527123e+00
164 3.334032e-04 4.486493e-02 3.502535e+00
165 4.315479e-04 2.943722e-01 3.575665e+00
166 2.549095e-04 4.093135e-01 3.800444e+00
167 1.568254e-04 3.847800e-01 3.719365e+00
168 3.243530e-04 1.068243e+00 4.124899e+00
169 1.402566e-04 5.675805e-01 3.630441e+00
170 2.137226e-04 5.237978e-01 3.598685e+00
171 1.809429e-04 1.533753e-01 3.671248e+00
172 3.001979e-04 6.590760e-01 3.647876e+00
173 1.379031e-04 5.406261e-01 3.591625e+00
174 3.826019e-04 1.774426e+00 3.613450e+00
175 1.577000e-04 5.878222e-01 3.542993e+00
176 2.038904e-04 2.929004e-01 3.552109e+00
177 1.651047e-04 1.902281e-01 3.520039e+00
178 2.899157e-04 7.559505e-01 3.535002e+00
179 8.450174e-05 7.085300e-01 3.590368e+00
180 2.439128e-04 1.886482e+00 3.591647e+00
181 7.236110e-05 7.033321e-01 3.599392e+00
182 1.304562e-04 8.028492e-01 3.782261e+00
183 9.183947e-05 2.960127e-01 3.812717e+00
184 1.594602e-04 7.362928e-01 3.584406e+00
185 2.176002e-04 3.646049e-01 3.686966e+00
186 2.785115e-04 2.799230e-01 3.534828e+00
187 1.239177e-04 5.550714e-01 3.502849e+00
188 2.091272e-04 6.876297e-01 3.536324e+00
189 1.412397e-04 3.246233e-01 3.607816e+00
190 1.170884e-04 1.709950e-01 3.551402e+00
191 1.712754e-04 4.627870e-01 3.575125e+00
192 1.097653e-04 3.591294e-01 3.662895e+00
193 1.256277e-04 1.445117e-01 3.679944e+00
194 1.259990e-04 2.955309e-03 3.717468e+00
195 1.175132e-04 6.734833e-02 3.748256e+00
196 1.146389e-04 2.445877e-02 3.527469e+00
197 1.394080e-04 2.160613e-01 3.504514e+00
198 1.190760e-04 1.458453e-01 3.566914e+00
199 1.311476e-04 1.013775e-01 3.678808e+00
200 1.173543e-04 1.051735e-01 3.591796e+00
201 1.165876e-04 6.533547e-03 3.528363e+00
202 9.504276e-05 1.847953e-01 3.606939e+00
203 1.118713e-04 1.770633e-01 3.759843e+00
204 1.118326e-04 3.464944e-04 3.680069e+00
205 1.103200e-04 1.352560e-02 3.711315e+00
206 1.381926e-04 2.526523e-01 4.157087e+00
207 1.087176e-04 2.132889e-01 3.704480e+00
208 1.165822e-04 7.233910e-02 3.527930e+00
209 1.622388e-04 3.916261e-01 3.695649e+00
210 1.312321e-04 1.911178e-01 3.624027e+00
211 1.159063e-04 1.167840e-01 3.639158e+00
212 1.581294e-04 3.642873e-01 3.568274e+00
213 1.200328e-04 2.409208e-01 3.719376e+00
214 2.933660e-04 1.444049e+00 3.592075e+00
215 1.323799e-04 5.487552e-01 3.831695e+00
216 2.727877e-04 1.060643e+00 4.582907e+00
217 1.281393e-04 5.302601e-01 3.843044e+00
218 2.785954e-04 1.174160e+00 3.520135e+00
219 1.027564e-04 6.311627e-01 3.567499e+00
220 1.245268e-04 2.118642e-01 3.551714e+00
221 1.030244e-04 1.726723e-01 3.559204e+00
222 9.930559e-05 3.609679e-02 3.598055e+00
223 1.068789e-04 7.626256e-02 3.686803e+00
224 9.759497e-05 8.686389e-02 3.496236e+00
225 9.996195e-05 2.425305e-02 3.471633e+00
226 1.124414e-04 1.248418e-01 3.672123e+00
227 9.621682e-05 1.442934e-01 3.736053e+00
228 1.121393e-04 1.654858e-01 3.759061e+00
229 2.807287e-04 1.503392e+00 3.623491e+00
230 1.297482e-04 5.378165e-01 3.647469e+00
231 1.046440e-04 1.934837e-01 3.647067e+00
232 1.004129e-04 4.043361e-02 3.598925e+00
233 9.201780e-05 8.360580e-02 3.591895e+00
234 9.469910e-05 2.913895e-02 3.463148e+00
235 1.061048e-04 1.204418e-01 3.471255e+00
236 1.113761e-04 4.967998e-02 3.543449e+00
237 8.806809e-05 2.092731e-01 3.552201e+00
238 1.206577e-04 3.700505e-01 3.815723e+00
239 8.039394e-05 3.337026e-01 3.655275e+00
240 1.087467e-04 3.526735e-01 3.923783e+00
241 2.878131e-04 1.646636e+00 3.615172e+00
242 1.023325e-04 6.444481e-01 3.607408e+00
243 9.085605e-05 1.121486e-01 3.591294e+00
244 1.463028e-04 6.102701e-01 3.582909e+00
245 8.907152e-05 3.911837e-01 3.759410e+00
246 1.098155e-04 2.328916e-01 3.568336e+00
247 1.645116e-04 4.980726e-01 3.487513e+00
248 1.329972e-04 1.915633e-01 3.519720e+00
249 1.096483e-04 1.755599e-01 3.655661e+00
250 8.649583e-05 2.111518e-01 3.591683e+00
251 6.670010e-05 2.288634e-01 3.664132e+00
252 7.667651e-05 1.495712e-01 3.543295e+00
253 7.048218e-05 8.078520e-02 3.536062e+00
254 6.151914e-05 1.271675e-01 3.711257e+00
255 7.991742e-05 2.990659e-01 3.782194e+00
256 1.334215e-04 6.694926e-01 3.583502e+00
257 9.334325e-05 3.003885e-01 3.575638e+00
258 1.071082e-04 1.474657e-01 3.640278e+00
259 9.584470e-05 1.051599e-01 3.575406e+00
260 2.267780e-04 1.366099e+00 3.879635e+00
261 1.169828e-04 4.841529e-01 3.695599e+00
262 1.355228e-04 1.584850e-01 3.576116e+00
263 8.779121e-05 3.522034e-01 3.614402e+00
264 6.400554e-05 2.709345e-01 3.535651e+00
265 6.943191e-05 8.477961e-02 3.559979e+00
266 1.020327e-04 4.695357e-01 3.566811e+00
267 9.060286e-05 1.120210e-01 3.486537e+00
268 7.878165e-05 1.304728e-01 3.463567e+00
269 7.598716e-05 3.547139e-02 3.567565e+00
270 7.863008e-05 3.478125e-02 3.576145e+00
271 8.934644e-05 1.362883e-01 3.735497e+00
272 5.792312e-05 3.517020e-01 3.510470e+00
273 7.622191e-05 3.159150e-01 3.608579e+00
274 7.781772e-05 2.093633e-02 3.566822e+00
275 6.627301e-05 1.483558e-01 3.512345e+00
276 6.606659e-05 3.114667e-03 3.567169e+00
277 9.640887e-05 4.592681e-01 3.591712e+00
278 5.472865e-05 4.323277e-01 3.583843e+00
279 6.895277e-05 2.599027e-01 3.695279e+00
280 5.615242e-05 1.856394e-01 4.719523e+00
281 1.287285e-04 1.292484e+00 3.862956e+00
282 1.018827e-04 2.085460e-01 3.615573e+00
283 9.116737e-05 1.051731e-01 3.503336e+00
284 8.559216e-05 6.115354e-02 3.663346e+00
285 6.232271e-05 2.718643e-01 3.615221e+00
286 9.151652e-05 4.684297e-01 3.639958e+00
287 4.179657e-05 5.432893e-01 3.623603e+00
288 6.560196e-05 5.695536e-01 3.701990e+00
289 9.123570e-05 3.907466e-01 3.591781e+00
290 5.979674e-05 3.445906e-01 3.662421e+00
291 6.175544e-05 3.275603e-02 3.783062e+00
292 4.360512e-05 2.939064e-01 3.622583e+00
293 6.164284e-05 4.136606e-01 3.599768e+00
294 7.098497e-05 1.515526e-01 3.504132e+00
295 4.812432e-05 3.220492e-01 3.631434e+00
296 7.105243e-05 4.764350e-01 3.519864e+00
297 4.851672e-05 3.171702e-01 3.647383e+00
298 2.034590e-04 3.193585e+00 3.567695e+00
299 7.049355e-05 6.535245e-01 3.575765e+00
300 8.236496e-05 1.684042e-01 3.543925e+00
301 6.347862e-05 2.293006e-01 3.623348e+00
302 4.113629e-05 3.519663e-01 3.982301e+00
303 1.133609e-04 1.755739e+00 3.941708e+00
304 6.461184e-05 4.300340e-01 3.566899e+00
305 7.874307e-05 2.187096e-01 3.559310e+00
306 6.109317e-05 2.241455e-01 3.551038e+00
307 6.653677e-05 8.910326e-02 3.487993e+00
308 7.907406e-05 1.884266e-01 3.535691e+00
309 8.099456e-05 2.428735e-02 3.599203e+00
310 7.758291e-05 4.212197e-02 3.519260e+00
311 5.918093e-05 2.371911e-01 3.527584e+00
312 5.878351e-05 6.715424e-03 3.511687e+00
313 5.705719e-05 2.936745e-02 3.607471e+00
314 5.317679e-05 6.800882e-02 3.456479e+00
315 5.265590e-05 9.795569e-03 3.519262e+00
316 4.803007e-05 8.785002e-02 3.583332e+00
317 5.945713e-05 2.379147e-01 3.584124e+00
318 4.946942e-05 1.679818e-01 3.599927e+00
319 6.813177e-05 3.772501e-01 3.559418e+00
320 5.814700e-05 1.465508e-01 3.639784e+00
321 8.307314e-05 4.286746e-01 3.647770e+00
322 6.642024e-05 2.004607e-01 3.711950e+00
323 8.501972e-05 2.800272e-01 3.806780e+00
324 5.449869e-05 3.589877e-01 3.671310e+00
325 4.655524e-05 1.457548e-01 3.565411e+00
326 7.294245e-05 5.667934e-01 3.567922e+00
327 3.181122e-05 5.638861e-01 3.567846e+00
328 5.222473e-05 6.417080e-01 3.624293e+00
329 6.093377e-05 1.667608e-01 3.630958e+00
330 4.398023e-05 2.782290e-01 3.536311e+00
331 6.638912e-05 5.095220e-01 3.495332e+00
332 6.891444e-05 3.803813e-02 3.960119e+00
333 7.688947e-05 1.157236e-01 3.496019e+00
334 7.440031e-05 3.237317e-02 3.703766e+00
335 6.743962e-05 9.355737e-02 3.671745e+00
336 6.626233e-05 1.745688e-02 3.863009e+00
337 6.974442e-05 5.255014e-02 3.478974e+00
338 5.454944e-05 2.178667e-01 3.567258e+00
339 7.863687e-05 4.415706e-01 3.606501e+00
340 1.077406e-04 3.701025e-01 3.551823e+00
341 7.205979e-05 3.311731e-01 3.615442e+00
342 9.855181e-05 3.676395e-01 3.623290e+00
343 6.459553e-05 3.445525e-01 3.566050e+00
344 4.687806e-05 2.742832e-01 3.687038e+00
345 4.599516e-05 1.883402e-02 3.648405e+00
346 6.030095e-05 3.110282e-01 3.671794e+00
347 5.948247e-05 1.357321e-02 3.837509e+00
348 5.025346e-05 1.551551e-01 3.503808e+00
349 6.119018e-05 2.176311e-01 3.495892e+00
350 7.398620e-05 2.091189e-01 3.479648e+00
351 6.155251e-05 1.680542e-01 3.647757e+00
352 4.753160e-05 2.277878e-01 3.464287e+00
353 4.102750e-05 1.368375e-01 3.511238e+00
354 4.605669e-05 1.225810e-01 3.518528e+00
355 4.732114e-05 2.745435e-02 3.501102e+00
356 6.590919e-05 3.928064e-01 3.487449e+00
357 5.031047e-05 2.366699e-01 3.535969e+00
358 9.190117e-05 8.266808e-01 3.519788e+00
359 6.907006e-05 2.484312e-01 3.496164e+00
360 8.819032e-05 2.768243e-01 3.566845e+00
361 6.426003e-05 2.713483e-01 3.520411e+00
362 6.732977e-05 4.777057e-02 3.575799e+00
363 1.009783e-04 4.997569e-01 3.519768e+00
364 9.102870e-05 9.853192e-02 3.527212e+00
365 6.913882e-05 2.404723e-01 3.632000e+00
366 5.669284e-05 1.800144e-01 3.743824e+00
367 6.239296e-05 1.005440e-01 3.759154e+00
368 6.984394e-05 1.194203e-01 3.951267e+00
369 7.792477e-05 1.156984e-01 3.615830e+00
370 6.386450e-05 1.804339e-01 3.495474e+00
371 7.815114e-05 2.237022e-01 3.543661e+00
372 6.911350e-05 1.156430e-01 3.464479e+00
373 7.847272e-05 1.354181e-01 3.557946e+00
374 7.318974e-05 6.732251e-02 3.429728e+00
375 7.745971e-05 5.834109e-02 3.488419e+00
376 8.413097e-05 8.612547e-02 3.534714e+00
377 8.142659e-05 3.214486e-02 3.607897e+00
378 1.137672e-04 3.971753e-01 4.326960e+00
379 7.443533e-05 3.457225e-01 3.854428e+00
380 7.900157e-05 6.134507e-02 3.519848e+00
381 6.349364e-05 1.962990e-01 3.431739e+00
382 8.395052e-05 3.221880e-01 3.559246e+00
383 6.107782e-05 2.724545e-01 3.503084e+00
384 4.716265e-05 2.278270e-01 3.567763e+00
385 3.673466e-05 2.211070e-01 3.542990e+00
386 3.938742e-05 7.221422e-02 3.479273e+00
387 3.120275e-05 2.077991e-01 3.503234e+00
388 3.494147e-05 1.198202e-01 3.493648e+00
389 3.424470e-05 1.994110e-02 3.735097e+00
390 3.330379e-05 2.747595e-02 3.640392e+00
391 1.879467e-05 4.356597e-01 3.736424e+00
392 3.548341e-05 8.879504e-01 3.576098e+00
393 2.342804e-05 3.397467e-01 3.583329e+00
394 2.887486e-05 2.324916e-01 3.558908e+00
395 1.662893e-05 4.241034e-01 3.645930e+00
396 2.162314e-05 3.003321e-01 3.613711e+00
397 1.372645e-05 3.651964e-01 3.551508e+00
398 2.427745e-05 7.686628e-01 3.574767e+00
399 1.468917e-05 3.949459e-01 3.567561e+00
400 2.197636e-05 4.960926e-01 3.879252e+00
401 1.340338e-05 3.901001e-01 3.718231e+00
402 2.195877e-05 6.383009e-01 4.655254e+00
403 8.674380e-06 6.049697e-01 3.909977e+00
404 2.267662e-05 1.614206e+00 3.543617e+00
405 1.647452e-05 2.735018e-01 3.512033e+00
406 1.467779e-05 1.090612e-01 3.598899e+00
407 1.200501e-05 1.820970e-01 3.575568e+00
408 1.591543e-05 3.257326e-01 3.631517e+00
409 1.118564e-05 2.971831e-01 3.768278e+00
410 1.490072e-05 3.321301e-01 3.599154e+00
411 9.629521e-06 3.537548e-01 3.575828e+00
412 1.209456e-05 2.559874e-01 3.511579e+00
413 9.039381e-06 2.526075e-01 3.591854e+00
414 1.391642e-05 5.395326e-01 3.656463e+00
415 7.540183e-06 4.581810e-01 3.799235e+00
416 1.082521e-05 4.356693e-01 3.797379e+00
417 6.359999e-06 4.124826e-01 3.551778e+00
418 1.287560e-05 1.024465e+00 3.560592e+00
419 5.714525e-06 5.561740e-01 3.679430e+00
420 1.211333e-05 1.119743e+00 3.614892e+00
421 5.451288e-06 5.499759e-01 3.632031e+00
422 1.216022e-05 1.230706e+00 3.694810e+00
423 5.797115e-06 5.232722e-01 3.590432e+00
424 1.124755e-05 9.401973e-01 3.607599e+00
425 4.811604e-06 5.722086e-01 3.616314e+00
426 9.329769e-06 9.390143e-01 3.687101e+00
427 5.578383e-06 4.020878e-01 3.631499e+00
428 1.044672e-05 8.727157e-01 3.592473e+00
429 4.843066e-06 5.364035e-01 3.599125e+00
430 9.300499e-06 9.203744e-01 3.742371e+00
431 4.683629e-06 4.964110e-01 3.646497e+00
432 1.024905e-05 1.188272e+00 3.720073e+00
433 4.575682e-06 5.535507e-01 3.735769e+00
434 9.111395e-06 9.912649e-01 3.551579e+00
435 4.133396e-06 5.463487e-01 3.527810e+00
436 9.267592e-06 1.242125e+00 3.640056e+00
437 4.076017e-06 5.601860e-01 3.759218e+00
438 1.130904e-05 1.774533e+00 3.695115e+00
439 5.624687e-06 5.026380e-01 4.040887e+00
440 7.692530e-06 3.676370e-01 3.712225e+00
441 3.256381e-06 5.766827e-01 3.552061e+00
442 7.547693e-06 1.317816e+00 3.630858e+00
443 5.778478e-06 2.344048e-01 3.768112e+00
444 3.995117e-06 3.086212e-01 3.604420e+00
445 8.439980e-06 1.112574e+00 3.687502e+00
446 4.502943e-06 4.664747e-01 3.615404e+00
447 4.783230e-06 6.224537e-02 3.839419e+00
448 3.449826e-06 2.787664e-01 3.631074e+00
449 7.465744e-06 1.164093e+00 3.639775e+00
450 5.015940e-06 3.281394e-01 3.735179e+00
451 4.928719e-06 1.738883e-02 3.624477e+00
452 4.025766e-06 1.832022e-01 3.647599e+00
453 5.640907e-06 4.012008e-01 4.135839e+00
454 3.242683e-06 4.251486e-01 3.774039e+00
455 5.353326e-06 6.508941e-01 3.590719e+00
456 3.041683e-06 4.318143e-01 3.568117e+00
457 5.135924e-06 6.885136e-01 3.688132e+00
458 3.147251e-06 3.872083e-01 3.687888e+00
459 3.677799e-06 1.685748e-01 3.607347e+00
460 1.643659e-06 5.530863e-01 3.736098e+00
461 4.895724e-06 1.978553e+00 3.622831e+00
462 2.615512e-06 4.657558e-01 3.616611e+00
463 3.929680e-06 5.024514e-01 3.615405e+00
464 3.526246e-06 1.026633e-01 3.895137e+00
465 3.654637e-06 3.641024e-02 3.815143e+00
466 4.079279e-06 1.161927e-01 3.753298e+00
467 2.254967e-06 4.472144e-01 3.678721e+00
468 3.383703e-06 5.005554e-01 3.591016e+00
469 3.181314e-06 5.981283e-02 3.599425e+00
470 2.560033e-06 1.952907e-01 3.614228e+00
471 2.654105e-06 3.674660e-02 3.736421e+00
472 2.567366e-06 3.268118e-02 3.599482e+00
473 2.796445e-06 8.922707e-02 3.663204e+00
474 2.544750e-06 9.000529e-02 3.535669e+00
475 2.417045e-06 5.018353e-02 3.735758e+00
476 2.481642e-06 2.672537e-02 3.751804e+00
477 2.737023e-06 1.029083e-01 3.930891e+00
478 2.375154e-06 1.322127e-01 3.583143e+00
479 2.022106e-06 1.486420e-01 3.591815e+00
480 2.032329e-06 5.055578e-03 3.886770e+00
481 2.553005e-06 2.561962e-01 3.584020e+00
482 1.984760e-06 2.225788e-01 3.599612e+00
483 2.601214e-06 3.105938e-01 3.607166e+00
484 2.158986e-06 1.700084e-01 3.752562e+00
485 1.690915e-06 2.168012e-01 3.558950e+00
486 1.614925e-06 4.494022e-02 3.656496e+00
487 1.024240e-06 3.657664e-01 3.743126e+00
488 3.299939e-06 2.221842e+00 3.774399e+00
489 2.143573e-06 3.504205e-01 3.590839e+00
490 2.053527e-06 4.200758e-02 3.631564e+00
491 1.992908e-06 2.951899e-02 3.687443e+00
492 2.778551e-06 3.942191e-01 3.590352e+00
493 1.380002e-06 5.033377e-01 3.623613e+00
494 9.119679e-07 3.391545e-01 3.719248e+00
495 3.220536e-06 2.531414e+00 3.517612e+00
496 1.799802e-06 4.411484e-01 3.550237e+00
497 2.069252e-06 1.497112e-01 3.655331e+00
498 1.965892e-06 4.995028e-02 3.735690e+00
499 2.069010e-06 5.245304e-02 3.669362e+00
500 1.903055e-06 8.020981e-02 3.663458e+00
501 1.720693e-06 9.582553e-02 3.680275e+00
502 1.800764e-06 4.653411e-02 3.647840e+00
503 1.850257e-06 2.748418e-02 3.631401e+00
504 1.409192e-06 2.383803e-01 3.872117e+00
505 1.856229e-06 3.172292e-01 3.861827e+00
506 1.800525e-06 3.000900e-02 3.872124e+00
507 1.815975e-06 8.580645e-03 3.543108e+00
508 1.817305e-06 7.324861e-04 3.671891e+00
509 1.708310e-06 5.997640e-02 3.631640e+00
510 1.358212e-06 2.049382e-01 3.704206e+00
511 1.745496e-06 2.851427e-01 3.671344e+00
512 1.154407e-06 3.386366e-01 3.584061e+00
513 1.659815e-06 4.378075e-01 3.647225e+00
514 1.534530e-06 7.548123e-02 3.671721e+00
515 1.587373e-06 3.443545e-02 3.719258e+00
516 1.282906e-06 1.918057e-01 3.614397e+00
517 6.475242e-07 4.952674e-01 3.648624e+00
518 2.156834e-06 2.330893e+00 3.726935e+00
519 1.716637e-06 2.040943e-01 3.688239e+00
520 1.204833e-06 2.981431e-01 3.655552e+00
521 1.507029e-06 2.508195e-01 3.831063e+00
522 1.411381e-06 6.346754e-02 3.613634e+00
523 1.579269e-06 1.189528e-01 3.631482e+00
524 1.390451e-06 1.195607e-01 3.679298e+00
525 1.502100e-06 8.029707e-02 3.783899e+00
526 1.164085e-06 2.250279e-01 3.751472e+00
527 1.565760e-06 3.450565e-01 3.590552e+00
528 8.518190e-07 4.559710e-01 3.671622e+00
529 1.254185e-06 4.723606e-01 3.726719e+00
530 7.374172e-07 4.120346e-01 3.783604e+00
531 9.187656e-07 2.459238e-01 3.999482e+00
532 7.850771e-07 1.455088e-01 3.663561e+00
533 1.435053e-06 8.279138e-01 3.615358e+00
534 6.344835e-07 5.578677e-01 3.647635e+00
535 1.396458e-06 1.200937e+00 3.624205e+00
536 5.232839e-07 6.252778e-01 3.638946e+00
537 1.011109e-06 9.322380e-01 3.566732e+00
538 5.326641e-07 4.731883e-01 3.703196e+00
539 1.205345e-06 1.262861e+00 3.614515e+00
540 5.687350e-07 5.281556e-01 3.927654e+00
541 1.149935e-06 1.021917e+00 4.632006e+00
542 9.303501e-07 1.909542e-01 3.909761e+00
543 1.047324e-06 1.257308e-01 3.615505e+00
544 7.890960e-07 2.465596e-01 3.576017e+00
545 8.502979e-07 7.755946e-02 3.591956e+00
546 6.069189e-07 2.862279e-01 3.512077e+00
547 1.037110e-06 7.088108e-01 3.607710e+00
548 7.585958e-07 2.685481e-01 3.575106e+00
549 8.224723e-07 8.420350e-02 3.711788e+00
550 7.277521e-07 1.151652e-01 3.599793e+00
551 8.745586e-07 2.017261e-01 3.671475e+00
552 8.129904e-07 7.039922e-02 3.959767e+00
553 6.179683e-07 2.398824e-01 3.871360e+00
554 7.259960e-07 1.748111e-01 3.663117e+00
555 7.507383e-07 3.408048e-02 3.599480e+00
556 7.424329e-07 1.106301e-02 3.568180e+00
557 9.056305e-07 2.198147e-01 3.543621e+00
558 3.907443e-07 5.685389e-01 3.639887e+00
559 8.556580e-07 1.189816e+00 3.631177e+00
560 5.600673e-07 3.454543e-01 3.607960e+00
561 8.882124e-07 5.859030e-01 3.527729e+00
562 6.231370e-07 2.984369e-01 3.679432e+00
563 5.976338e-07 4.092718e-02 3.567649e+00
564 5.304455e-07 1.124238e-01 3.629936e+00
565 6.587905e-07 2.419570e-01 3.671039e+00
566 6.340171e-07 3.760448e-02 3.590664e+00
567 7.815296e-07 2.326634e-01 3.576200e+00
568 2.845076e-07 6.359606e-01 3.495203e+00
569 7.445483e-07 1.616971e+00 3.663967e+00
570 4.140346e-07 4.439116e-01 3.855419e+00
571 6.488638e-07 5.671729e-01 3.999790e+00
572 5.364792e-07 1.732022e-01 3.826067e+00
573 6.835488e-07 2.741385e-01 3.647516e+00
574 4.419037e-07 3.535156e-01 3.575653e+00
575 5.782653e-07 3.085776e-01 3.607317e+00
576 5.597535e-07 3.201253e-02 3.648251e+00
577 6.284889e-07 1.227958e-01 3.622916e+00
578 4.733847e-07 2.467890e-01 3.656544e+00
579 5.331381e-07 1.262258e-01 3.655871e+00
580 5.285503e-07 8.605128e-03 3.583218e+00
581 6.027240e-07 1.403342e-01 3.656138e+00
582 4.694176e-07 2.211732e-01 3.775283e+00
583 5.030345e-07 7.161411e-02 3.631652e+00
584 2.445967e-07 5.137576e-01 3.719282e+00
585 5.192611e-07 1.122928e+00 3.671896e+00
586 1.507516e-07 7.096806e-01 3.623586e+00
587 7.079239e-07 3.695963e+00 3.582916e+00
588 4.403624e-07 3.779523e-01 3.559821e+00
589 4.871726e-07 1.062991e-01 3.663970e+00
590 5.345286e-07 9.720576e-02 3.632004e+00
591 3.093705e-07 4.212274e-01 3.631299e+00
592 4.424872e-07 4.302826e-01 3.686710e+00
593 4.430855e-07 1.352068e-03 3.751566e+00
594 5.083132e-07 1.472123e-01 3.763939e+00
595 3.168257e-07 3.767116e-01 3.687895e+00
596 4.415927e-07 3.938034e-01 3.615747e+00
597 4.132197e-07 6.425150e-02 3.591356e+00
598 4.749735e-07 1.494454e-01 3.664257e+00
599 3.278535e-07 3.097436e-01 3.551778e+00
600 4.074729e-07 2.428507e-01 3.613151e+00
601 3.581025e-07 1.211626e-01 3.606497e+00
602 4.193762e-07 1.711067e-01 3.616116e+00
603 3.136289e-07 2.521539e-01 3.599580e+00
604 4.311246e-07 3.746330e-01 3.559315e+00
605 3.597736e-07 1.654997e-01 3.583794e+00
606 3.851117e-07 7.042805e-02 4.359913e+00
607 2.636945e-07 3.152778e-01 4.055343e+00
608 3.408190e-07 2.924767e-01 3.718204e+00
609 3.042109e-07 1.074123e-01 3.744236e+00
610 3.864266e-07 2.702590e-01 3.607380e+00
611 2.966537e-07 2.323155e-01 3.623847e+00
612 2.896155e-07 2.372533e-02 3.583158e+00
613 2.897903e-07 6.035605e-04 3.742777e+00
614 2.807254e-07 3.128117e-02 3.552642e+00
615 2.794563e-07 4.520799e-03 3.702932e+00
616 4.049807e-07 4.491739e-01 3.752085e+00
617 2.101916e-07 4.809836e-01 3.895183e+00
618 4.193098e-07 9.948929e-01 3.869922e+00
619 2.239452e-07 4.659193e-01 3.607787e+00
620 4.111588e-07 8.359792e-01 3.599060e+00
621 1.862641e-07 5.469778e-01 3.615904e+00
622 4.369929e-07 1.346094e+00 3.671302e+00
623 2.867485e-07 3.438143e-01 3.632034e+00
624 3.932926e-07 3.715593e-01 3.695377e+00
625 1.392227e-07 6.460075e-01 3.639619e+00
626 3.043981e-07 1.186412e+00 3.759862e+00
627 1.409946e-07 5.368085e-01 3.631412e+00
628 2.550122e-07 8.086665e-01 3.776275e+00
629 1.509478e-07 4.080763e-01 3.919353e+00
630 2.447633e-07 6.215096e-01 3.991369e+00
631 1.944232e-07 2.056686e-01 3.703299e+00
632 2.961467e-07 5.232068e-01 3.735965e+00
633 2.495983e-07 1.571800e-01 3.663404e+00
634 2.299032e-07 7.890736e-02 3.567681e+00
635 2.340855e-07 1.819149e-02 3.591978e+00
636 2.615591e-07 1.173657e-01 3.760428e+00
637 1.980143e-07 2.429461e-01 3.607358e+00
638 2.742625e-07 3.850643e-01 3.671284e+00
639 1.952308e-07 2.881609e-01 3.591722e+00
640 2.278708e-07 1.671866e-01 3.752167e+00
641 2.122017e-07 6.876278e-02 3.631424e+00
642 2.317636e-07 9.218521e-02 3.599954e+00
643 1.576174e-07 3.199218e-01 3.639052e+00
644 2.484421e-07 5.762358e-01 3.583342e+00
645 1.210166e-07 5.128984e-01 3.648132e+00
646 2.582527e-07 1.134028e+00 3.662927e+00
647 1.529579e-07 4.077200e-01 3.640036e+00
648 2.462757e-07 6.100881e-01 3.647154e+00
649 1.550507e-07 3.704183e-01 3.575448e+00
650 2.459767e-07 5.864278e-01 3.576334e+00
651 1.415329e-07 4.246086e-01 3.622339e+00
652 2.165924e-07 5.303327e-01 3.599677e+00
653 1.357396e-07 3.732946e-01 3.623960e+00
654 2.158012e-07 5.898170e-01 3.679308e+00
655 1.698865e-07 2.127638e-01 3.600317e+00
656 1.658240e-07 2.391299e-02 3.639802e+00
657 1.472260e-07 1.121549e-01 3.703267e+00
658 1.897580e-07 2.888893e-01 3.559704e+00
659 1.819656e-07 4.106487e-02 3.559941e+00
660 1.976262e-07 8.606307e-02 3.632039e+00
661 1.315742e-07 3.342266e-01 3.743370e+00
662 1.660504e-07 2.620284e-01 3.567875e+00
663 9.722159e-08 4.145056e-01 3.687570e+00
664 1.267982e-07 3.042188e-01 3.688152e+00
665 7.742616e-08 3.893750e-01 3.792281e+00
666 1.789473e-07 1.311199e+00 3.822719e+00
667 8.387859e-08 5.312665e-01 3.639569e+00
668 9.799366e-08 1.682798e-01 3.615808e+00
669 8.853675e-08 9.650537e-02 3.663230e+00
670 6.151631e-08 3.051889e-01 3.720279e+00
671 1.532725e-07 1.491576e+00 3.663267e+00
672 9.848320e-08 3.574636e-01 3.647795e+00
673 1.492163e-07 5.151451e-01 3.616182e+00
674 9.694909e-08 3.502783e-01 3.639078e+00
675 1.112076e-07 1.470720e-01 3.544042e+00
676 7.093772e-08 3.621143e-01 3.951676e+00
677 1.102411e-07 5.540545e-01 3.876974e+00
678 7.117972e-08 3.543267e-01 3.591158e+00
679 1.015766e-07 4.270434e-01 3.559473e+00
680 6.304910e-08 3.792948e-01 3.567962e+00
681 1.102998e-07 7.494267e-01 3.743625e+00
682 5.848346e-08 4.697771e-01 3.631803e+00
683 1.005800e-07 7.198024e-01 3.671812e+00
684 5.330610e-08 4.700129e-01 3.623793e+00
685 9.362707e-08 7.564045e-01 3.615028e+00
686 5.914610e-08 3.682799e-01 3.743029e+00
687 7.658086e-08 2.947746e-01 3.870427e+00
688 5.118211e-08 3.316592e-01 3.767954e+00
689 7.309194e-08 4.280758e-01 3.639483e+00
690 4.972448e-08 3.196995e-01 3.616125e+00
691 6.758041e-08 3.590974e-01 3.686912e+00
692 5.278932e-08 2.188666e-01 3.575990e+00
693 1.062003e-07 1.011776e+00 4.064153e+00
694 5.897751e-08 4.446578e-01 3.695926e+00
695 6.662958e-08 1.297456e-01 3.567208e+00
696 6.051926e-08 9.170590e-02 3.615813e+00
697 8.509634e-08 4.061036e-01 3.624167e+00
698 4.091548e-08 5.191863e-01 3.534721e+00
699 6.119384e-08 4.956157e-01 3.551715e+00
700 5.218510e-08 1.472164e-01 3.552143e+00
701 5.411902e-08 3.705890e-02 3.591616e+00
702 4.993158e-08 7.737473e-02 3.647637e+00
703 4.583861e-08 8.197160e-02 3.608159e+00
704 8.231581e-08 7.957746e-01 3.654827e+00
705 6.515121e-08 2.085213e-01 3.663944e+00
706 5.324580e-08 1.827350e-01 3.575327e+00
707 3.184642e-08 4.018981e-01 3.607945e+00
708 3.382814e-08 6.222746e-02 3.679818e+00
709 2.233666e-08 3.397016e-01 3.719577e+00
710 6.083084e-08 1.723363e+00 3.649286e+00
711 2.177472e-08 6.420446e-01 3.639493e+00
712 6.361613e-08 1.921559e+00 3.846988e+00
713 3.841548e-08 3.961361e-01 3.847728e+00
714 2.063493e-08 4.628487e-01 3.613547e+00
715 5.300864e-08 1.568879e+00 3.597114e+00
716 2.608611e-08 5.078895e-01 3.570357e+00
717 4.165459e-08 5.968115e-01 3.571586e+00
718 3.011067e-08 2.771345e-01 3.557534e+00
719 3.784944e-08 2.570109e-01 3.598870e+00
720 2.878916e-08 2.393770e-01 3.678771e+00
721 3.255831e-08 1.309228e-01 3.711896e+00
722 2.179443e-08 3.306031e-01 3.668613e+00
723 2.770842e-08 2.713533e-01 3.575056e+00
724 2.950079e-08 6.468681e-02 3.541186e+00
725 2.742895e-08 7.023010e-02 3.607392e+00
726 2.397056e-08 1.260852e-01 3.662412e+00
727 2.170688e-08 9.443587e-02 3.616168e+00
728 3.387715e-08 5.606641e-01 3.623269e+00
729 1.650942e-08 5.126680e-01 3.615450e+00
730 3.059569e-08 8.532266e-01 3.695750e+00
731 1.966266e-08 3.573390e-01 3.655283e+00
732 3.336972e-08 6.971114e-01 3.615616e+00
733 1.886360e-08 4.347090e-01 3.592329e+00
734 3.196140e-08 6.943419e-01 3.622945e+00
735 1.528736e-08 5.216929e-01 3.627777e+00
736 2.803435e-08 8.338254e-01 3.648011e+00
737 2.000054e-08 2.865702e-01 3.647345e+00
738 1.902412e-08 4.881979e-02 3.598573e+00
739 1.223384e-08 3.569300e-01 3.669083e+00
740 2.237851e-08 8.292297e-01 3.659223e+00
741 1.412090e-08 3.689971e-01 3.638860e+00
742 1.382154e-08 2.119954e-02 3.660595e+00
743 2.271066e-08 6.431346e-01 3.662438e+00
744 2.012907e-08 1.136730e-01 3.604979e+00
745 1.362504e-08 3.231163e-01 3.599836e+00
746 1.910124e-08 4.019214e-01 3.678970e+00
747 1.414953e-08 2.592348e-01 3.687157e+00
748 1.695976e-08 1.986092e-01 3.639865e+00
749 1.378364e-08 1.872739e-01 3.616068e+00
750 1.859790e-08 3.492737e-01 3.615811e+00
751 1.054057e-08 4.332388e-01 3.567569e+00
752 1.834080e-08 7.400201e-01 3.599634e+00
753 1.112326e-08 3.935240e-01 3.559355e+00
754 1.684542e-08 5.144326e-01 3.582182e+00
755 1.202392e-08 2.862203e-01 3.756661e+00
756 1.695940e-08 4.104719e-01 3.823195e+00
757 1.331036e-08 2.151635e-01 3.710458e+00
758 8.776266e-09 3.406437e-01 3.615660e+00
759 1.462615e-08 6.665575e-01 3.637620e+00
760 1.588905e-08 8.634499e-02 3.598980e+00
761 1.698657e-08 6.907442e-02 3.580356e+00
762 1.558343e-08 8.260298e-02 3.591917e+00
763 1.854776e-08 1.902234e-01 3.631129e+00
764 1.105504e-08 4.039694e-01 3.612536e+00
765 1.315367e-08 1.898352e-01 3.716084e+00
766 2.015801e-08 5.325010e-01 3.813872e+00
767 1.157946e-08 4.255657e-01 3.939718e+00
768 1.602656e-08 3.840516e-01 3.895305e+00
769 1.260644e-08 2.134037e-01 3.639325e+00
770 8.206234e-09 3.490441e-01 3.743276e+00
771 1.990769e-08 1.425923e+00 3.608510e+00
772 9.760137e-09 5.097304e-01 3.687611e+00
773 1.179831e-08 2.088265e-01 3.655891e+00
774 1.055536e-08 1.053496e-01 3.622524e+00
775 1.388295e-08 3.152503e-01 3.613810e+00
776 1.201625e-08 1.344594e-01 3.808107e+00
777 9.637057e-09 1.979982e-01 3.709812e+00
778 1.461838e-08 5.168928e-01 3.726755e+00
779 3.916092e-09 7.321119e-01 3.815418e+00
780 1.591911e-08 3.065050e+00 3.598350e+00
781 8.557229e-09 4.624555e-01 3.647102e+00
782 8.984581e-09 4.994046e-02 3.604290e+00
783 1.257836e-08 3.999939e-01 3.623686e+00
784 7.276133e-09 4.215355e-01 3.884637e+00
785 9.043529e-09 2.429031e-01 3.678485e+00
786 4.198682e-09 5.357253e-01 3.675926e+00
787 1.032586e-08 1.459311e+00 3.687471e+00
788 5.890248e-09 4.295637e-01 3.719277e+00
789 6.163624e-09 4.641178e-02 3.735371e+00
790 5.080367e-09 1.757501e-01 3.704069e+00
791 9.552686e-09 8.803142e-01 3.751823e+00
792 3.711476e-09 6.114731e-01 3.596880e+00
793 8.134053e-09 1.191595e+00 3.732234e+00
794 7.741556e-09 4.825362e-02 3.549401e+00
795 6.750217e-09 1.280542e-01 3.640005e+00
796 3.527324e-09 4.774503e-01 3.610128e+00
797 9.967954e-09 1.825925e+00 3.775065e+00
798 7.147004e-09 2.830019e-01 3.782410e+00
799 8.537556e-09 1.945643e-01 3.766405e+00
800 5.944975e-09 3.036678e-01 3.719529e+00
801 6.793796e-09 1.427795e-01 3.703485e+00
802 7.691774e-09 1.321763e-01 3.718760e+00
803 6.213706e-09 1.921622e-01 3.706648e+00
804 5.145512e-09 1.719094e-01 3.694991e+00
805 6.236140e-09 2.119572e-01 3.860272e+00
806 6.240002e-09 6.192434e-04 3.652713e+00
807 6.203113e-09 5.911722e-03 3.653155e+00
808 7.020366e-09 1.317488e-01 3.678966e+00
809 2.612965e-09 6.278022e-01 3.714891e+00
810 1.026245e-08 2.927512e+00 3.885036e+00
811 3.765912e-09 6.330397e-01 3.655273e+00
812 6.719136e-09 7.841990e-01 3.696300e+00
813 6.139317e-09 8.629379e-02 3.693825e+00
814 5.255732e-09 1.439223e-01 3.677064e+00
815 4.520090e-09 1.399696e-01 3.591630e+00
816 5.866921e-09 2.979656e-01 3.592424e+00
817 5.682493e-09 3.143525e-02 3.567416e+00
818 4.262614e-09 2.498690e-01 3.614606e+00
819 5.689147e-09 3.346613e-01 3.647457e+00
820 4.062815e-09 2.858656e-01 4.196856e+00
821 5.562850e-09 3.692107e-01 3.985527e+00
822 3.717682e-09 3.316947e-01 3.719378e+00
823 4.705646e-09 2.657472e-01 3.630555e+00
824 5.285503e-09 1.232258e-01 3.783954e+00
825 4.611362e-09 1.275453e-01 3.591267e+00
826 4.733390e-09 2.646250e-02 3.552431e+00
827 4.387729e-09 7.302609e-02 3.643050e+00
828 3.999749e-09 8.842375e-02 3.702133e+00
829 4.130738e-09 3.274930e-02 3.703718e+00
830 2.742261e-09 3.361329e-01 3.502342e+00
831 2.795508e-09 1.941701e-02 3.783865e+00
832 1.503347e-09 4.622275e-01 3.981875e+00
833 5.618555e-09 2.737364e+00 3.556242e+00
834 3.267588e-09 4.184291e-01 3.542320e+00
835 4.496578e-09 3.761152e-01 3.671469e+00
836 4.505712e-09 2.031403e-03 3.534161e+00
837 3.256684e-09 2.772100e-01 3.543702e+00
838 3.479119e-09 6.830124e-02 3.611529e+00
839 3.120076e-09 1.031995e-01 3.572239e+00
840 2.995930e-09 3.978932e-02 3.519523e+00
841 2.557739e-09 1.462622e-01 3.580747e+00
842 3.787646e-09 4.808572e-01 3.404650e+00
843 2.805056e-09 2.594196e-01 3.461797e+00
844 3.243952e-09 1.564659e-01 3.461128e+00
845 2.989657e-09 7.839061e-02 3.518889e+00
846 2.836680e-09 5.116871e-02 3.470688e+00
847 3.111408e-09 9.684849e-02 3.528047e+00
848 3.171957e-09 1.946036e-02 3.558863e+00
849 1.634383e-09 4.847400e-01 3.543639e+00
850 2.748725e-09 6.818124e-01 3.551978e+00
851 2.164493e-09 2.125464e-01 3.559332e+00
852 3.396414e-09 5.691499e-01 3.560138e+00
853 1.648704e-09 5.145753e-01 3.614169e+00
854 3.706380e-09 1.248057e+00 3.640288e+00
855 1.815362e-09 5.102062e-01 3.739445e+00
856 2.375852e-09 3.087483e-01 3.543998e+00
857 1.680780e-09 2.925567e-01 3.607642e+00
858 2.049636e-09 2.194552e-01 3.543427e+00
859 2.131190e-09 3.978944e-02 3.565786e+00
860 1.908730e-09 1.043830e-01 3.511606e+00
861 2.092114e-09 9.607630e-02 3.581777e+00
862 2.712202e-09 2.963931e-01 3.607403e+00
863 1.578462e-09 4.180146e-01 3.534481e+00
864 2.464324e-09 5.612184e-01 3.482579e+00
865 1.568778e-09 3.634041e-01 3.447126e+00
866 1.954239e-09 2.457075e-01 3.535738e+00
867 2.192075e-09 1.217027e-01 3.830086e+00
868 2.139889e-09 2.380648e-02 3.558577e+00
869 1.542051e-09 2.793783e-01 3.619727e+00
870 1.745105e-09 1.316780e-01 3.397544e+00
871 1.210452e-09 3.063731e-01 3.408240e+00
872 2.476817e-09 1.046192e+00 3.605680e+00
873 1.190038e-09 5.195294e-01 3.598960e+00
874 1.851477e-09 5.558139e-01 3.436569e+00
875 8.002286e-10 5.677891e-01 3.528087e+00
876 1.950359e-09 1.437253e+00 3.438444e+00
877 7.128403e-10 6.345082e-01 3.367816e+00
878 2.377071e-09 2.334647e+00 3.427057e+00
879 8.522001e-10 6.414916e-01 3.459939e+00
880 2.341064e-09 1.747083e+00 3.566854e+00
881 1.030454e-09 5.598353e-01 3.567440e+00
882 2.068412e-09 1.007282e+00 3.446688e+00
883 1.131409e-09 4.530058e-01 3.482390e+00
884 1.732258e-09 5.310624e-01 3.539310e+00
885 1.078696e-09 3.772890e-01 3.606689e+00
886 1.393088e-09 2.914556e-01 3.478316e+00
887 1.521474e-09 9.215901e-02 4.463966e+00
888 1.406614e-09 7.549223e-02 3.806996e+00
889 1.546603e-09 9.952141e-02 3.326196e+00
890 1.297194e-09 1.612621e-01 3.511778e+00
891 1.384491e-09 6.729649e-02 3.479746e+00
892 1.275193e-09 7.894448e-02 3.398062e+00
893 1.279951e-09 3.731352e-03 3.430585e+00
894 1.237718e-09 3.299613e-02 3.399986e+00
895 1.139789e-09 7.912027e-02 3.527687e+00
896 1.287440e-09 1.295425e-01 3.383580e+00
897 8.340633e-10 3.521538e-01 3.527884e+00
898 1.333887e-09 5.992641e-01 3.790385e+00
899 1.150822e-09 1.372422e-01 4.079287e+00
900 1.142507e-09 7.225189e-03 3.711300e+00
901 9.182116e-10 1.963185e-01 3.535491e+00
902 1.138380e-09 2.397794e-01 3.551133e+00
903 9.406314e-10 1.737105e-01 3.527480e+00
904 1.141560e-09 2.136101e-01 3.454432e+00
905 8.859354e-10 2.239255e-01 3.429567e+00
906 9.204770e-10 3.898884e-02 3.456572e+00
907 8.339981e-10 9.395013e-02 3.471141e+00
908 1.375191e-09 6.489143e-01 3.487971e+00
909 9.422434e-10 3.148275e-01 3.719823e+00
910 1.245057e-09 3.213752e-01 3.454947e+00
911 9.567125e-10 2.315915e-01 3.462894e+00
912 1.365659e-09 4.274501e-01 3.447852e+00
913 4.379124e-10 6.793400e-01 3.624169e+00
914 8.995575e-10 1.054195e+00 3.744935e+00
915 8.128586e-10 9.637958e-02 3.478808e+00
916 1.204716e-09 4.820732e-01 3.360106e+00
917 6.278201e-10 4.788646e-01 3.277982e+00
918 8.719977e-10 3.889292e-01 3.231082e+00
919 6.152260e-10 2.944638e-01 3.366983e+00
920 7.985173e-10 2.979251e-01 3.279777e+00
921 9.178180e-10 1.494029e-01 3.399851e+00
922 1.266941e-09 3.803841e-01 3.399928e+00
923 5.080999e-10 5.989555e-01 3.431991e+00
924 8.377863e-10 6.488614e-01 3.383146e+00
925 8.412109e-10 4.087670e-03 3.494678e+00
926 9.351653e-10 1.116895e-01 3.407310e+00
927 5.617529e-10 3.993010e-01 3.399279e+00
928 8.220618e-10 4.633868e-01 3.384216e+00
929 3.469837e-10 5.779105e-01 3.463489e+00
930 8.597425e-10 1.477761e+00 3.511732e+00
931 5.331732e-10 3.798455e-01 3.455606e+00
932 6.321310e-10 1.856017e-01 3.423802e+00
933 7.174756e-10 1.350110e-01 3.327739e+00
934 8.677770e-10 2.094863e-01 3.310093e+00
935 4.554535e-10 4.751492e-01 3.519368e+00
936 9.075672e-10 9.926674e-01 3.392039e+00
937 5.157165e-10 4.317595e-01 3.407565e+00
938 7.959337e-10 5.433551e-01 3.303791e+00
939 4.777503e-10 3.997612e-01 3.191246e+00
940 5.809927e-10 2.161012e-01 3.287552e+00
941 5.846992e-10 6.379563e-03 3.424000e+00
942 5.085442e-10 1.302464e-01 3.703669e+00
943 5.134487e-10 9.644238e-03 3.519612e+00
944 5.712001e-10 1.124774e-01 3.439892e+00
945 5.200470e-10 8.955370e-02 3.279454e+00
946 6.890606e-10 3.249967e-01 3.424583e+00
947 4.904838e-10 2.881848e-01 3.358932e+00
948 7.901867e-10 6.110354e-01 3.399633e+00
949 4.624704e-10 4.147327e-01 3.399978e+00
950 5.690165e-10 2.303847e-01 3.287548e+00
951 2.857672e-10 4.977875e-01 3.336396e+00
952 6.521188e-10 1.281993e+00 3.390856e+00
953 3.446042e-10 4.715622e-01 3.239930e+00
954 2.523829e-10 2.676152e-01 3.351637e+00
955 6.789803e-10 1.690279e+00 4.192132e+00
956 3.075998e-10 5.469680e-01 3.902696e+00
957 3.723730e-10 2.105761e-01 3.391584e+00
958 3.142364e-10 1.561246e-01 3.255176e+00
959 3.851157e-10 2.255604e-01 3.240012e+00
960 3.207686e-10 1.670851e-01 3.463469e+00
961 3.848847e-10 1.998825e-01 3.391959e+00
962 2.613690e-10 3.209160e-01 3.727537e+00
963 4.776112e-10 8.273441e-01 3.461935e+00
964 2.839406e-10 4.054983e-01 3.454064e+00
965 3.760383e-10 3.243553e-01 3.567811e+00
966 2.250014e-10 4.016531e-01 3.640162e+00
967 3.473127e-10 5.436029e-01 3.532481e+00
968 2.305285e-10 3.362510e-01 3.748486e+00
969 2.460915e-10 6.751008e-02 3.472199e+00
970 2.438664e-10 9.041796e-03 3.442676e+00
971 2.189271e-10 1.022661e-01 3.399096e+00
972 3.879204e-10 7.719157e-01 3.526639e+00
973 2.706726e-10 3.022470e-01 3.376223e+00
974 4.048877e-10 4.958577e-01 3.487148e+00
975 2.452571e-10 3.942588e-01 3.279445e+00
976 3.673878e-10 4.979697e-01 3.359321e+00
977 1.781320e-10 5.151392e-01 3.599322e+00
978 1.752409e-10 1.622966e-02 3.614716e+00
979 1.134483e-10 3.526156e-01 3.694986e+00
980 1.248346e-10 1.003659e-01 3.591310e+00
981 2.219458e-10 7.779191e-01 3.452477e+00
982 1.569539e-10 2.928278e-01 3.383579e+00
983 2.512159e-10 6.005715e-01 3.526253e+00
984 1.259967e-10 4.984528e-01 3.567160e+00
985 1.859135e-10 4.755432e-01 3.575901e+00
986 1.236174e-10 3.350809e-01 3.493358e+00
987 2.336500e-10 8.901052e-01 3.616387e+00
988 1.977237e-10 1.537610e-01 3.439103e+00
989 1.457470e-10 2.628757e-01 3.424270e+00
990 1.657912e-10 1.375273e-01 3.287510e+00
991 1.093359e-10 3.405205e-01 3.166233e+00
992 1.082142e-10 1.025883e-02 3.352492e+00
993 7.739365e-11 2.848107e-01 3.152097e+00
