1 9.986345e-01 1.000000e+00 1.859039e+00
2 9.983873e-01 2.475235e-04 1.855377e+00
3 9.983517e-01 3.559032e-05 1.847845e+00
4 9.983114e-01 4.037904e-05 2.079678e+00
5 9.983139e-01 2.485417e-06 1.998744e+00
6 9.982854e-01 2.853456e-05 1.874760e+00
7 9.976974e-01 5.889874e-04 1.924925e+00
8 9.964105e-01 1.289893e-03 1.869580e+00
9 9.917264e-01 4.700984e-03 1.809772e+00
10 9.912826e-01 4.475340e-04 2.234633e+00
11 9.882190e-01 3.090517e-03 1.849820e+00
12 9.848894e-01 3.369251e-03 1.829280e+00
13 9.630122e-01 2.221293e-02 1.869143e+00
14 9.129256e-01 5.201034e-02 1.794078e+00
15 8.805635e-01 3.544878e-02 1.805278e+00
16 5.780831e-01 3.435077e-01 1.851779e+00
17 3.564656e-01 3.833662e-01 1.808598e+00
18 2.097581e-01 4.115615e-01 1.863321e+00
19 1.364195e-01 3.496341e-01 1.869407e+00
20 9.835826e-02 2.790014e-01 1.847798e+00
21 7.710497e-02 2.160803e-01 1.803529e+00
22 6.126332e-02 2.054556e-01 1.759814e+00
23 5.981975e-02 2.356341e-02 1.744742e+00
24 4.254467e-02 2.887855e-01 1.778687e+00
25 3.580118e-02 1.585038e-01 1.754402e+00
26 4.189874e-02 1.703173e-01 1.793215e+00
27 2.733340e-02 3.476319e-01 1.822311e+00
28 2.541717e-02 7.010592e-02 1.908623e+00
29 1.955581e-02 2.306063e-01 1.823759e+00
30 1.736609e-02 1.119730e-01 1.740373e+00
31 1.644103e-02 5.326815e-02 1.788776e+00
32 1.413344e-02 1.403554e-01 1.834217e+00
33 1.663811e-02 1.772159e-01 1.809138e+00
34 1.256960e-02 2.445300e-01 1.805759e+00
35 1.262353e-02 4.291137e-03 1.788830e+00
36 9.211136e-03 2.703203e-01 1.759000e+00
37 7.723395e-03 1.615155e-01 1.769349e+00
38 1.119270e-02 4.491945e-01 1.750525e+00
39 8.192325e-03 2.680655e-01 1.758208e+00
40 9.734505e-03 1.882470e-01 1.889387e+00
41 7.053766e-03 2.753852e-01 1.964865e+00
42 7.382615e-03 4.662037e-02 1.789858e+00
43 8.657724e-03 1.727178e-01 1.779337e+00
44 6.870404e-03 2.064423e-01 1.790614e+00
45 9.463824e-03 3.774771e-01 1.774038e+00
46 8.230327e-03 1.303382e-01 1.819155e+00
47 8.065892e-03 1.997906e-02 1.789807e+00
48 6.386472e-03 2.082126e-01 1.767997e+00
49 6.661096e-03 4.300091e-02 1.844182e+00
50 6.731741e-03 1.060567e-02 1.784787e+00
51 6.255198e-03 7.079049e-02 1.775031e+00
52 6.387894e-03 2.121366e-02 1.759484e+00
53 5.231241e-03 1.810695e-01 1.708392e+00
54 6.058715e-03 1.581793e-01 1.754923e+00
55 4.964628e-03 1.805807e-01 1.750140e+00
56 8.193349e-03 6.503450e-01 1.708038e+00
57 5.347418e-03 3.473465e-01 1.674953e+00
58 4.972488e-03 7.011423e-02 1.724805e+00
59 6.056121e-03 2.179257e-01 1.770075e+00
60 3.754752e-03 3.800070e-01 1.760308e+00
61 4.234941e-03 1.278881e-01 1.768725e+00
62 4.164402e-03 1.665628e-02 1.759115e+00
63 4.248330e-03 2.015360e-02 1.789285e+00
64 4.324597e-03 1.795235e-02 1.744064e+00
65 4.205603e-03 2.751566e-02 1.759115e+00
66 4.240620e-03 8.326321e-03 1.759754e+00
67 3.667494e-03 1.351516e-01 1.764302e+00
68 3.636053e-03 8.572898e-03 1.780094e+00
69 3.628777e-03 2.001014e-03 1.721553e+00
70 3.658614e-03 8.222216e-03 1.719091e+00
71 4.014767e-03 9.734646e-02 1.739653e+00
72 3.411963e-03 1.501466e-01 1.744850e+00
73 3.741809e-03 9.667313e-02 1.659444e+00
74 3.384886e-03 9.538773e-02 1.660384e+00
75 3.555494e-03 5.040303e-02 1.714132e+00
76 3.321813e-03 6.572416e-02 1.658939e+00
77 3.044582e-03 8.345762e-02 1.790434e+00
78 4.094149e-03 3.447328e-01 1.849464e+00
79 3.650307e-03 1.084089e-01 1.684478e+00
80 2.677904e-03 2.663893e-01 1.700298e+00
81 2.523649e-03 5.760288e-02 1.714530e+00
82 1.578353e-03 3.745750e-01 1.678713e+00
83 2.169471e-03 3.745156e-01 1.674717e+00
84 1.522650e-03 2.981470e-01 1.688268e+00
85 1.524263e-03 1.059490e-03 1.673288e+00
86 1.382072e-03 9.328485e-02 1.690637e+00
87 1.627395e-03 1.775037e-01 1.700213e+00
88 1.380690e-03 1.515952e-01 1.694114e+00
89 1.300148e-03 5.833474e-02 1.699961e+00
90 1.237122e-03 4.847553e-02 1.679880e+00
91 1.134606e-03 8.286671e-02 1.619776e+00
92 1.127891e-03 5.918562e-03 1.578347e+00
93 8.337505e-04 2.607880e-01 1.608826e+00
94 7.105437e-04 1.477742e-01 1.628307e+00
95 7.007722e-04 1.375223e-02 1.615129e+00
96 8.803503e-04 2.562575e-01 1.609707e+00
97 6.245370e-04 2.905813e-01 1.589800e+00
98 5.307876e-04 1.501103e-01 1.584631e+00
99 8.800706e-04 6.580469e-01 1.595121e+00
100 5.085705e-04 4.221253e-01 1.575175e+00
101 5.654148e-04 1.117727e-01 1.603324e+00
102 4.768696e-04 1.566022e-01 1.664544e+00
103 4.290382e-04 1.003029e-01 1.709692e+00
104 3.763808e-04 1.227336e-01 1.690205e+00
105 3.673272e-04 2.405440e-02 1.609118e+00
106 4.775144e-04 2.999702e-01 1.578341e+00
107 3.722847e-04 2.203697e-01 1.582553e+00
108 4.038879e-04 8.488982e-02 1.625082e+00
109 3.662602e-04 9.316375e-02 1.619839e+00
110 3.268452e-04 1.076146e-01 1.620159e+00
111 3.415222e-04 4.490490e-02 1.604725e+00
112 2.883161e-04 1.557909e-01 1.593653e+00
113 3.163631e-04 9.727845e-02 1.600025e+00
114 2.574683e-04 1.861618e-01 1.604426e+00
115 2.646298e-04 2.781485e-02 1.610345e+00
116 1.993945e-04 2.465153e-01 1.630105e+00
117 1.775157e-04 1.097260e-01 1.624052e+00
118 2.018053e-04 1.368307e-01 1.604337e+00
119 1.997614e-04 1.012836e-02 1.578742e+00
120 1.848287e-04 7.475261e-02 1.594715e+00
121 1.995351e-04 7.956781e-02 1.603275e+00
122 1.736094e-04 1.299305e-01 1.618949e+00
123 1.479794e-04 1.476302e-01 1.624869e+00
124 1.070345e-04 2.766935e-01 1.624454e+00
125 1.556785e-04 4.544705e-01 1.604435e+00
126 7.287123e-05 5.319120e-01 1.585297e+00
127 9.734240e-05 3.358138e-01 1.643815e+00
128 7.259948e-05 2.541844e-01 1.609110e+00
129 9.021610e-05 2.426549e-01 1.589992e+00
130 6.125150e-05 3.210580e-01 1.680063e+00
131 5.846625e-05 4.547231e-02 1.679753e+00
132 7.037474e-05 2.036815e-01 1.704977e+00
133 7.324005e-05 4.071505e-02 1.663620e+00
134 4.240689e-05 4.209877e-01 1.693594e+00
135 6.023646e-05 4.204406e-01 1.704623e+00
136 4.636826e-05 2.302294e-01 1.754465e+00
137 6.606713e-05 4.248353e-01 1.684257e+00
138 4.350805e-05 3.414570e-01 1.753894e+00
139 4.303011e-05 1.098496e-02 1.780158e+00
140 3.959367e-05 7.986143e-02 1.803626e+00
141 3.193533e-05 1.934232e-01 1.690385e+00
142 2.794349e-05 1.249976e-01 1.763671e+00
143 2.716496e-05 2.786112e-02 1.709792e+00
144 3.437602e-05 2.654546e-01 1.724420e+00
145 3.630565e-05 5.613316e-02 1.720896e+00
146 2.637474e-05 2.735363e-01 1.677196e+00
147 2.761962e-05 4.719959e-02 1.696689e+00
148 3.045384e-05 1.026165e-01 1.708899e+00
149 2.695356e-05 1.149375e-01 1.669981e+00
150 2.716889e-05 7.989197e-03 1.674987e+00
151 2.529023e-05 6.914747e-02 1.684854e+00
152 2.216054e-05 1.237508e-01 1.708645e+00
153 2.173752e-05 1.908933e-02 1.685366e+00
154 2.124846e-05 2.249805e-02 1.704685e+00
155 2.079300e-05 2.143532e-02 1.714666e+00
156 1.721734e-05 1.719644e-01 1.689983e+00
157 2.628400e-05 5.266001e-01 1.690110e+00
158 1.583386e-05 3.975855e-01 1.684988e+00
159 1.496763e-05 5.470753e-02 1.714844e+00
160 1.422518e-05 4.960337e-02 1.673190e+00
161 1.490286e-05 4.763934e-02 1.697221e+00
162 1.679356e-05 1.268682e-01 1.584233e+00
163 1.367152e-05 1.859070e-01 1.674158e+00
164 2.008113e-05 4.688291e-01 1.654811e+00
165 1.165245e-05 4.197311e-01 1.654595e+00
166 1.335375e-05 1.460032e-01 1.929807e+00
167 1.123789e-05 1.584466e-01 1.844695e+00
168 1.492032e-05 3.276792e-01 1.679519e+00
169 1.186309e-05 2.049037e-01 1.680443e+00
170 1.195193e-05 7.488736e-03 1.658845e+00
171 1.240630e-05 3.801637e-02 1.654924e+00
172 1.026604e-05 1.725138e-01 1.694842e+00
173 8.941949e-06 1.289778e-01 1.674185e+00
174 1.020377e-05 1.411131e-01 1.682437e+00
175 1.183539e-05 1.599033e-01 1.688720e+00
176 8.330601e-06 2.961280e-01 1.704545e+00
177 7.618276e-06 8.550702e-02 1.707525e+00
178 7.815131e-06 2.583984e-02 1.663955e+00
179 7.354142e-06 5.898674e-02 1.673843e+00
180 7.405985e-06 7.049457e-03 1.690176e+00
181 5.753324e-06 2.231521e-01 1.744151e+00
182 5.660626e-06 1.611209e-02 1.889633e+00
183 6.145679e-06 8.568906e-02 1.698433e+00
184 5.000624e-06 1.863188e-01 1.659268e+00
185 4.810437e-06 3.803270e-02 1.679962e+00
186 5.127624e-06 6.593741e-02 1.703895e+00
187 3.582215e-06 3.013889e-01 1.659020e+00
188 3.550492e-06 8.855789e-03 1.654477e+00
189 1.972492e-06 4.444454e-01 1.654796e+00
190 2.890204e-06 4.652547e-01 1.643416e+00
191 1.980045e-06 3.149117e-01 1.677741e+00
192 1.910687e-06 3.502821e-02 1.679683e+00
193 2.240920e-06 1.728346e-01 1.680513e+00
194 2.072858e-06 7.499692e-02 1.674505e+00
195 1.906603e-06 8.020558e-02 1.704432e+00
196 2.412738e-06 2.654638e-01 1.632246e+00
197 2.268483e-06 5.978880e-02 1.669800e+00
198 1.980876e-06 1.267838e-01 1.729526e+00
199 1.891106e-06 4.531862e-02 1.819639e+00
200 2.062313e-06 9.053289e-02 1.667776e+00
201 1.510823e-06 2.674130e-01 1.598187e+00
202 1.401765e-06 7.218476e-02 1.628078e+00
203 1.546236e-06 1.030638e-01 1.693859e+00
204 9.179228e-07 4.063502e-01 1.673122e+00
205 1.312435e-06 4.297874e-01 1.743852e+00
206 1.197506e-06 8.756866e-02 1.675046e+00
207 1.124114e-06 6.128789e-02 1.644272e+00
208 1.137796e-06 1.217178e-02 1.589845e+00
209 1.136515e-06 1.125841e-03 1.595189e+00
210 1.171200e-06 3.051842e-02 1.594622e+00
211 1.031756e-06 1.190605e-01 1.549300e+00
212 9.204519e-07 1.078785e-01 1.579852e+00
213 7.966694e-07 1.344802e-01 1.645018e+00
214 9.526164e-07 1.957488e-01 1.628756e+00
215 9.948945e-07 4.438105e-02 1.618874e+00
216 1.327071e-06 3.338813e-01 1.614746e+00
217 7.671229e-07 4.219430e-01 1.598485e+00
218 8.936078e-07 1.648822e-01 1.655225e+00
219 5.241296e-07 4.134679e-01 1.634697e+00
220 5.789687e-07 1.046288e-01 1.623945e+00
221 6.316971e-07 9.107305e-02 1.615510e+00
222 5.782297e-07 8.464090e-02 1.604885e+00
223 7.668135e-07 3.261399e-01 1.594003e+00
224 5.842145e-07 2.381270e-01 1.594533e+00
225 5.870648e-07 4.878939e-03 1.599497e+00
226 6.059890e-07 3.223524e-02 1.583726e+00
227 5.252759e-07 1.331923e-01 1.563216e+00
228 4.882538e-07 7.048132e-02 1.564256e+00
229 5.896695e-07 2.077110e-01 1.560016e+00
230 5.505647e-07 6.631652e-02 1.533319e+00
231 4.476997e-07 1.868355e-01 1.519466e+00
232 3.494571e-07 2.194386e-01 1.555049e+00
233 4.226742e-07 2.095168e-01 1.533272e+00
234 3.767294e-07 1.087004e-01 1.555005e+00
235 4.127735e-07 9.567658e-02 1.599191e+00
236 3.174425e-07 2.309524e-01 1.554164e+00
237 3.831683e-07 2.070481e-01 1.622696e+00
238 3.025557e-07 2.103844e-01 1.624702e+00
239 3.467267e-07 1.459928e-01 1.583370e+00
240 3.228029e-07 6.899891e-02 1.574234e+00
241 4.326477e-07 3.402845e-01 1.524746e+00
242 2.416131e-07 4.415478e-01 1.528345e+00
243 1.802170e-07 2.541089e-01 1.509599e+00
244 2.014044e-07 1.175660e-01 1.583938e+00
245 1.492519e-07 2.589443e-01 1.654234e+00
246 1.688715e-07 1.314527e-01 1.504394e+00
247 1.423511e-07 1.570445e-01 1.485575e+00
248 1.659113e-07 1.655074e-01 1.489892e+00
249 1.395120e-07 1.591167e-01 1.433554e+00
250 1.348261e-07 3.358817e-02 1.459642e+00
251 1.527331e-07 1.328158e-01 1.530365e+00
252 1.325852e-07 1.319160e-01 1.527967e+00
253 1.533711e-07 1.567742e-01 1.513331e+00
254 1.180969e-07 2.299922e-01 1.523654e+00
255 1.193082e-07 1.025638e-02 1.502420e+00
256 1.211171e-07 1.516179e-02 1.511043e+00
257 1.302230e-07 7.518259e-02 1.518494e+00
258 2.035079e-07 5.627647e-01 1.497634e+00
259 1.257287e-07 3.821927e-01 1.515275e+00
260 1.141867e-07 9.180031e-02 1.532337e+00
261 1.128484e-07 1.172084e-02 1.616923e+00
262 9.161004e-08 1.882025e-01 1.667337e+00
263 9.422475e-08 2.854177e-02 1.692688e+00
264 7.836359e-08 1.683333e-01 1.608323e+00
265 7.747560e-08 1.133160e-02 1.599215e+00
266 6.917434e-08 1.071467e-01 1.593976e+00
267 8.351318e-08 2.072855e-01 1.618958e+00
268 7.268078e-08 1.297089e-01 1.661385e+00
269 6.904802e-08 4.998235e-02 1.618739e+00
270 4.134262e-08 4.012483e-01 1.613163e+00
271 5.536139e-08 3.390874e-01 1.577993e+00
272 3.485937e-08 3.703305e-01 1.603714e+00
273 5.430181e-08 5.577391e-01 1.593508e+00
274 5.066517e-08 6.697083e-02 1.583328e+00
275 4.254070e-08 1.603561e-01 1.553659e+00
276 3.595075e-08 1.549093e-01 1.563558e+00
277 3.220349e-08 1.042332e-01 1.564107e+00
278 3.511295e-08 9.034613e-02 1.614059e+00
279 4.804362e-08 3.682595e-01 1.610006e+00
280 4.284041e-08 1.083019e-01 1.548922e+00
281 2.984252e-08 3.034026e-01 1.504193e+00
282 4.277054e-08 4.332083e-01 1.529085e+00
283 3.339600e-08 2.191822e-01 1.543963e+00
284 4.123891e-08 2.348459e-01 1.538745e+00
285 2.830701e-08 3.135850e-01 1.565248e+00
286 2.402902e-08 1.511284e-01 1.614838e+00
287 2.404910e-08 8.360234e-04 1.608577e+00
288 1.953822e-08 1.875699e-01 1.614384e+00
289 2.701702e-08 3.827782e-01 1.615151e+00
290 1.607981e-08 4.048267e-01 1.599206e+00
291 2.549298e-08 5.854034e-01 1.594796e+00
292 1.945037e-08 2.370307e-01 1.614861e+00
293 1.407208e-08 2.765134e-01 1.619262e+00
294 1.366158e-08 2.917091e-02 1.614928e+00
295 1.873192e-08 3.711385e-01 1.654254e+00
296 1.169698e-08 3.755592e-01 1.644965e+00
297 2.522377e-08 1.156435e+00 1.544542e+00
298 1.653671e-08 3.444001e-01 1.569131e+00
299 1.126786e-08 3.186154e-01 1.599339e+00
300 1.510768e-08 3.407767e-01 1.602340e+00
301 9.026102e-09 4.025487e-01 1.594805e+00
302 1.288976e-08 4.280542e-01 1.604018e+00
303 8.439429e-09 3.452611e-01 1.633729e+00
304 1.634658e-08 9.369293e-01 1.604991e+00
305 1.551228e-08 5.103772e-02 1.593523e+00
306 8.506065e-09 4.516562e-01 1.539416e+00
307 1.186878e-08 3.953314e-01 1.594841e+00
308 1.117894e-08 5.812255e-02 1.594832e+00
309 7.991764e-09 2.851051e-01 1.574442e+00
310 1.152655e-08 4.423038e-01 1.544112e+00
311 9.623490e-09 1.651024e-01 1.574689e+00
312 6.292666e-09 3.461139e-01 1.598252e+00
313 9.273955e-09 4.737719e-01 1.600229e+00
314 6.032750e-09 3.494955e-01 1.598414e+00
315 7.878573e-09 3.059672e-01 1.574822e+00
316 6.460192e-09 1.800303e-01 1.579251e+00
317 8.541418e-09 3.221617e-01 1.559951e+00
318 8.418282e-09 1.441640e-02 1.583087e+00
319 5.471549e-09 3.500397e-01 1.594112e+00
320 5.706852e-09 4.300487e-02 1.580180e+00
321 4.601009e-09 1.937746e-01 1.599473e+00
322 6.664156e-09 4.484119e-01 1.624985e+00
323 7.223812e-09 8.398000e-02 1.592636e+00
324 6.067236e-09 1.601060e-01 1.587827e+00
325 6.713992e-09 1.065981e-01 1.552890e+00
326 5.435618e-09 1.904045e-01 1.569811e+00
327 4.058217e-09 2.534029e-01 1.607946e+00
328 5.145114e-09 2.678264e-01 1.594185e+00
329 5.839379e-09 1.349368e-01 1.578872e+00
330 4.437161e-09 2.401314e-01 1.588666e+00
331 2.913829e-09 3.433123e-01 1.578017e+00
332 4.581509e-09 5.723328e-01 1.615377e+00
333 3.140906e-09 3.144385e-01 1.560015e+00
334 3.371445e-09 7.339897e-02 1.493234e+00
335 2.942972e-09 1.270888e-01 1.514279e+00
336 4.511909e-09 5.331128e-01 1.594993e+00
337 3.738115e-09 1.715002e-01 1.528642e+00
338 2.262810e-09 3.946656e-01 1.519463e+00
339 2.990991e-09 3.218040e-01 1.654551e+00
340 1.664918e-09 4.433558e-01 1.524672e+00
341 3.712548e-09 1.229869e+00 1.499485e+00
342 2.649430e-09 2.863580e-01 1.529726e+00
343 1.677523e-09 3.668362e-01 1.614427e+00
344 2.516553e-09 5.001599e-01 1.569949e+00
345 1.437024e-09 4.289714e-01 1.579677e+00
346 2.431655e-09 6.921464e-01 1.535346e+00
347 1.370880e-09 4.362359e-01 1.538165e+00
348 2.968822e-09 1.165633e+00 1.559967e+00
349 2.245656e-09 2.435871e-01 1.754104e+00
350 1.402521e-09 3.754515e-01 1.672273e+00
351 2.145834e-09 5.299833e-01 1.559921e+00
352 1.688775e-09 2.129983e-01 1.619787e+00
353 1.780551e-09 5.434514e-02 1.569103e+00
354 1.847571e-09 3.763981e-02 1.574133e+00
355 1.775613e-09 3.894705e-02 1.559098e+00
356 1.714647e-09 3.433518e-02 1.554605e+00
357 1.710220e-09 2.581880e-03 1.559282e+00
358 1.912854e-09 1.184842e-01 1.504119e+00
359 1.485223e-09 2.235568e-01 1.500392e+00
360 9.032950e-10 3.918118e-01 1.524543e+00
361 1.357021e-09 5.023015e-01 1.500078e+00
362 1.347552e-09 6.978014e-03 1.514540e+00
363 7.321941e-10 4.566488e-01 1.493835e+00
364 1.472984e-09 1.011740e+00 1.448975e+00
365 1.117981e-09 2.410092e-01 1.418620e+00
366 6.703258e-10 4.004142e-01 1.379770e+00
367 7.481715e-10 1.161312e-01 1.519460e+00
368 1.149624e-09 5.365779e-01 1.524676e+00
369 6.664347e-10 4.203020e-01 1.429790e+00
370 1.241830e-09 8.633929e-01 1.483847e+00
371 9.158572e-10 2.624937e-01 1.564995e+00
372 5.444819e-10 4.054947e-01 1.478712e+00
373 8.987602e-10 6.506704e-01 1.435294e+00
374 5.207034e-10 4.206426e-01 1.464389e+00
375 1.039868e-09 9.970457e-01 1.448083e+00
376 7.929304e-10 2.374705e-01 1.469434e+00
377 4.225947e-10 4.670469e-01 1.424732e+00
378 5.126813e-10 2.131749e-01 1.461767e+00
379 7.665127e-10 4.951056e-01 1.385514e+00
380 4.600716e-10 3.997860e-01 1.432832e+00
381 8.514944e-10 8.507866e-01 1.454645e+00
382 6.302321e-10 2.598518e-01 1.553841e+00
383 3.516566e-10 4.420205e-01 1.568116e+00
384 5.702623e-10 6.216454e-01 1.538992e+00
385 3.382096e-10 4.069228e-01 1.544599e+00
386 6.347713e-10 8.768580e-01 1.549372e+00
387 3.717545e-10 4.143489e-01 1.674460e+00
388 3.794455e-10 2.068827e-02 1.754125e+00
389 3.579936e-10 5.653471e-02 1.569521e+00
390 5.187123e-10 4.489428e-01 1.584355e+00
391 5.137332e-10 9.599017e-03 1.574114e+00
392 5.885256e-10 1.455861e-01 1.539930e+00
393 4.692339e-10 2.026958e-01 1.499367e+00
394 2.489937e-10 4.693612e-01 1.484976e+00
395 4.804434e-10 9.295401e-01 1.508000e+00
396 2.672775e-10 4.436856e-01 1.489996e+00
397 2.676875e-10 1.534006e-03 1.449944e+00
398 3.849350e-10 4.380011e-01 1.488561e+00
399 2.117987e-10 4.497806e-01 1.428181e+00
400 3.417616e-10 6.136154e-01 1.414483e+00
401 3.959522e-10 1.585624e-01 1.429338e+00
402 3.059056e-10 2.274177e-01 1.444032e+00
403 1.719490e-10 4.379018e-01 1.444903e+00
404 3.451089e-10 1.007042e+00 1.548850e+00
405 2.042371e-10 4.081954e-01 1.529182e+00
406 1.947286e-10 4.655622e-02 1.499665e+00
407 1.504199e-10 2.275407e-01 1.409312e+00
408 2.389394e-10 5.884828e-01 1.445008e+00
409 2.366681e-10 9.505733e-03 1.474952e+00
410 2.809161e-10 1.869620e-01 1.437228e+00
411 2.096006e-10 2.538677e-01 1.444573e+00
412 1.018765e-10 5.139493e-01 1.543952e+00
413 1.915810e-10 8.805216e-01 1.439825e+00
414 2.375026e-10 2.396981e-01 1.454816e+00
415 1.708194e-10 2.807684e-01 1.524582e+00
416 9.963275e-11 4.167362e-01 1.529205e+00
