1 9.973693e-01 1.000000e+00 4.047533e+00
2 9.955265e-01 1.847619e-03 3.958568e+00
3 9.943394e-01 1.192450e-03 4.103477e+00
4 9.938145e-01 5.279445e-04 4.191956e+00
5 9.935161e-01 3.002268e-04 3.719022e+00
6 9.929271e-01 5.928423e-04 4.272096e+00
7 9.929042e-01 2.309971e-05 3.863330e+00
8 9.923172e-01 5.911075e-04 3.670778e+00
9 9.921040e-01 2.149429e-04 3.904316e+00
10 9.918560e-01 2.499151e-04 3.919239e+00
11 9.920712e-01 2.169189e-04 3.815850e+00
12 9.921625e-01 9.207474e-05 3.726745e+00
13 9.918204e-01 3.448108e-04 4.143661e+00
14 9.917961e-01 2.449562e-05 4.319708e+00
15 9.917888e-01 7.361514e-06 4.104916e+00
16 9.915817e-01 2.088294e-04 4.381948e+00
17 9.916781e-01 9.724200e-05 3.608097e+00
18 9.913387e-01 3.422177e-04 3.591917e+00
19 9.913703e-01 3.179439e-05 3.622476e+00
20 9.911832e-01 1.887013e-04 3.709398e+00
21 9.918236e-01 6.461180e-04 3.664140e+00
22 9.913656e-01 4.617579e-04 3.647467e+00
23 9.910191e-01 3.495420e-04 3.623027e+00
24 9.909543e-01 6.534676e-05 3.686865e+00
25 9.909283e-01 2.630727e-05 3.536077e+00
26 9.911412e-01 2.148417e-04 3.695482e+00
27 9.908880e-01 2.554259e-04 3.559324e+00
28 9.909512e-01 6.372742e-05 3.480407e+00
29 9.910442e-01 9.387093e-05 3.695816e+00
30 9.909683e-01 7.657560e-05 3.519265e+00
31 9.908482e-01 1.211521e-04 3.511417e+00
32 9.908488e-01 5.296218e-07 3.448272e+00
33 9.908681e-01 1.953463e-05 3.615990e+00
34 9.907651e-01 1.039822e-04 3.574986e+00
35 9.907709e-01 5.891949e-06 3.927836e+00
36 9.908153e-01 4.477388e-05 3.679577e+00
37 9.907912e-01 2.430035e-05 3.750668e+00
38 9.907561e-01 3.538658e-05 3.639953e+00
39 9.908048e-01 4.911753e-05 3.557028e+00
40 9.909907e-01 1.875992e-04 3.767238e+00
41 9.907649e-01 2.278582e-04 3.560256e+00
42 9.906943e-01 7.126343e-05 3.445868e+00
43 9.906878e-01 6.536618e-06 3.367894e+00
44 9.907377e-01 5.041779e-05 3.527586e+00
45 9.907213e-01 1.657386e-05 3.608327e+00
46 9.908357e-01 1.154866e-04 3.535068e+00
47 9.906723e-01 1.649519e-04 3.552010e+00
48 9.906672e-01 5.175177e-06 3.464055e+00
49 9.906585e-01 8.701266e-06 3.367003e+00
50 9.906307e-01 2.814366e-05 3.471876e+00
51 9.921235e-01 1.507007e-03 3.551500e+00
52 9.913285e-01 8.013310e-04 3.583798e+00
53 9.909340e-01 3.980044e-04 3.519896e+00
54 9.909338e-01 1.612493e-07 3.655472e+00
55 9.907302e-01 2.054828e-04 3.560322e+00
56 9.906724e-01 5.829210e-05 3.815537e+00
57 9.900075e-01 6.712546e-04 3.894819e+00
58 8.727132e-01 1.184781e-01 3.557107e+00
59 8.244985e-01 5.524693e-02 3.550475e+00
60 8.240368e-01 5.599708e-04 3.575418e+00
61 8.237865e-01 3.037147e-04 3.687699e+00
62 8.216744e-01 2.563904e-03 3.472586e+00
63 8.208184e-01 1.041767e-03 3.542844e+00
64 8.203844e-01 5.287252e-04 3.488362e+00
65 8.203556e-01 3.510185e-05 3.422992e+00
66 8.202217e-01 1.633033e-04 3.400188e+00
67 8.179633e-01 2.753310e-03 3.543600e+00
68 8.182053e-01 2.958062e-04 4.399472e+00
69 8.116554e-01 8.005235e-03 4.273828e+00
70 8.120946e-01 5.411619e-04 3.472339e+00
71 8.087548e-01 4.112543e-03 3.631618e+00
72 8.075665e-01 1.469330e-03 3.431528e+00
73 8.058741e-01 2.095700e-03 3.471616e+00
74 8.058329e-01 5.115826e-05 3.463549e+00
75 8.057282e-01 1.298983e-04 3.415874e+00
76 8.114356e-01 7.083492e-03 3.575148e+00
77 8.067469e-01 5.778174e-03 3.510472e+00
78 8.035031e-01 4.020921e-03 3.479618e+00
79 8.024539e-01 1.305799e-03 3.574606e+00
80 7.991421e-01 4.127009e-03 3.684942e+00
81 8.047351e-01 6.998688e-03 3.590998e+00
82 8.021978e-01 3.152865e-03 3.440120e+00
83 7.916824e-01 1.310831e-02 3.503754e+00
84 7.904647e-01 1.538117e-03 3.541988e+00
85 7.897101e-01 9.545939e-04 3.534969e+00
86 7.901445e-01 5.500318e-04 3.574708e+00
87 7.466737e-01 5.501630e-02 3.646385e+00
88 7.193719e-01 3.656450e-02 3.510378e+00
89 6.221794e-01 1.351074e-01 3.424513e+00
90 6.246397e-01 3.954357e-03 3.574932e+00
91 6.124730e-01 1.947810e-02 3.583366e+00
92 2.021283e-01 6.699801e-01 3.660727e+00
93 1.691581e-01 1.631152e-01 3.575467e+00
94 1.512645e-01 1.057802e-01 3.512093e+00
95 6.780777e-02 5.517271e-01 3.327654e+00
96 6.396630e-02 5.665235e-02 3.375897e+00
97 6.466991e-02 1.099974e-02 3.431358e+00
98 5.957273e-02 7.881855e-02 3.384000e+00
99 3.769196e-02 3.672951e-01 3.431376e+00
100 3.353794e-02 1.102098e-01 3.335891e+00
101 3.310846e-02 1.280568e-02 3.415993e+00
102 3.608738e-02 8.997465e-02 3.463294e+00
103 3.278379e-02 9.154422e-02 3.567634e+00
104 3.428903e-02 4.591399e-02 3.679787e+00
105 1.889054e-02 4.490792e-01 3.582201e+00
106 1.840682e-02 2.560607e-02 3.527043e+00
107 1.602138e-02 1.295957e-01 3.470639e+00
108 1.398603e-02 1.270397e-01 3.415117e+00
109 1.421798e-02 1.658476e-02 3.455608e+00
110 1.181027e-02 1.693428e-01 3.464025e+00
111 1.363825e-02 1.547790e-01 3.495302e+00
112 1.160668e-02 1.489612e-01 3.416063e+00
113 1.201185e-02 3.490833e-02 3.343184e+00
114 1.076814e-02 1.035404e-01 3.407708e+00
115 1.125990e-02 4.566779e-02 3.600104e+00
116 1.080049e-02 4.079996e-02 3.471917e+00
117 1.076141e-02 3.618882e-03 4.078893e+00
118 1.403695e-02 3.043783e-01 3.909364e+00
119 1.000602e-02 2.871658e-01 3.391187e+00
120 1.615221e-02 6.142496e-01 3.391122e+00
121 9.551825e-03 4.086366e-01 3.407514e+00
122 1.051209e-02 1.005324e-01 3.367839e+00
123 9.801397e-03 6.760741e-02 3.439375e+00
124 8.798644e-03 1.023072e-01 3.496379e+00
125 7.277234e-03 1.729141e-01 3.455734e+00
126 8.335875e-03 1.454730e-01 3.335507e+00
127 6.610149e-03 2.070240e-01 3.375167e+00
128 5.515405e-03 1.656156e-01 3.472534e+00
129 5.686857e-03 3.108611e-02 3.690532e+00
130 6.464477e-03 1.367398e-01 3.693745e+00
131 4.992552e-03 2.276945e-01 3.392005e+00
132 5.135023e-03 2.853675e-02 3.463766e+00
133 4.794214e-03 6.636942e-02 3.390991e+00
134 4.941838e-03 3.079209e-02 3.360212e+00
135 4.882259e-03 1.205599e-02 3.431140e+00
136 4.956490e-03 1.520422e-02 3.495457e+00
137 4.748049e-03 4.205424e-02 3.439947e+00
138 4.959451e-03 4.452399e-02 3.399968e+00
139 5.395829e-03 8.798914e-02 3.367793e+00
140 5.857664e-03 8.559115e-02 3.422785e+00
141 5.672921e-03 3.153874e-02 3.477886e+00
142 4.385762e-03 2.268952e-01 3.479332e+00
143 6.186010e-03 4.104755e-01 3.471807e+00
144 5.202215e-03 1.590356e-01 3.416350e+00
145 4.219351e-03 1.889317e-01 3.447120e+00
146 4.772731e-03 1.311527e-01 3.455443e+00
147 3.951837e-03 1.719966e-01 3.383981e+00
148 3.685640e-03 6.736030e-02 3.559341e+00
149 3.697026e-03 3.089194e-03 3.744046e+00
150 4.198413e-03 1.356191e-01 3.471730e+00
151 2.775545e-03 3.389061e-01 3.431451e+00
152 3.926370e-03 4.146301e-01 3.383577e+00
153 2.834035e-03 2.782048e-01 3.376286e+00
154 3.031533e-03 6.968773e-02 3.375427e+00
155 2.714266e-03 1.046554e-01 3.407863e+00
156 2.999815e-03 1.052031e-01 3.391851e+00
157 2.966278e-03 1.117980e-02 3.399427e+00
158 2.847885e-03 3.991312e-02 3.463973e+00
159 2.932915e-03 2.985731e-02 3.431468e+00
160 3.495161e-03 1.917022e-01 3.351755e+00
161 2.417823e-03 3.082371e-01 3.472077e+00
162 2.189750e-03 9.432965e-02 3.647472e+00
163 2.641772e-03 2.064261e-01 3.710115e+00
164 2.231605e-03 1.552620e-01 3.439520e+00
165 2.049576e-03 8.156885e-02 3.438937e+00
166 2.481737e-03 2.108539e-01 3.359290e+00
167 2.114456e-03 1.479936e-01 3.408344e+00
168 1.750778e-03 1.719959e-01 3.358529e+00
169 1.971061e-03 1.258200e-01 3.446801e+00
170 1.617879e-03 1.791834e-01 3.415057e+00
171 1.606901e-03 6.785563e-03 3.423527e+00
172 2.066049e-03 2.857349e-01 3.440519e+00
173 1.427598e-03 3.090204e-01 3.343069e+00
174 1.948513e-03 3.648894e-01 3.679619e+00
175 1.387949e-03 2.876880e-01 3.695164e+00
176 1.319942e-03 4.899854e-02 3.447517e+00
177 1.615545e-03 2.239516e-01 3.447780e+00
178 1.265196e-03 2.168607e-01 3.518702e+00
179 1.431688e-03 1.315937e-01 3.472393e+00
180 1.185480e-03 1.719707e-01 3.399087e+00
181 1.177315e-03 6.886983e-03 3.455909e+00
182 1.288013e-03 9.402578e-02 3.527876e+00
183 1.155418e-03 1.029454e-01 3.479895e+00
184 1.086435e-03 5.970423e-02 3.479266e+00
185 1.053552e-03 3.026649e-02 3.535802e+00
186 1.473285e-03 3.983977e-01 3.583761e+00
187 1.123681e-03 2.372959e-01 3.702710e+00
188 1.400712e-03 2.465386e-01 3.471794e+00
189 1.172401e-03 1.629961e-01 3.382814e+00
190 9.438543e-04 1.949390e-01 3.519307e+00
191 1.221734e-03 2.944093e-01 3.551436e+00
192 9.268243e-04 2.413861e-01 3.528596e+00
193 8.845477e-04 4.561441e-02 3.383028e+00
194 1.317613e-03 4.895898e-01 3.400456e+00
195 9.378613e-04 2.882120e-01 3.431616e+00
196 1.162581e-03 2.396084e-01 3.383132e+00
197 9.164943e-04 2.116725e-01 3.631764e+00
198 1.225273e-03 3.369132e-01 4.399552e+00
199 6.751942e-04 4.489440e-01 3.584274e+00
200 8.452106e-04 2.518036e-01 3.367776e+00
201 7.924120e-04 6.246794e-02 3.405271e+00
202 9.144079e-04 1.539551e-01 3.368105e+00
203 7.603057e-04 1.685267e-01 3.487418e+00
204 7.266122e-04 4.431567e-02 3.479812e+00
205 6.068635e-04 1.648042e-01 3.365140e+00
206 6.935905e-04 1.429103e-01 3.415247e+00
207 4.975372e-04 2.826643e-01 3.407639e+00
208 5.869913e-04 1.797937e-01 3.431340e+00
209 4.982638e-04 1.511564e-01 3.599052e+00
210 6.119654e-04 2.281956e-01 3.670067e+00
211 4.492625e-04 2.658694e-01 3.607818e+00
212 5.464611e-04 2.163516e-01 3.383851e+00
213 4.005675e-04 2.669791e-01 3.424202e+00
214 5.169758e-04 2.906086e-01 3.359918e+00
215 3.766734e-04 2.713906e-01 3.416764e+00
216 4.461961e-04 1.845701e-01 3.439779e+00
217 3.715921e-04 1.671999e-01 3.432022e+00
218 4.379631e-04 1.786124e-01 3.464033e+00
219 3.265984e-04 2.542787e-01 3.399441e+00
220 4.836673e-04 4.809237e-01 3.471295e+00
221 3.080496e-04 3.630960e-01 3.831834e+00
222 3.704132e-04 2.024467e-01 4.182657e+00
223 2.954189e-04 2.024612e-01 3.495606e+00
224 3.505298e-04 1.865517e-01 3.471209e+00
225 3.223571e-04 8.037190e-02 3.407556e+00
226 3.675352e-04 1.401493e-01 3.447895e+00
227 2.979245e-04 1.893987e-01 3.375841e+00
228 2.973892e-04 1.796784e-03 3.454415e+00
229 2.671826e-04 1.015725e-01 3.439992e+00
230 2.457661e-04 8.015673e-02 3.351544e+00
231 2.275717e-04 7.403149e-02 3.376146e+00
232 2.623318e-04 1.527434e-01 3.455313e+00
233 2.052096e-04 2.177479e-01 3.399524e+00
234 1.922278e-04 6.326100e-02 3.598263e+00
235 2.428632e-04 2.634133e-01 3.472183e+00
236 2.145314e-04 1.166575e-01 3.807625e+00
237 1.892488e-04 1.178504e-01 3.607161e+00
238 2.325211e-04 2.286531e-01 3.415597e+00
239 1.689632e-04 2.733425e-01 3.358669e+00
240 2.147386e-04 2.709196e-01 3.415917e+00
241 1.658853e-04 2.275015e-01 3.414727e+00
242 1.738691e-04 4.812885e-02 3.535288e+00
243 1.672067e-04 3.831879e-02 3.487696e+00
244 1.900712e-04 1.367442e-01 3.446889e+00
245 1.597323e-04 1.596185e-01 3.503721e+00
246 1.644065e-04 2.926233e-02 3.439107e+00
247 1.230007e-04 2.518498e-01 3.559781e+00
248 1.613853e-04 3.120681e-01 3.799144e+00
249 1.808778e-04 1.207820e-01 3.698009e+00
250 1.538188e-04 1.495980e-01 3.471769e+00
251 1.085271e-04 2.944489e-01 3.494610e+00
252 1.558526e-04 4.360717e-01 3.407386e+00
253 1.395856e-04 1.043745e-01 3.488129e+00
254 1.333066e-04 4.498345e-02 3.567094e+00
255 1.220440e-04 8.448645e-02 3.487678e+00
256 1.458144e-04 1.947695e-01 3.471566e+00
257 1.144634e-04 2.150059e-01 3.527841e+00
258 9.690801e-05 1.533715e-01 3.456379e+00
259 1.080942e-04 1.154307e-01 3.559221e+00
260 9.762646e-05 9.683879e-02 4.519213e+00
261 9.312331e-05 4.612631e-02 3.488281e+00
262 8.393844e-05 9.863121e-02 3.455336e+00
263 8.177297e-05 2.579831e-02 3.455532e+00
264 7.401220e-05 9.490638e-02 3.639676e+00
265 8.834889e-05 1.937071e-01 3.663690e+00
266 7.104744e-05 1.958310e-01 3.551533e+00
267 8.370501e-05 1.781567e-01 3.559782e+00
268 7.279146e-05 1.303812e-01 3.575668e+00
269 7.709033e-05 5.905741e-02 3.520029e+00
270 7.910210e-05 2.609624e-02 3.647752e+00
271 8.451269e-05 6.840007e-02 3.894477e+00
272 7.484110e-05 1.144394e-01 3.749011e+00
273 7.385447e-05 1.318310e-02 3.391461e+00
274 7.965798e-05 7.858047e-02 3.543786e+00
275 5.572923e-05 3.003937e-01 3.485728e+00
276 6.383883e-05 1.455178e-01 3.454947e+00
277 6.169635e-05 3.356070e-02 3.566974e+00
278 7.687950e-05 2.460947e-01 3.455393e+00
279 4.766757e-05 3.799704e-01 3.463757e+00
280 8.089546e-05 6.970756e-01 3.471707e+00
281 6.455987e-05 2.019346e-01 3.471832e+00
282 6.016229e-05 6.811635e-02 3.463611e+00
283 4.862826e-05 1.917152e-01 3.480532e+00
284 5.927935e-05 2.190309e-01 3.519427e+00
285 4.356207e-05 2.651392e-01 3.536100e+00
286 5.903994e-05 3.553060e-01 3.511647e+00
287 4.099012e-05 3.057223e-01 3.479639e+00
288 6.328484e-05 5.439049e-01 3.543037e+00
289 3.654943e-05 4.224616e-01 3.496293e+00
290 5.898177e-05 6.137535e-01 3.463432e+00
291 3.362753e-05 4.298656e-01 3.463855e+00
292 5.887899e-05 7.509161e-01 3.647540e+00
293 4.264117e-05 2.757829e-01 3.751782e+00
294 4.768163e-05 1.182063e-01 3.591184e+00
295 3.167856e-05 3.356234e-01 3.463752e+00
296 4.236606e-05 3.373735e-01 3.520368e+00
297 3.332046e-05 2.135105e-01 3.551312e+00
298 3.598769e-05 8.004758e-02 3.423802e+00
299 2.744567e-05 2.373595e-01 3.487824e+00
300 3.532882e-05 2.872278e-01 3.461742e+00
301 2.402248e-05 3.200317e-01 3.472045e+00
302 3.695589e-05 5.383879e-01 3.479870e+00
303 2.079777e-05 4.372271e-01 3.479593e+00
304 4.069823e-05 9.568553e-01 3.646964e+00
305 2.412253e-05 4.072832e-01 3.703805e+00
306 2.145345e-05 1.106468e-01 3.671483e+00
307 2.350968e-05 9.584628e-02 3.463572e+00
308 3.481030e-05 4.806793e-01 3.487520e+00
309 1.876562e-05 4.609175e-01 3.526966e+00
310 2.030633e-05 8.210238e-02 3.550514e+00
311 1.876058e-05 7.612152e-02 3.455596e+00
312 2.029875e-05 8.198940e-02 3.455732e+00
313 1.618973e-05 2.024271e-01 3.512151e+00
314 1.831036e-05 1.309863e-01 3.503913e+00
315 1.325513e-05 2.760860e-01 3.591852e+00
316 1.329662e-05 3.130595e-03 3.966158e+00
317 1.470465e-05 1.058933e-01 3.735130e+00
318 1.537604e-05 4.565863e-02 3.503418e+00
319 1.165043e-05 2.423000e-01 3.519728e+00
320 1.393135e-05 1.957800e-01 3.511846e+00
321 1.203999e-05 1.357625e-01 3.495767e+00
322 1.177338e-05 2.214426e-02 3.471898e+00
323 9.166788e-06 2.213968e-01 3.447829e+00
324 1.507815e-05 6.448671e-01 3.694159e+00
325 1.140222e-05 2.437916e-01 3.461843e+00
326 1.151739e-05 1.010035e-02 3.536339e+00
327 1.025967e-05 1.092022e-01 3.527010e+00
328 1.056460e-05 2.972209e-02 3.663560e+00
329 1.271015e-05 2.030884e-01 3.755018e+00
330 1.161710e-05 8.599823e-02 3.511768e+00
331 8.825847e-06 2.402712e-01 3.583390e+00
332 9.997264e-06 1.327258e-01 3.566360e+00
333 8.687416e-06 1.310206e-01 3.591231e+00
334 7.442428e-06 1.433095e-01 3.615155e+00
335 8.136038e-06 9.319680e-02 3.551611e+00
336 8.110872e-06 3.093165e-03 3.487297e+00
337 7.566903e-06 6.706666e-02 3.519268e+00
338 6.763951e-06 1.061137e-01 3.480174e+00
339 7.277998e-06 7.599806e-02 3.647006e+00
340 8.082974e-06 1.106040e-01 3.743835e+00
341 7.425066e-06 8.139425e-02 3.504442e+00
342 7.766990e-06 4.604987e-02 3.502134e+00
343 6.053151e-06 2.206568e-01 3.495444e+00
344 6.982542e-06 1.535384e-01 3.455373e+00
345 5.101814e-06 2.693471e-01 3.535569e+00
346 6.105809e-06 1.967918e-01 3.528071e+00
347 4.698442e-06 2.304965e-01 3.527572e+00
348 7.103997e-06 5.119902e-01 3.575546e+00
349 5.484539e-06 2.279644e-01 3.536290e+00
350 5.429972e-06 9.949140e-03 3.543462e+00
351 4.908526e-06 9.603108e-02 3.750584e+00
352 4.520082e-06 7.913657e-02 3.631507e+00
353 4.334242e-06 4.111429e-02 3.535604e+00
354 4.408622e-06 1.716097e-02 3.456020e+00
355 3.944206e-06 1.053426e-01 3.488271e+00
356 4.187982e-06 6.180607e-02 3.471286e+00
357 3.441982e-06 1.781289e-01 3.495240e+00
358 4.092785e-06 1.890783e-01 3.552369e+00
359 4.177068e-06 2.059285e-02 3.557175e+00
360 4.012229e-06 3.946275e-02 3.559804e+00
361 3.415906e-06 1.486264e-01 3.400433e+00
362 3.938932e-06 1.531149e-01 3.463600e+00
363 3.267979e-06 1.703389e-01 3.423167e+00
364 3.847402e-06 1.773032e-01 3.488561e+00
365 2.928311e-06 2.388862e-01 3.543625e+00
366 3.477672e-06 1.876035e-01 3.835215e+00
367 2.584551e-06 2.568157e-01 4.326936e+00
368 2.769798e-06 7.167465e-02 3.886331e+00
369 2.141087e-06 2.269880e-01 3.503867e+00
370 2.833154e-06 3.232318e-01 3.447346e+00
371 2.939435e-06 3.751310e-02 3.431989e+00
372 2.397631e-06 1.843224e-01 3.484831e+00
373 2.733234e-06 1.399728e-01 3.479837e+00
374 2.417643e-06 1.154645e-01 3.398962e+00
375 2.196493e-06 9.147311e-02 3.455297e+00
376 2.228731e-06 1.467669e-02 3.479092e+00
377 2.401242e-06 7.740324e-02 3.495122e+00
378 2.403214e-06 8.212966e-04 3.445901e+00
379 2.499666e-06 4.013470e-02 3.975552e+00
380 2.228996e-06 1.082823e-01 3.799798e+00
381 2.100274e-06 5.774922e-02 3.470755e+00
382 2.788126e-06 3.275061e-01 3.672193e+00
383 2.124793e-06 2.379136e-01 3.455666e+00
384 2.401629e-06 1.302885e-01 3.471336e+00
385 1.783843e-06 2.572361e-01 3.471501e+00
386 1.937573e-06 8.617906e-02 3.496295e+00
387 1.393761e-06 2.806668e-01 3.495731e+00
388 1.304681e-06 6.391317e-02 3.479310e+00
389 1.434285e-06 9.933752e-02 3.471552e+00
390 1.826345e-06 2.733490e-01 3.512016e+00
391 1.355500e-06 2.578073e-01 3.620122e+00
392 1.691440e-06 2.478348e-01 3.552335e+00
393 1.409579e-06 1.666398e-01 3.551266e+00
394 1.454958e-06 3.219361e-02 3.575819e+00
395 1.378155e-06 5.278711e-02 3.464017e+00
396 1.305261e-06 5.289255e-02 4.047555e+00
397 1.303103e-06 1.653256e-03 3.470830e+00
398 1.251553e-06 3.955924e-02 3.432415e+00
399 1.480877e-06 1.832308e-01 3.479189e+00
400 1.354484e-06 8.535015e-02 3.550873e+00
401 1.162256e-06 1.419198e-01 3.614916e+00
402 9.876040e-07 1.502695e-01 3.568325e+00
403 1.040169e-06 5.322431e-02 3.710929e+00
404 9.861013e-07 5.197935e-02 3.559520e+00
405 9.973888e-07 1.144660e-02 3.551472e+00
406 9.911662e-07 6.238883e-03 3.574836e+00
407 9.089684e-07 8.293035e-02 3.479013e+00
408 9.699924e-07 6.713543e-02 3.615931e+00
409 1.157307e-06 1.931090e-01 3.479535e+00
410 7.903801e-07 3.170522e-01 3.439622e+00
411 9.198427e-07 1.637978e-01 3.591694e+00
412 6.590330e-07 2.835373e-01 3.422717e+00
413 7.223849e-07 9.612853e-02 3.415319e+00
414 5.985506e-07 1.714242e-01 3.535362e+00
415 8.701148e-07 4.537031e-01 3.575247e+00
416 7.279533e-07 1.633825e-01 3.494649e+00
417 5.662078e-07 2.221922e-01 3.462504e+00
418 7.179742e-07 2.680402e-01 3.615558e+00
419 5.488959e-07 2.354935e-01 3.463156e+00
420 5.763899e-07 5.008962e-02 3.536009e+00
421 5.474538e-07 5.020244e-02 3.551535e+00
422 4.732502e-07 1.355430e-01 3.551230e+00
423 4.685666e-07 9.896786e-03 3.456004e+00
424 4.536244e-07 3.188903e-02 3.510416e+00
425 5.561922e-07 2.261071e-01 3.519938e+00
426 4.442300e-07 2.013013e-01 3.624048e+00
427 4.052733e-07 8.769475e-02 3.519076e+00
428 4.213388e-07 3.964101e-02 3.623660e+00
429 4.009986e-07 4.827507e-02 4.061300e+00
430 4.241775e-07 5.780285e-02 3.463794e+00
431 3.672325e-07 1.342481e-01 3.471786e+00
432 3.661120e-07 3.051155e-03 3.408362e+00
433 3.741147e-07 2.185871e-02 3.439005e+00
434 3.609614e-07 3.515848e-02 3.408178e+00
435 3.625295e-07 4.344274e-03 3.431918e+00
436 3.720043e-07 2.613522e-02 3.414730e+00
437 3.503855e-07 5.811448e-02 3.407060e+00
438 3.261377e-07 6.920298e-02 3.439695e+00
439 3.213212e-07 1.476853e-02 3.647777e+00
440 3.112494e-07 3.134474e-02 3.607729e+00
441 3.343995e-07 7.437785e-02 3.692574e+00
442 3.327555e-07 4.916300e-03 3.375636e+00
443 2.740032e-07 1.765629e-01 3.464516e+00
444 3.669645e-07 3.392707e-01 3.479412e+00
445 2.511141e-07 3.156993e-01 3.455994e+00
446 3.213637e-07 2.797519e-01 3.423421e+00
447 2.600352e-07 1.908383e-01 3.438978e+00
448 2.652743e-07 2.014766e-02 3.408624e+00
449 2.796450e-07 5.417317e-02 3.423489e+00
450 2.431729e-07 1.304230e-01 3.383372e+00
451 2.428779e-07 1.213174e-03 3.780801e+00
452 2.349932e-07 3.246349e-02 3.583898e+00
453 2.461082e-07 4.729913e-02 3.622978e+00
454 2.241402e-07 8.926141e-02 3.390181e+00
455 2.739831e-07 2.223736e-01 3.438712e+00
456 2.441131e-07 1.090214e-01 3.454309e+00
457 2.078420e-07 1.485830e-01 3.407861e+00
458 2.303069e-07 1.080861e-01 3.414947e+00
459 2.504183e-07 8.732473e-02 3.416209e+00
460 2.254813e-07 9.958138e-02 3.398142e+00
461 2.238932e-07 7.043145e-03 3.422325e+00
462 2.180887e-07 2.592536e-02 3.375348e+00
463 1.980241e-07 9.200195e-02 3.560384e+00
464 1.996850e-07 8.387375e-03 4.279086e+00
465 2.342174e-07 1.729341e-01 3.645664e+00
466 1.862400e-07 2.048413e-01 3.416178e+00
467 1.600682e-07 1.405274e-01 3.423690e+00
468 2.037918e-07 2.731565e-01 3.463883e+00
469 1.908595e-07 6.345869e-02 3.870982e+00
470 1.746831e-07 8.475567e-02 3.392069e+00
471 1.696999e-07 2.852657e-02 3.376010e+00
472 1.673480e-07 1.385941e-02 3.407399e+00
473 1.654805e-07 1.115923e-02 3.423437e+00
474 1.603076e-07 3.126017e-02 3.375844e+00
475 1.657185e-07 3.375346e-02 3.373251e+00
476 1.660912e-07 2.248663e-03 3.438616e+00
477 1.655793e-07 3.081546e-03 3.437661e+00
478 1.658045e-07 1.359720e-03 3.448523e+00
479 1.353061e-07 1.839419e-01 3.527230e+00
480 1.422121e-07 5.103990e-02 3.471589e+00
481 1.321498e-07 7.075560e-02 3.439835e+00
482 1.838003e-07 3.908480e-01 3.551573e+00
483 2.168148e-07 1.796218e-01 3.959286e+00
484 1.369247e-07 3.684718e-01 3.567587e+00
485 1.383546e-07 1.044328e-02 3.414759e+00
486 1.346700e-07 2.663175e-02 3.394786e+00
487 1.212404e-07 9.972230e-02 3.439689e+00
488 1.152214e-07 4.964496e-02 3.400177e+00
489 1.179044e-07 2.328545e-02 3.407871e+00
490 1.188344e-07 7.888075e-03 3.447739e+00
491 1.095995e-07 7.771284e-02 3.399512e+00
492 1.038709e-07 5.226867e-02 3.383463e+00
493 1.023724e-07 1.442649e-02 3.406965e+00
494 9.652304e-08 5.713781e-02 3.552299e+00
495 1.024711e-07 6.162368e-02 3.558432e+00
496 9.520778e-08 7.088208e-02 3.749221e+00
497 8.657112e-08 9.071380e-02 3.462741e+00
498 1.227156e-07 4.175123e-01 3.430540e+00
499 1.080352e-07 1.196299e-01 3.344448e+00
500 1.063347e-07 1.574026e-02 3.502378e+00
501 9.159827e-08 1.385850e-01 3.438673e+00
502 1.008139e-07 1.006095e-01 3.384285e+00
503 9.457597e-08 6.187594e-02 3.452484e+00
504 9.569820e-08 1.186587e-02 3.407703e+00
505 8.228418e-08 1.401700e-01 3.863078e+00
506 9.023800e-08 9.666280e-02 3.480438e+00
507 5.332930e-08 4.090151e-01 3.727151e+00
508 9.708061e-08 8.203991e-01 4.495833e+00
509 6.835387e-08 2.959060e-01 3.659651e+00
510 9.100447e-08 3.313725e-01 3.542191e+00
511 7.218625e-08 2.067834e-01 3.423692e+00
512 9.321701e-08 2.913401e-01 3.399339e+00
513 7.887782e-08 1.538258e-01 3.384143e+00
514 8.673643e-08 9.963006e-02 3.431928e+00
515 7.292881e-08 1.591905e-01 3.365786e+00
516 8.628393e-08 1.831253e-01 3.367713e+00
517 7.660855e-08 1.121341e-01 3.430763e+00
518 8.512662e-08 1.111894e-01 3.407722e+00
519 6.892789e-08 1.902898e-01 3.367270e+00
520 8.370478e-08 2.143819e-01 3.391324e+00
521 6.948034e-08 1.699357e-01 3.559263e+00
522 7.975050e-08 1.478139e-01 3.391191e+00
523 5.976044e-08 2.506575e-01 3.487182e+00
524 7.802305e-08 3.055970e-01 3.406943e+00
525 6.109531e-08 2.169581e-01 3.422356e+00
526 8.002634e-08 3.098606e-01 3.559855e+00
527 5.045188e-08 3.695590e-01 3.463305e+00
528 7.480912e-08 4.827815e-01 3.503795e+00
529 5.805164e-08 2.240032e-01 3.407451e+00
530 7.313137e-08 2.597641e-01 3.528057e+00
531 6.020264e-08 1.767877e-01 3.503689e+00
532 6.875255e-08 1.420188e-01 3.640181e+00
533 5.429913e-08 2.102238e-01 3.735508e+00
534 6.893710e-08 2.695802e-01 3.391887e+00
535 5.586775e-08 1.895838e-01 3.439503e+00
536 6.995441e-08 2.521430e-01 3.399421e+00
537 5.660113e-08 1.908855e-01 3.503645e+00
538 6.305875e-08 1.140900e-01 3.447820e+00
539 4.785315e-08 2.411339e-01 3.383914e+00
540 6.160884e-08 2.874565e-01 3.463767e+00
541 4.676047e-08 2.410104e-01 3.374988e+00
542 6.831481e-08 4.609522e-01 3.615676e+00
543 5.236613e-08 2.334586e-01 3.615156e+00
544 6.148758e-08 1.741861e-01 3.575695e+00
545 4.211295e-08 3.150982e-01 3.677368e+00
546 5.859065e-08 3.912738e-01 3.463990e+00
547 4.213767e-08 2.808123e-01 3.518358e+00
548 6.029030e-08 4.307933e-01 3.407780e+00
549 3.146575e-08 4.780959e-01 3.391340e+00
550 5.440040e-08 7.288763e-01 3.544163e+00
551 3.763372e-08 3.082087e-01 3.470693e+00
552 5.334543e-08 4.174902e-01 3.623508e+00
553 4.119818e-08 2.277092e-01 3.511954e+00
554 5.739907e-08 3.932426e-01 3.557497e+00
555 4.086827e-08 2.879976e-01 3.510787e+00
556 5.022230e-08 2.288823e-01 3.535207e+00
557 3.707836e-08 2.617153e-01 3.714653e+00
558 4.867507e-08 3.127625e-01 3.455365e+00
559 3.753217e-08 2.289241e-01 3.436364e+00
560 4.904050e-08 3.066257e-01 3.503658e+00
561 3.692492e-08 2.470526e-01 3.471854e+00
562 5.002924e-08 3.548909e-01 3.407314e+00
563 3.392055e-08 3.219855e-01 3.391707e+00
564 4.515546e-08 3.312128e-01 3.438989e+00
565 4.633508e-08 2.612351e-02 3.615934e+00
566 4.752007e-08 2.557436e-02 3.543939e+00
567 4.001524e-08 1.579297e-01 3.671042e+00
568 3.229834e-08 1.928489e-01 4.072659e+00
569 3.180984e-08 1.512482e-02 3.670506e+00
570 2.640871e-08 1.697941e-01 3.384183e+00
571 3.050723e-08 1.551955e-01 3.495970e+00
572 2.675257e-08 1.230745e-01 3.384102e+00
573 3.721491e-08 3.910781e-01 3.495199e+00
574 3.075430e-08 1.736025e-01 3.448166e+00
575 3.356143e-08 9.127592e-02 3.391575e+00
576 2.732755e-08 1.857453e-01 3.335582e+00
577 3.096882e-08 1.332453e-01 3.383612e+00
578 2.819386e-08 8.960509e-02 3.462482e+00
579 3.057566e-08 8.447943e-02 3.575986e+00
580 2.591219e-08 1.525224e-01 3.735361e+00
581 3.265836e-08 2.603474e-01 3.583626e+00
582 2.707423e-08 1.709861e-01 3.478955e+00
583 2.829495e-08 4.508786e-02 3.550268e+00
584 2.422377e-08 1.438837e-01 3.439376e+00
585 2.546842e-08 5.138162e-02 3.440158e+00
586 2.228273e-08 1.250842e-01 3.503594e+00
587 2.716764e-08 2.192242e-01 3.470896e+00
588 2.280692e-08 1.605114e-01 3.416042e+00
589 2.958348e-08 2.971273e-01 3.447975e+00
590 2.722641e-08 7.967518e-02 3.559164e+00
591 2.617966e-08 3.844610e-02 3.951407e+00
592 2.034373e-08 2.229186e-01 3.679450e+00
593 2.367979e-08 1.639846e-01 3.511614e+00
594 2.183355e-08 7.796661e-02 3.511923e+00
595 2.202753e-08 8.884275e-03 3.638643e+00
596 1.939560e-08 1.194836e-01 3.479781e+00
597 2.726825e-08 4.058986e-01 3.488305e+00
598 1.812354e-08 3.353612e-01 3.494813e+00
599 2.359780e-08 3.020527e-01 3.439448e+00
600 1.747652e-08 2.594005e-01 3.486690e+00
601 2.140328e-08 2.246878e-01 3.520467e+00
602 1.933644e-08 9.656649e-02 3.495205e+00
603 2.140929e-08 1.071994e-01 3.575675e+00
604 2.047762e-08 4.351696e-02 3.439875e+00
605 3.125444e-08 5.262729e-01 3.447730e+00
606 2.414768e-08 2.273842e-01 3.430863e+00
607 1.524156e-08 3.688188e-01 3.528449e+00
608 1.765521e-08 1.583602e-01 3.391293e+00
609 1.213926e-08 3.124266e-01 3.447877e+00
610 1.508534e-08 2.426908e-01 3.463300e+00
611 1.247750e-08 1.728727e-01 3.526736e+00
612 1.513069e-08 2.126377e-01 3.439106e+00
613 1.363073e-08 9.913346e-02 3.454822e+00
614 1.402777e-08 2.912828e-02 3.527390e+00
615 1.094421e-08 2.198182e-01 3.502315e+00
616 1.386609e-08 2.669796e-01 4.087507e+00
617 1.160304e-08 1.632075e-01 4.111497e+00
618 1.228803e-08 5.903533e-02 3.679041e+00
619 1.144575e-08 6.854444e-02 3.511842e+00
620 1.181895e-08 3.260586e-02 3.464178e+00
621 1.300037e-08 9.996000e-02 3.543532e+00
622 1.212160e-08 6.759584e-02 3.615405e+00
623 1.088435e-08 1.020696e-01 3.424143e+00
624 1.078832e-08 8.823303e-03 3.439728e+00
625 1.032789e-08 4.267807e-02 3.399734e+00
626 1.062745e-08 2.900471e-02 3.528318e+00
627 1.502118e-08 4.134323e-01 3.532559e+00
628 1.320625e-08 1.208250e-01 3.599774e+00
629 7.272289e-09 4.493298e-01 3.788847e+00
630 7.126050e-09 2.010909e-02 3.551878e+00
631 1.068866e-08 4.999417e-01 3.495775e+00
632 1.112857e-08 4.115647e-02 3.423704e+00
633 9.682860e-09 1.299095e-01 3.319292e+00
634 1.134412e-08 1.715667e-01 3.462701e+00
635 8.425677e-09 2.572646e-01 3.415466e+00
636 8.218620e-09 2.457459e-02 3.487552e+00
637 8.384164e-09 2.014263e-02 3.488535e+00
638 6.369188e-09 2.403312e-01 3.439822e+00
639 8.294470e-09 3.022807e-01 3.614866e+00
640 5.963172e-09 2.810666e-01 3.592139e+00
641 7.603640e-09 2.751000e-01 3.692050e+00
642 7.636293e-09 4.294287e-03 3.471993e+00
643 7.696437e-09 7.876073e-03 3.528093e+00
644 5.814114e-09 2.445706e-01 3.503381e+00
645 7.095713e-09 2.204288e-01 3.487587e+00
646 6.440274e-09 9.237106e-02 3.456245e+00
647 7.016660e-09 8.949706e-02 3.455099e+00
648 6.619018e-09 5.667110e-02 3.422875e+00
649 5.014106e-09 2.424698e-01 3.384248e+00
650 8.254800e-09 6.463155e-01 3.439811e+00
651 6.931755e-09 1.602758e-01 3.543436e+00
652 4.028551e-09 4.188267e-01 3.488152e+00
653 5.380933e-09 3.356994e-01 3.551248e+00
654 3.688727e-09 3.144819e-01 3.519307e+00
655 5.237081e-09 4.197528e-01 3.463575e+00
656 4.233616e-09 1.916076e-01 3.383970e+00
657 4.757305e-09 1.236978e-01 3.559968e+00
658 3.997848e-09 1.596402e-01 3.487956e+00
659 4.086450e-09 2.216223e-02 3.391302e+00
660 2.899304e-09 2.905079e-01 3.472052e+00
661 3.272844e-09 1.288379e-01 3.527311e+00
662 3.365531e-09 2.831984e-02 3.464030e+00
663 2.944986e-09 1.249563e-01 3.399187e+00
664 2.959147e-09 4.808514e-03 3.423725e+00
665 2.756883e-09 6.835220e-02 3.448220e+00
666 2.743027e-09 5.025936e-03 3.391509e+00
667 2.812196e-09 2.521643e-02 3.542772e+00
668 2.776839e-09 1.257299e-02 3.424559e+00
669 3.342164e-09 2.035861e-01 3.487113e+00
670 2.861612e-09 1.437848e-01 3.527869e+00
671 3.347145e-09 1.696714e-01 3.536156e+00
672 2.668428e-09 2.027751e-01 3.423602e+00
673 2.891773e-09 8.369911e-02 3.671812e+00
674 2.768708e-09 4.255694e-02 3.850739e+00
675 2.814261e-09 1.645297e-02 3.674177e+00
676 2.648676e-09 5.883794e-02 3.423904e+00
677 2.695601e-09 1.771649e-02 3.543483e+00
678 2.302796e-09 1.457207e-01 3.583494e+00
679 2.692269e-09 1.691302e-01 3.479584e+00
680 2.431636e-09 9.680790e-02 3.359763e+00
681 2.830172e-09 1.638964e-01 3.344159e+00
682 2.530023e-09 1.060532e-01 3.541481e+00
683 2.456350e-09 2.911970e-02 3.455274e+00
684 2.107371e-09 1.420721e-01 3.360139e+00
685 2.425855e-09 1.511284e-01 3.703740e+00
686 2.043237e-09 1.577249e-01 3.583261e+00
687 1.751139e-09 1.429585e-01 3.671322e+00
688 1.253020e-09 2.844545e-01 3.415623e+00
689 2.221424e-09 7.728566e-01 3.639856e+00
690 1.802164e-09 1.887348e-01 3.295001e+00
691 1.683986e-09 6.557580e-02 3.264176e+00
692 1.880442e-09 1.166616e-01 3.287809e+00
693 1.906640e-09 1.393179e-02 3.383676e+00
694 1.839053e-09 3.544842e-02 3.247234e+00
695 1.609449e-09 1.248488e-01 3.215801e+00
696 1.482299e-09 7.900209e-02 3.424015e+00
697 1.454538e-09 1.872850e-02 3.591333e+00
698 1.599785e-09 9.985769e-02 3.615941e+00
699 9.402088e-10 4.122905e-01 3.766350e+00
700 8.628479e-10 8.228055e-02 3.397940e+00
701 1.098701e-09 2.733429e-01 3.390429e+00
702 6.962347e-10 3.663111e-01 3.559442e+00
703 1.035772e-09 4.876763e-01 3.520357e+00
704 1.032961e-09 2.714000e-03 3.375668e+00
705 8.285855e-10 1.978539e-01 3.359881e+00
706 7.269103e-10 1.227094e-01 3.358715e+00
707 9.622007e-10 3.236855e-01 3.479830e+00
708 7.042388e-10 2.680957e-01 3.432314e+00
709 9.357448e-10 3.287323e-01 3.871298e+00
710 6.702865e-10 2.836867e-01 3.280176e+00
711 7.492256e-10 1.177692e-01 3.759048e+00
712 5.799081e-10 2.259899e-01 3.448238e+00
713 8.256580e-10 4.237738e-01 3.446843e+00
714 4.694996e-10 4.313632e-01 3.448138e+00
715 6.046085e-10 2.877722e-01 3.488078e+00
716 4.592792e-10 2.403693e-01 3.431411e+00
717 5.112984e-10 1.132629e-01 3.439986e+00
718 4.018006e-10 2.141564e-01 3.431287e+00
719 5.121046e-10 2.745242e-01 3.383957e+00
720 3.551572e-10 3.064752e-01 3.359643e+00
721 4.160516e-10 1.714576e-01 3.447674e+00
722 4.199302e-10 9.322314e-03 3.304199e+00
723 4.079670e-10 2.848856e-02 3.431714e+00
724 4.572130e-10 1.207109e-01 3.335382e+00
725 3.923110e-10 1.419515e-01 3.424082e+00
726 4.118241e-10 4.973904e-02 3.312602e+00
727 4.141454e-10 5.636518e-03 3.303029e+00
728 4.565770e-10 1.024558e-01 3.167896e+00
729 3.485447e-10 2.366134e-01 3.296171e+00
730 2.774790e-10 2.038926e-01 3.439753e+00
731 4.653296e-10 6.769899e-01 3.383529e+00
732 4.112995e-10 1.161113e-01 3.287580e+00
733 3.452758e-10 1.605247e-01 3.318920e+00
734 4.012468e-10 1.621052e-01 3.287890e+00
735 3.414836e-10 1.489437e-01 3.175744e+00
736 4.286153e-10 2.551561e-01 3.215198e+00
737 3.139525e-10 2.675190e-01 3.416053e+00
738 2.569015e-10 1.817187e-01 3.415130e+00
739 2.941554e-10 1.450123e-01 3.248117e+00
740 4.132542e-10 4.048841e-01 3.183084e+00
741 4.703153e-10 1.380776e-01 3.336066e+00
742 2.790950e-10 4.065791e-01 3.327459e+00
743 3.012885e-10 7.951981e-02 3.230607e+00
744 2.904462e-10 3.598652e-02 3.199055e+00
745 2.921668e-10 5.924070e-03 3.128006e+00
746 2.771826e-10 5.128657e-02 3.215850e+00
747 2.689772e-10 2.960300e-02 3.199480e+00
748 2.477979e-10 7.874007e-02 3.213798e+00
749 3.044294e-10 2.285390e-01 3.136654e+00
750 2.112989e-10 3.059183e-01 3.350789e+00
751 2.316320e-10 9.622948e-02 3.398656e+00
752 1.790411e-10 2.270451e-01 3.546848e+00
753 1.823023e-10 1.821464e-02 3.424135e+00
754 1.946501e-10 6.773250e-02 3.454042e+00
755 1.763837e-10 9.384219e-02 3.247799e+00
756 1.680561e-10 4.721276e-02 3.295715e+00
757 1.822426e-10 8.441483e-02 3.192099e+00
758 1.624316e-10 1.087064e-01 3.271620e+00
759 1.728067e-10 6.387324e-02 3.269335e+00
760 1.336145e-10 2.267980e-01 3.448452e+00
761 1.109515e-10 1.696148e-01 3.574925e+00
762 1.323106e-10 1.925088e-01 3.189878e+00
763 1.188407e-10 1.018051e-01 3.333770e+00
764 1.506066e-10 2.672983e-01 3.327665e+00
765 1.937355e-10 2.863674e-01 3.447702e+00
766 1.230761e-10 3.647209e-01 3.800166e+00
767 1.485908e-10 2.073083e-01 3.422716e+00
768 9.344348e-11 3.711356e-01 3.351626e+00
