1 8.692629e-01 1.000000e+00 3.664643e+00
2 7.512223e-01 1.357938e-01 3.839501e+00
3 2.507756e-01 6.661765e-01 4.591436e+00
4 1.633729e-01 3.485295e-01 4.711941e+00
5 6.092178e-02 6.270999e-01 3.919419e+00
6 5.569763e-02 8.575186e-02 3.624156e+00
7 5.534686e-02 6.297749e-03 3.535084e+00
8 5.469671e-02 1.174678e-02 3.663366e+00
9 5.408796e-02 1.112961e-02 3.727923e+00
10 4.816681e-02 1.094726e-01 3.455777e+00
11 3.737274e-02 2.240976e-01 3.743863e+00
12 3.718675e-02 4.976589e-03 3.615734e+00
13 3.246243e-02 1.270431e-01 3.528139e+00
14 3.234527e-02 3.609246e-03 3.695471e+00
15 3.091703e-02 4.415589e-02 3.327718e+00
16 3.085426e-02 2.030256e-03 3.359933e+00
17 3.083186e-02 7.261634e-04 3.391275e+00
18 2.653209e-02 1.394587e-01 3.999295e+00
19 2.437561e-02 8.127828e-02 3.895561e+00
20 2.402064e-02 1.456242e-02 4.406804e+00
21 2.395879e-02 2.574887e-03 3.919616e+00
22 2.396391e-02 2.138686e-04 3.543883e+00
23 2.388767e-02 3.181561e-03 3.655890e+00
24 2.383390e-02 2.250931e-03 3.519615e+00
25 2.368222e-02 6.363973e-03 3.672013e+00
26 2.362653e-02 2.351563e-03 3.504106e+00
27 2.359356e-02 1.395488e-03 3.471721e+00
28 2.346837e-02 5.305985e-03 3.951116e+00
29 2.340195e-02 2.830541e-03 3.408063e+00
30 2.335237e-02 2.118398e-03 3.543591e+00
31 2.329557e-02 2.432283e-03 3.672079e+00
32 2.317362e-02 5.234846e-03 3.583654e+00
33 1.993727e-02 1.396566e-01 3.447884e+00
34 1.801316e-02 9.650839e-02 3.599535e+00
35 1.798615e-02 1.499377e-03 3.582703e+00
36 1.798878e-02 1.463624e-04 3.576014e+00
37 1.798370e-02 2.828265e-04 3.600248e+00
38 1.794034e-02 2.410913e-03 3.662835e+00
39 1.792437e-02 8.899827e-04 3.583834e+00
40 1.791977e-02 2.569384e-04 3.528428e+00
41 1.791506e-02 2.626416e-04 3.575110e+00
42 1.771834e-02 1.098078e-02 3.543778e+00
43 1.763675e-02 4.604731e-03 3.558270e+00
44 1.761917e-02 9.968120e-04 3.496473e+00
45 1.762689e-02 4.379605e-04 3.584055e+00
46 1.763781e-02 6.195185e-04 3.631547e+00
47 1.766959e-02 1.801955e-03 3.711525e+00
48 1.760850e-02 3.457250e-03 3.711309e+00
49 1.760911e-02 3.430471e-05 3.848114e+00
50 1.548890e-02 1.204037e-01 3.528100e+00
51 6.919328e-03 5.532720e-01 3.574886e+00
52 6.865328e-03 7.804178e-03 3.646856e+00
53 5.108535e-03 2.558935e-01 3.664321e+00
54 4.981312e-03 2.490410e-02 3.606926e+00
55 4.955758e-03 5.129857e-03 3.631418e+00
56 4.952317e-03 6.943455e-04 3.462623e+00
57 4.953629e-03 2.649310e-04 3.429657e+00
58 4.925632e-03 5.651854e-03 3.423722e+00
59 4.688501e-03 4.814236e-02 3.559063e+00
60 3.908434e-03 1.663787e-01 3.607813e+00
61 3.763564e-03 3.706609e-02 3.789290e+00
62 3.714486e-03 1.304025e-02 3.295981e+00
63 3.704464e-03 2.697899e-03 3.528317e+00
64 2.931078e-03 2.087716e-01 3.462864e+00
65 6.934196e-04 7.634250e-01 3.456341e+00
66 6.163778e-04 1.111042e-01 3.335517e+00
67 5.389540e-04 1.256109e-01 3.343794e+00
68 2.849823e-04 4.712308e-01 3.391364e+00
69 2.089514e-04 2.667917e-01 3.400225e+00
70 1.583028e-04 2.423940e-01 3.447308e+00
71 1.748067e-04 1.042549e-01 3.535066e+00
72 1.391851e-04 2.037767e-01 3.623575e+00
73 1.669556e-04 1.995220e-01 3.656163e+00
74 1.418667e-04 1.502734e-01 3.319518e+00
75 1.551139e-04 9.337848e-02 3.366098e+00
76 1.493921e-04 3.688777e-02 3.487929e+00
77 9.610894e-05 3.566667e-01 3.447937e+00
78 7.451031e-05 2.247307e-01 3.359034e+00
79 5.775450e-05 2.248792e-01 3.400409e+00
80 4.431112e-05 2.327677e-01 3.279017e+00
81 4.676699e-05 5.542353e-02 3.288646e+00
82 4.000583e-05 1.445712e-01 3.335555e+00
83 4.439204e-05 1.096392e-01 3.415909e+00
84 4.708479e-05 6.065831e-02 3.470662e+00
85 4.014674e-05 1.473521e-01 3.809831e+00
86 4.505530e-05 1.222653e-01 3.431880e+00
87 3.863640e-05 1.424671e-01 3.615696e+00
88 4.752339e-05 2.300160e-01 3.415695e+00
89 4.197261e-05 1.168009e-01 3.351840e+00
90 3.920821e-05 6.586215e-02 3.343504e+00
91 3.280690e-05 1.632644e-01 3.368028e+00
92 3.335050e-05 1.656947e-02 3.392282e+00
93 3.890895e-05 1.666679e-01 3.503725e+00
94 3.190640e-05 1.799728e-01 3.470752e+00
95 3.479052e-05 9.039318e-02 3.375948e+00
96 3.078021e-05 1.152702e-01 3.431498e+00
97 2.925948e-05 4.940601e-02 3.614634e+00
98 2.827480e-05 3.365337e-02 3.383324e+00
99 2.913530e-05 3.043357e-02 3.231800e+00
100 2.396719e-05 1.773833e-01 3.376051e+00
101 4.340514e-05 8.110235e-01 3.335209e+00
102 2.530929e-05 4.169057e-01 3.319659e+00
103 2.191943e-05 1.339374e-01 3.255249e+00
104 2.592453e-05 1.827191e-01 3.264125e+00
105 2.657892e-05 2.524223e-02 3.351926e+00
106 5.799506e-05 1.181995e+00 3.479371e+00
107 3.478633e-05 4.001847e-01 3.487517e+00
108 2.763616e-05 2.055454e-01 3.432272e+00
109 3.169478e-05 1.468592e-01 3.591987e+00
110 3.671968e-05 1.585402e-01 3.319224e+00
111 4.654750e-05 2.676445e-01 3.327836e+00
112 4.158950e-05 1.065149e-01 3.320451e+00
113 3.880202e-05 6.702360e-02 3.471450e+00
114 3.246294e-05 1.633698e-01 3.535424e+00
115 3.205224e-05 1.265124e-02 3.304090e+00
116 3.423943e-05 6.823812e-02 3.423975e+00
117 3.342862e-05 2.368054e-02 3.366258e+00
118 3.323705e-05 5.730837e-03 3.328476e+00
119 3.547900e-05 6.745357e-02 3.383691e+00
120 2.437267e-05 3.130396e-01 3.471154e+00
121 2.440905e-05 1.492756e-03 3.423815e+00
122 2.075123e-05 1.498551e-01 3.312148e+00
123 2.032035e-05 2.076428e-02 3.327201e+00
124 1.990614e-05 2.038373e-02 3.424369e+00
125 1.750643e-05 1.205512e-01 3.375271e+00
126 1.550043e-05 1.145865e-01 3.247645e+00
127 1.384304e-05 1.069253e-01 3.136439e+00
128 1.811240e-05 3.084119e-01 3.295400e+00
129 1.540752e-05 1.493389e-01 3.375795e+00
130 1.490527e-05 3.259718e-02 3.415499e+00
131 2.073749e-05 3.912850e-01 3.264389e+00
132 1.524885e-05 2.646720e-01 3.150865e+00
133 1.672294e-05 9.666841e-02 3.312035e+00
134 1.608164e-05 3.834829e-02 3.511758e+00
135 3.283308e-05 1.041650e+00 3.597948e+00
136 3.477752e-05 5.922195e-02 3.391288e+00
137 2.791753e-05 1.972536e-01 3.352124e+00
138 2.896067e-05 3.736490e-02 3.376013e+00
139 3.078828e-05 6.310653e-02 3.375925e+00
140 3.600647e-05 1.694864e-01 3.407007e+00
141 3.073352e-05 1.464444e-01 3.255531e+00
142 3.366776e-05 9.547363e-02 3.367588e+00
143 4.011538e-05 1.915072e-01 3.343707e+00
144 2.844044e-05 2.910341e-01 3.311885e+00
145 4.869502e-05 7.121753e-01 3.431873e+00
146 3.024214e-05 3.789478e-01 3.582951e+00
147 3.403241e-05 1.253305e-01 3.773575e+00
148 3.983809e-05 1.705927e-01 3.478207e+00
149 3.255448e-05 1.828303e-01 3.312367e+00
150 2.975913e-05 8.586674e-02 3.343587e+00
151 3.331188e-05 1.193835e-01 3.302980e+00
152 3.201985e-05 3.878609e-02 3.360130e+00
153 3.731945e-05 1.655100e-01 3.319227e+00
154 3.486617e-05 6.573742e-02 3.447771e+00
155 5.267087e-05 5.106585e-01 3.319723e+00
156 3.552234e-05 3.255791e-01 3.255434e+00
157 3.355618e-05 5.534978e-02 3.327870e+00
158 3.256459e-05 2.955007e-02 3.511825e+00
159 2.531539e-05 2.226100e-01 3.590105e+00
160 2.416219e-05 4.555321e-02 3.647439e+00
161 3.173936e-05 3.135961e-01 3.352149e+00
162 2.296760e-05 2.763687e-01 3.574922e+00
163 2.482441e-05 8.084490e-02 3.360263e+00
164 2.718375e-05 9.504110e-02 3.407639e+00
165 2.805956e-05 3.221806e-02 3.399674e+00
166 2.823058e-05 6.094841e-03 3.359722e+00
167 2.731198e-05 3.253891e-02 3.335842e+00
168 2.567647e-05 5.988285e-02 3.335525e+00
169 2.885677e-05 1.238607e-01 3.335179e+00
170 2.256858e-05 2.179105e-01 3.598734e+00
171 2.223657e-05 1.471101e-02 3.726582e+00
172 2.231821e-05 3.671583e-03 3.375902e+00
173 2.667393e-05 1.951644e-01 3.311058e+00
174 2.301782e-05 1.370670e-01 3.327088e+00
175 2.161483e-05 6.095242e-02 3.320142e+00
176 2.722880e-05 2.597280e-01 3.312073e+00
177 2.194843e-05 1.939261e-01 3.343950e+00
178 2.115223e-05 3.627559e-02 3.343553e+00
179 2.270182e-05 7.325868e-02 3.343271e+00
180 2.980602e-05 3.129351e-01 3.320423e+00
181 2.385812e-05 1.995535e-01 3.383082e+00
182 2.369202e-05 6.962116e-03 3.975797e+00
183 4.131944e-05 7.440238e-01 4.110933e+00
184 2.822405e-05 3.169306e-01 3.168478e+00
185 3.072740e-05 8.869586e-02 3.303985e+00
186 2.055731e-05 3.309780e-01 3.366800e+00
187 1.758628e-05 1.445242e-01 3.320604e+00
188 2.163131e-05 2.300103e-01 3.343023e+00
189 2.202085e-05 1.800811e-02 3.311800e+00
190 1.499611e-05 3.190041e-01 3.351679e+00
191 1.682562e-05 1.219991e-01 3.343984e+00
192 1.881273e-05 1.181004e-01 3.319086e+00
193 1.593981e-05 1.527113e-01 3.415631e+00
194 2.320977e-05 4.560879e-01 3.488168e+00
195 1.861182e-05 1.981041e-01 3.391062e+00
196 1.936851e-05 4.065630e-02 3.335177e+00
197 2.514490e-05 2.982367e-01 3.615128e+00
198 1.935686e-05 2.301875e-01 4.464363e+00
199 2.102499e-05 8.617788e-02 3.876188e+00
200 1.969899e-05 6.306817e-02 3.288699e+00
201 1.901970e-05 3.448316e-02 3.190487e+00
202 3.315392e-05 7.431358e-01 3.238695e+00
203 1.950295e-05 4.117455e-01 3.311703e+00
204 2.014701e-05 3.302379e-02 3.279316e+00
205 2.094897e-05 3.980551e-02 3.280226e+00
206 2.322246e-05 1.085254e-01 3.303213e+00
207 2.146459e-05 7.569691e-02 3.288491e+00
208 2.458186e-05 1.452282e-01 3.391556e+00
209 1.718464e-05 3.009219e-01 3.359833e+00
210 1.667334e-05 2.975312e-02 3.455479e+00
211 1.707471e-05 2.407203e-02 3.503263e+00
212 2.833472e-05 6.594558e-01 3.335733e+00
213 1.684225e-05 4.055966e-01 3.367582e+00
214 2.213949e-05 3.145203e-01 3.351438e+00
215 1.146853e-05 4.819877e-01 3.311736e+00
216 1.187358e-05 3.531844e-02 3.167627e+00
217 6.639594e-06 4.408093e-01 3.223670e+00
218 6.687624e-06 7.233861e-03 3.248157e+00
219 1.022988e-05 5.296738e-01 3.495367e+00
220 7.116439e-06 3.043479e-01 3.191900e+00
221 8.128150e-06 1.421654e-01 3.191196e+00
222 7.138023e-06 1.218146e-01 3.318964e+00
223 6.964485e-06 2.431182e-02 3.493117e+00
224 6.492091e-06 6.782903e-02 3.566591e+00
225 6.622000e-06 2.001042e-02 3.375942e+00
226 5.599568e-06 1.543993e-01 3.263534e+00
227 5.822199e-06 3.975870e-02 3.384082e+00
228 5.187506e-06 1.090127e-01 3.351700e+00
229 7.070185e-06 3.629256e-01 3.200114e+00
230 4.709939e-06 3.338308e-01 3.279395e+00
231 6.384488e-06 3.555352e-01 3.375084e+00
232 6.195898e-06 2.953889e-02 3.240129e+00
233 5.898828e-06 4.794616e-02 3.319216e+00
234 6.194438e-06 5.011328e-02 3.392403e+00
235 5.491386e-06 1.134973e-01 3.455679e+00
236 4.734026e-06 1.379177e-01 3.551751e+00
237 6.249202e-06 3.200606e-01 3.487440e+00
238 5.611891e-06 1.019828e-01 3.215552e+00
239 5.314323e-06 5.302453e-02 3.159879e+00
240 6.063577e-06 1.409877e-01 3.168131e+00
241 5.510419e-06 9.122627e-02 3.207578e+00
242 4.917138e-06 1.076653e-01 3.184178e+00
243 5.184424e-06 5.435800e-02 3.119271e+00
244 5.799816e-06 1.187001e-01 3.159409e+00
245 5.317713e-06 8.312387e-02 3.112362e+00
246 4.703293e-06 1.155421e-01 3.271229e+00
247 5.384645e-06 1.448669e-01 3.391845e+00
248 5.979419e-06 1.104575e-01 3.624229e+00
249 5.032362e-06 1.583861e-01 3.446804e+00
250 4.367150e-06 1.321868e-01 3.207204e+00
251 5.225263e-06 1.964926e-01 3.247968e+00
252 6.437964e-06 2.320843e-01 3.327993e+00
253 5.182691e-06 1.949799e-01 3.327480e+00
254 5.270706e-06 1.698253e-02 3.279493e+00
255 4.694332e-06 1.093541e-01 3.270911e+00
256 5.504652e-06 1.726166e-01 3.232070e+00
257 5.049053e-06 8.276610e-02 3.223514e+00
258 5.227405e-06 3.532374e-02 3.263774e+00
259 4.347349e-06 1.683543e-01 3.352082e+00
260 5.140722e-06 1.824958e-01 3.415879e+00
261 4.926237e-06 4.172270e-02 3.566664e+00
262 5.161665e-06 4.779065e-02 3.311529e+00
263 4.755191e-06 7.874856e-02 3.303644e+00
264 4.675694e-06 1.671807e-02 3.303341e+00
265 4.621146e-06 1.166619e-02 3.343005e+00
266 4.700636e-06 1.720126e-02 3.232392e+00
267 4.697298e-06 7.100398e-04 3.262124e+00
268 4.373554e-06 6.892138e-02 3.200257e+00
269 4.647328e-06 6.259766e-02 3.222593e+00
270 4.468116e-06 3.856245e-02 3.246758e+00
271 5.356175e-06 1.987548e-01 3.311960e+00
272 5.802518e-06 8.333225e-02 3.366747e+00
273 4.042227e-06 3.033667e-01 3.370758e+00
274 4.604585e-06 1.391209e-01 3.151709e+00
275 3.882328e-06 1.568561e-01 3.175455e+00
276 2.943216e-06 2.418939e-01 3.319494e+00
277 3.406063e-06 1.572589e-01 3.279472e+00
278 3.511172e-06 3.085932e-02 3.272625e+00
279 2.708414e-06 2.286296e-01 3.190888e+00
280 3.801769e-06 4.036883e-01 3.199153e+00
281 3.602081e-06 5.252506e-02 3.335757e+00
282 4.295446e-06 1.924900e-01 3.222274e+00
283 3.376693e-06 2.138900e-01 3.296623e+00
284 4.584507e-06 3.576915e-01 3.399854e+00
285 3.349215e-06 2.694492e-01 3.390770e+00
286 3.280862e-06 2.040883e-02 3.679947e+00
287 3.688190e-06 1.241528e-01 3.567168e+00
288 4.531177e-06 2.285639e-01 3.303992e+00
289 3.454946e-06 2.375168e-01 3.334824e+00
290 4.488113e-06 2.990400e-01 3.320629e+00
291 3.094395e-06 3.105354e-01 3.405462e+00
292 4.213571e-06 3.616786e-01 3.391390e+00
293 2.616729e-06 3.789761e-01 3.375966e+00
294 2.438355e-06 6.816650e-02 3.439374e+00
295 2.197270e-06 9.887200e-02 3.264474e+00
296 2.780484e-06 2.654265e-01 3.350215e+00
297 2.736223e-06 1.591837e-02 3.455427e+00
298 2.687873e-06 1.767027e-02 3.742567e+00
299 2.474212e-06 7.949077e-02 3.239893e+00
300 2.780519e-06 1.237997e-01 3.128223e+00
301 2.579848e-06 7.217018e-02 3.071500e+00
302 3.008554e-06 1.661749e-01 3.288080e+00
303 2.536753e-06 1.568201e-01 3.143188e+00
304 3.023600e-06 1.919177e-01 3.247675e+00
305 2.565725e-06 1.514340e-01 3.311992e+00
306 2.481521e-06 3.281877e-02 3.319988e+00
307 2.599538e-06 4.755837e-02 3.159752e+00
308 2.800179e-06 7.718353e-02 3.159872e+00
309 2.378174e-06 1.507064e-01 3.391464e+00
310 2.646166e-06 1.126882e-01 3.247712e+00
311 2.785471e-06 5.264386e-02 3.354860e+00
312 2.435279e-06 1.257208e-01 3.056494e+00
313 2.225280e-06 8.623227e-02 3.223292e+00
314 2.292892e-06 3.038392e-02 3.127877e+00
315 2.393962e-06 4.407968e-02 3.199348e+00
316 2.212167e-06 7.593911e-02 3.256581e+00
317 2.759663e-06 2.474932e-01 3.423263e+00
318 2.259616e-06 1.811984e-01 3.279904e+00
319 2.196282e-06 2.802897e-02 3.295767e+00
320 2.004893e-06 8.714213e-02 3.335014e+00
321 2.461230e-06 2.276118e-01 3.456229e+00
322 2.207212e-06 1.032079e-01 3.471389e+00
323 2.212629e-06 2.454202e-03 3.570163e+00
324 2.186133e-06 1.197487e-02 3.351773e+00
325 2.774880e-06 2.693099e-01 3.335783e+00
326 2.138331e-06 2.293970e-01 3.319864e+00
327 2.333583e-06 9.131052e-02 3.358279e+00
328 2.398396e-06 2.777415e-02 3.415471e+00
329 1.941370e-06 1.905549e-01 3.319821e+00
330 2.129725e-06 9.702155e-02 3.303506e+00
331 2.044892e-06 3.983297e-02 3.312310e+00
332 2.408936e-06 1.780259e-01 3.399556e+00
333 2.191743e-06 9.016132e-02 3.247238e+00
334 2.287148e-06 4.352947e-02 3.463734e+00
335 2.101032e-06 8.137475e-02 3.431491e+00
336 1.930562e-06 8.113627e-02 3.604897e+00
337 2.059626e-06 6.685310e-02 3.392400e+00
338 2.086292e-06 1.294673e-02 3.270408e+00
339 2.302878e-06 1.038140e-01 3.456189e+00
340 1.901636e-06 1.742349e-01 3.344026e+00
341 1.896322e-06 2.794706e-03 3.359776e+00
342 2.075776e-06 9.463288e-02 3.351374e+00
343 1.313813e-06 3.670737e-01 3.615412e+00
344 1.497673e-06 1.399433e-01 3.366572e+00
345 1.278358e-06 1.464373e-01 3.255733e+00
346 1.160385e-06 9.228483e-02 3.302828e+00
347 1.486587e-06 2.811162e-01 3.400190e+00
348 1.202028e-06 1.914176e-01 3.288077e+00
349 1.366796e-06 1.370751e-01 3.271336e+00
350 8.197614e-07 4.002315e-01 3.271476e+00
351 7.050696e-07 1.399087e-01 3.437781e+00
352 1.010059e-06 4.325664e-01 3.263380e+00
353 7.590252e-07 2.485338e-01 3.199778e+00
354 8.807492e-07 1.603689e-01 3.263227e+00
355 8.554578e-07 2.871583e-02 3.119508e+00
356 8.891770e-07 3.941662e-02 3.216280e+00
357 8.009791e-07 9.919056e-02 3.191974e+00
358 8.979860e-07 1.211105e-01 3.239484e+00
359 1.134507e-06 2.633909e-01 3.095327e+00
360 7.033109e-07 3.800737e-01 3.088632e+00
361 6.235285e-07 1.134383e-01 3.184634e+00
362 5.545118e-07 1.106874e-01 3.327383e+00
363 6.269649e-07 1.306610e-01 3.215271e+00
364 5.368839e-07 1.436778e-01 3.296223e+00
365 5.941943e-07 1.067464e-01 3.279968e+00
366 6.313419e-07 6.251754e-02 3.422967e+00
367 4.783586e-07 2.423145e-01 3.288290e+00
368 4.694232e-07 1.867941e-02 3.335002e+00
369 5.759097e-07 2.268455e-01 3.343896e+00
370 4.459989e-07 2.255749e-01 3.463586e+00
371 4.732010e-07 6.099126e-02 3.271985e+00
372 3.725364e-07 2.127312e-01 3.287956e+00
373 5.394766e-07 4.481180e-01 3.432013e+00
374 3.104427e-07 4.245485e-01 3.391750e+00
375 4.357974e-07 4.037935e-01 3.455090e+00
376 3.416293e-07 2.160824e-01 3.439583e+00
377 4.102024e-07 2.007237e-01 3.440081e+00
378 3.601197e-07 1.220925e-01 3.287863e+00
379 3.526063e-07 2.086373e-02 3.279505e+00
380 3.286855e-07 6.783994e-02 3.311833e+00
381 3.177917e-07 3.314352e-02 3.407542e+00
382 3.138111e-07 1.252589e-02 3.295660e+00
383 2.851852e-07 9.121998e-02 3.375480e+00
384 2.860988e-07 3.203262e-03 3.288180e+00
385 2.401711e-07 1.605309e-01 3.335686e+00
386 2.734189e-07 1.384338e-01 3.288441e+00
387 1.707413e-07 3.755322e-01 3.423150e+00
388 2.663808e-07 5.601427e-01 3.567572e+00
389 1.735984e-07 3.483071e-01 3.901060e+00
390 3.219658e-07 8.546585e-01 3.279903e+00
391 1.517551e-07 5.286610e-01 3.335967e+00
392 2.877777e-07 8.963303e-01 3.431547e+00
393 1.669449e-07 4.198824e-01 3.327849e+00
394 2.462816e-07 4.752264e-01 3.239467e+00
395 1.472470e-07 4.021191e-01 3.295687e+00
396 2.933191e-07 9.920202e-01 3.479455e+00
397 1.968002e-07 3.290578e-01 3.224248e+00
398 3.328635e-07 6.913780e-01 3.256091e+00
399 1.598158e-07 5.198757e-01 3.462860e+00
400 1.986400e-07 2.429305e-01 3.463961e+00
401 2.224823e-07 1.200279e-01 3.539960e+00
402 1.926709e-07 1.339944e-01 3.279780e+00
403 2.071971e-07 7.539342e-02 3.327447e+00
404 1.746173e-07 1.572403e-01 3.224459e+00
405 1.471714e-07 1.571775e-01 3.207291e+00
406 2.003488e-07 3.613293e-01 3.359992e+00
407 1.330747e-07 3.357847e-01 3.343382e+00
408 8.270197e-08 3.785298e-01 3.279938e+00
409 8.495013e-08 2.718389e-02 3.295657e+00
410 8.458672e-08 4.277928e-03 3.279933e+00
411 1.443037e-07 7.059848e-01 3.311684e+00
412 1.539164e-07 6.661449e-02 3.424007e+00
413 1.702040e-07 1.058211e-01 3.431945e+00
414 1.773361e-07 4.190371e-02 3.654810e+00
415 8.062082e-08 5.453785e-01 3.319377e+00
416 1.371772e-07 7.015113e-01 3.255587e+00
417 7.892879e-08 4.246218e-01 3.312610e+00
418 1.631643e-07 1.067234e+00 3.327458e+00
419 1.542970e-07 5.434578e-02 3.231261e+00
420 1.247540e-07 1.914688e-01 3.312040e+00
421 8.671515e-08 3.049107e-01 3.295971e+00
422 1.026476e-07 1.837333e-01 3.119792e+00
423 1.391867e-07 3.559667e-01 3.175316e+00
424 9.914259e-08 2.877009e-01 3.344048e+00
425 1.237397e-07 2.480983e-01 3.207599e+00
426 7.307355e-08 4.094575e-01 3.431469e+00
427 9.082331e-08 2.429026e-01 3.047725e+00
428 1.000402e-07 1.014810e-01 3.199757e+00
429 1.172754e-07 1.722834e-01 3.120435e+00
430 7.850073e-08 3.306292e-01 3.159139e+00
431 1.525639e-07 9.434706e-01 3.327847e+00
432 8.690803e-08 4.303498e-01 3.335687e+00
433 1.405427e-07 6.171424e-01 3.271290e+00
434 7.394694e-08 4.738471e-01 3.351040e+00
435 7.484200e-08 1.210408e-02 3.288098e+00
436 6.493305e-08 1.323982e-01 3.271828e+00
437 1.340929e-07 1.065095e+00 3.351636e+00
438 8.306539e-08 3.805386e-01 3.335671e+00
439 9.529384e-08 1.472147e-01 3.335793e+00
440 5.903963e-08 3.804465e-01 3.352356e+00
441 1.434302e-07 1.429389e+00 3.351661e+00
442 6.805750e-08 5.255010e-01 3.351227e+00
443 1.378682e-07 1.025760e+00 3.400496e+00
444 5.431954e-08 6.060037e-01 3.335201e+00
445 1.312164e-07 1.415639e+00 3.295732e+00
446 5.410429e-08 5.876713e-01 3.335522e+00
447 7.851980e-08 4.512676e-01 3.400566e+00
448 8.019447e-08 2.132801e-02 3.719376e+00
449 7.248916e-08 9.608288e-02 3.264122e+00
450 6.665434e-08 8.049222e-02 3.263779e+00
451 6.999511e-08 5.012082e-02 3.271088e+00
452 6.870144e-08 1.848233e-02 3.216189e+00
453 9.140737e-08 3.305014e-01 3.320146e+00
454 6.872691e-08 2.481251e-01 3.279875e+00
455 7.819485e-08 1.377618e-01 3.327024e+00
456 6.082180e-08 2.221763e-01 3.288376e+00
457 7.416209e-08 2.193339e-01 3.271489e+00
458 5.688228e-08 2.330006e-01 3.271239e+00
459 5.015643e-08 1.182416e-01 3.431623e+00
460 6.402221e-08 2.764507e-01 3.496154e+00
461 4.743130e-08 2.591431e-01 3.507278e+00
462 6.322815e-08 3.330471e-01 3.287153e+00
463 4.767285e-08 2.460187e-01 3.319844e+00
464 3.971649e-08 1.668950e-01 3.327746e+00
465 9.983257e-08 1.513631e+00 3.351657e+00
466 5.657355e-08 4.333157e-01 3.375371e+00
467 4.949362e-08 1.251455e-01 3.288543e+00
468 4.465349e-08 9.779302e-02 3.383048e+00
469 7.197107e-08 6.117681e-01 3.143556e+00
470 3.678869e-08 4.888406e-01 3.256601e+00
471 8.470887e-08 1.302579e+00 3.262074e+00
472 4.388703e-08 4.819075e-01 3.288591e+00
473 6.829528e-08 5.561609e-01 3.319292e+00
474 3.351419e-08 5.092751e-01 3.439581e+00
475 6.292667e-08 8.776127e-01 3.383719e+00
476 3.654337e-08 4.192706e-01 3.699909e+00
477 5.980808e-08 6.366328e-01 3.598678e+00
478 3.380138e-08 4.348359e-01 3.565628e+00
479 6.487772e-08 9.193810e-01 3.319549e+00
480 3.216436e-08 5.042310e-01 3.183514e+00
481 5.443085e-08 6.922721e-01 3.071337e+00
482 2.376581e-08 5.633762e-01 3.119937e+00
483 5.570029e-08 1.343715e+00 2.991998e+00
484 3.124127e-08 4.391185e-01 3.231327e+00
485 5.839728e-08 8.692355e-01 3.152155e+00
486 3.007616e-08 4.849733e-01 2.991216e+00
487 5.894515e-08 9.598627e-01 2.952031e+00
488 2.491986e-08 5.772364e-01 3.183736e+00
489 4.886299e-08 9.608052e-01 3.519909e+00
490 4.828593e-08 1.180978e-02 3.559470e+00
491 3.640159e-08 2.461243e-01 3.580315e+00
492 3.168556e-08 1.295556e-01 3.359947e+00
493 4.333023e-08 3.675073e-01 3.455960e+00
494 2.959232e-08 3.170514e-01 3.343817e+00
495 3.908613e-08 3.208199e-01 3.399959e+00
496 2.672642e-08 3.162174e-01 3.151213e+00
497 4.637599e-08 7.352118e-01 3.168346e+00
498 2.030101e-08 5.622518e-01 3.207404e+00
499 4.158097e-08 1.048222e+00 3.183587e+00
500 1.986077e-08 5.223592e-01 3.199926e+00
501 2.326882e-08 1.715972e-01 3.255007e+00
502 2.148833e-08 7.651801e-02 3.319833e+00
503 4.625895e-08 1.152747e+00 3.402232e+00
504 2.832739e-08 3.876345e-01 3.239807e+00
505 3.848436e-08 3.585564e-01 3.310915e+00
506 2.581192e-08 3.292881e-01 3.239574e+00
507 2.508096e-08 2.831842e-02 3.247929e+00
508 2.224503e-08 1.130712e-01 3.184074e+00
509 2.132719e-08 4.126036e-02 3.159096e+00
510 1.958973e-08 8.146701e-02 3.151286e+00
511 1.790220e-08 8.614365e-02 3.135891e+00
512 2.266817e-08 2.662226e-01 3.248180e+00
513 1.420281e-08 3.734470e-01 3.279385e+00
514 1.720306e-08 2.112439e-01 3.447322e+00
515 1.719149e-08 6.725075e-04 3.479055e+00
516 2.120107e-08 2.332304e-01 3.592057e+00
517 1.353017e-08 3.618170e-01 3.319530e+00
518 2.237974e-08 6.540626e-01 3.431355e+00
519 1.306171e-08 4.163601e-01 3.320547e+00
520 2.647685e-08 1.027058e+00 3.311375e+00
521 1.358276e-08 4.869947e-01 3.391690e+00
522 1.959867e-08 4.429076e-01 3.359806e+00
523 1.793092e-08 8.509513e-02 3.247483e+00
524 1.913933e-08 6.739239e-02 3.199936e+00
525 1.663461e-08 1.308676e-01 3.111655e+00
526 1.706001e-08 2.557320e-02 3.320014e+00
527 1.192834e-08 3.008009e-01 3.559948e+00
528 1.099275e-08 7.843422e-02 3.391115e+00
529 1.103605e-08 3.938991e-03 3.568226e+00
530 1.112510e-08 8.068563e-03 3.175291e+00
531 1.096162e-08 1.469503e-02 3.223023e+00
532 7.667112e-09 3.005491e-01 3.183810e+00
533 9.114376e-09 1.887626e-01 3.272081e+00
534 8.906567e-09 2.280013e-02 3.335242e+00
535 8.726974e-09 2.016410e-02 3.351694e+00
536 8.493868e-09 2.671095e-02 3.240532e+00
537 9.838195e-09 1.582703e-01 3.286963e+00
538 1.205009e-08 2.248277e-01 3.319813e+00
539 7.531526e-09 3.749820e-01 3.319745e+00
540 8.526715e-09 1.321364e-01 3.288486e+00
541 1.030381e-08 2.084152e-01 3.367405e+00
542 1.271425e-08 2.339365e-01 3.280277e+00
543 7.318159e-09 4.244128e-01 3.415261e+00
544 8.147457e-09 1.133206e-01 3.255999e+00
545 8.170493e-09 2.827346e-03 3.335749e+00
546 7.919140e-09 3.076347e-02 3.264071e+00
547 9.608173e-09 2.132848e-01 3.391566e+00
548 1.251931e-08 3.029860e-01 3.263577e+00
549 6.951958e-09 4.447014e-01 3.184002e+00
550 7.725680e-09 1.112956e-01 3.231172e+00
551 9.280324e-09 2.012307e-01 3.389243e+00
552 1.243456e-08 3.398844e-01 3.199939e+00
553 6.965047e-09 4.398638e-01 3.407550e+00
554 7.596591e-09 9.067333e-02 3.536122e+00
555 8.202010e-09 7.969613e-02 3.558225e+00
556 7.126530e-09 1.311240e-01 3.400065e+00
557 7.422467e-09 4.152609e-02 3.440122e+00
558 1.006695e-08 3.562802e-01 3.503183e+00
559 6.600478e-09 3.443415e-01 3.280489e+00
560 6.361210e-09 3.625021e-02 3.399815e+00
561 6.835472e-09 7.455531e-02 3.271337e+00
562 6.367311e-09 6.848996e-02 3.312068e+00
563 8.706027e-09 3.673005e-01 3.527471e+00
564 6.504269e-09 2.529004e-01 3.375855e+00
565 7.532199e-09 1.580393e-01 3.463940e+00
566 1.017722e-08 3.511619e-01 3.343702e+00
567 6.602524e-09 3.512449e-01 3.399074e+00
568 9.790546e-09 4.828491e-01 3.439401e+00
569 6.224264e-09 3.642578e-01 3.552068e+00
570 9.005250e-09 4.467977e-01 3.487876e+00
571 5.921001e-09 3.424946e-01 3.407720e+00
572 6.191149e-09 4.562539e-02 3.375568e+00
573 8.140580e-09 3.148738e-01 3.396960e+00
574 6.612748e-09 1.876810e-01 3.407180e+00
575 6.505612e-09 1.620140e-02 3.551932e+00
576 6.672616e-09 2.567074e-02 3.551633e+00
577 7.127068e-09 6.810701e-02 3.295376e+00
578 9.826207e-09 3.787167e-01 3.384029e+00
579 5.956552e-09 3.938096e-01 3.399394e+00
580 7.816502e-09 3.122528e-01 3.694922e+00
581 6.390350e-09 1.824540e-01 3.495617e+00
582 8.736378e-09 3.671203e-01 3.804388e+00
583 5.835050e-09 3.320974e-01 3.383293e+00
584 8.904727e-09 5.260756e-01 3.263632e+00
585 5.650012e-09 3.655042e-01 3.487480e+00
586 6.722944e-09 1.898991e-01 3.423674e+00
587 6.741351e-09 2.738045e-03 3.368449e+00
588 6.031620e-09 1.052802e-01 3.383698e+00
589 6.594102e-09 9.325546e-02 3.423633e+00
590 8.178313e-09 2.402466e-01 3.488050e+00
591 5.332638e-09 3.479538e-01 3.431801e+00
592 9.632004e-09 8.062363e-01 3.535828e+00
593 6.280075e-09 3.479992e-01 3.518994e+00
594 1.143047e-08 8.201171e-01 3.608062e+00
595 6.417025e-09 4.386036e-01 3.423855e+00
596 8.705157e-09 3.565720e-01 3.400115e+00
597 7.902528e-09 9.220152e-02 3.438871e+00
598 8.188579e-09 3.619743e-02 3.288429e+00
599 8.422027e-09 2.850894e-02 3.287760e+00
600 9.744291e-09 1.570007e-01 3.247535e+00
601 6.984768e-09 2.831938e-01 3.231801e+00
602 6.798960e-09 2.660181e-02 3.383281e+00
603 7.934395e-09 1.670012e-01 3.397859e+00
604 8.290577e-09 4.489092e-02 3.535748e+00
605 5.389068e-09 3.499768e-01 3.423582e+00
606 4.617308e-09 1.432084e-01 3.653712e+00
607 9.110082e-09 9.730289e-01 3.335480e+00
608 4.743060e-09 4.793614e-01 3.432595e+00
609 8.585381e-09 8.100932e-01 3.367028e+00
610 3.988948e-09 5.353791e-01 3.335272e+00
611 8.863142e-09 1.221925e+00 3.303554e+00
612 6.057997e-09 3.164956e-01 3.336564e+00
613 6.996106e-09 1.548547e-01 3.399797e+00
614 4.261995e-09 3.908047e-01 3.431548e+00
615 7.033540e-09 6.502927e-01 3.319688e+00
616 5.038861e-09 2.835953e-01 3.351917e+00
617 6.799118e-09 3.493364e-01 3.607518e+00
618 6.209321e-09 8.674606e-02 3.544022e+00
619 6.898816e-09 1.110419e-01 3.461389e+00
620 4.325189e-09 3.730534e-01 3.431448e+00
621 7.442555e-09 7.207466e-01 3.456012e+00
622 6.000313e-09 1.937831e-01 3.375721e+00
623 6.785636e-09 1.308802e-01 3.343524e+00
624 6.085043e-09 1.032464e-01 3.407802e+00
625 6.512701e-09 7.028023e-02 3.407828e+00
626 5.653077e-09 1.319920e-01 3.416307e+00
627 6.236034e-09 1.031222e-01 3.591162e+00
628 5.333224e-09 1.447731e-01 3.608320e+00
629 5.690856e-09 6.705736e-02 3.502901e+00
630 5.043872e-09 1.136884e-01 3.549875e+00
631 5.628035e-09 1.158165e-01 3.576678e+00
632 4.735456e-09 1.585952e-01 3.527475e+00
633 5.561346e-09 1.744056e-01 3.413746e+00
634 3.267540e-09 4.124551e-01 3.519464e+00
635 6.922292e-09 1.118502e+00 3.399629e+00
636 4.175563e-09 3.967947e-01 3.391750e+00
637 6.279906e-09 5.039663e-01 3.392086e+00
638 5.057876e-09 1.945937e-01 3.591809e+00
639 5.403994e-09 6.843136e-02 3.439383e+00
640 3.869081e-09 2.840330e-01 3.351362e+00
641 5.302230e-09 3.704107e-01 3.448306e+00
642 4.251206e-09 1.982230e-01 3.381850e+00
643 6.018935e-09 4.158180e-01 3.399487e+00
644 5.055645e-09 1.600432e-01 3.351780e+00
645 3.462098e-09 3.152016e-01 3.432105e+00
646 3.379811e-09 2.376804e-02 3.391614e+00
647 3.055891e-09 9.583969e-02 3.357680e+00
648 3.948059e-09 2.919502e-01 3.327984e+00
649 2.713412e-09 3.127225e-01 3.383096e+00
650 3.587227e-09 3.220355e-01 3.264244e+00
651 2.703008e-09 2.464909e-01 3.207418e+00
652 3.686913e-09 3.640035e-01 3.175499e+00
653 2.831665e-09 2.319685e-01 3.431754e+00
654 3.107025e-09 9.724316e-02 3.224506e+00
655 2.556073e-09 1.773245e-01 3.311540e+00
656 3.264225e-09 2.770467e-01 3.431185e+00
657 4.373318e-09 3.397721e-01 3.263724e+00
658 3.801574e-09 1.307347e-01 3.255953e+00
659 4.093594e-09 7.681569e-02 3.383782e+00
660 4.510509e-09 1.018456e-01 3.479935e+00
661 4.429792e-09 1.789520e-02 3.359228e+00
662 4.235529e-09 4.385389e-02 3.208000e+00
663 4.523445e-09 6.797654e-02 3.247712e+00
664 3.277287e-09 2.754888e-01 3.367864e+00
665 4.481180e-09 3.673445e-01 3.343749e+00
666 3.136307e-09 3.001158e-01 3.231917e+00
667 3.954629e-09 2.609189e-01 3.192223e+00
668 4.500756e-09 1.380984e-01 3.287653e+00
669 3.115926e-09 3.076883e-01 3.191298e+00
670 4.227914e-09 3.568723e-01 3.296532e+00
671 3.181378e-09 2.475301e-01 3.375767e+00
672 4.139921e-09 3.012980e-01 3.654679e+00
673 2.985431e-09 2.788677e-01 3.519983e+00
674 2.600045e-09 1.290888e-01 3.376016e+00
675 2.274701e-09 1.251300e-01 3.416007e+00
676 3.295042e-09 4.485601e-01 3.342995e+00
677 1.995238e-09 3.944726e-01 3.368205e+00
678 3.331984e-09 6.699684e-01 3.391403e+00
679 1.825100e-09 4.522483e-01 3.343788e+00
680 2.878637e-09 5.772489e-01 3.439551e+00
681 1.627175e-09 4.347413e-01 3.399695e+00
682 2.902272e-09 7.836270e-01 3.399733e+00
683 1.885193e-09 3.504426e-01 3.327731e+00
684 2.600452e-09 3.794091e-01 3.527740e+00
685 1.614665e-09 3.790830e-01 3.575494e+00
686 2.483950e-09 5.383690e-01 3.392079e+00
687 1.782266e-09 2.824871e-01 3.447801e+00
688 2.568026e-09 4.408770e-01 3.431537e+00
689 1.683048e-09 3.446140e-01 3.495738e+00
690 2.440193e-09 4.498648e-01 3.447345e+00
691 1.549136e-09 3.651581e-01 3.408497e+00
692 2.345274e-09 5.139235e-01 3.454903e+00
693 1.284861e-09 4.521490e-01 3.408277e+00
694 2.386865e-09 8.576842e-01 3.423237e+00
695 1.449323e-09 3.927922e-01 3.400463e+00
696 2.005951e-09 3.840608e-01 3.511011e+00
697 1.544671e-09 2.299561e-01 3.575479e+00
698 1.883504e-09 2.193560e-01 3.695930e+00
699 1.445893e-09 2.323384e-01 3.390956e+00
700 2.313977e-09 6.003787e-01 3.400419e+00
701 1.037926e-09 5.514538e-01 3.391278e+00
702 2.021126e-09 9.472746e-01 3.343638e+00
703 1.341207e-09 3.364059e-01 3.336521e+00
704 2.399124e-09 7.887795e-01 3.407034e+00
705 1.150010e-09 5.206541e-01 3.335654e+00
706 2.080184e-09 8.088397e-01 3.285147e+00
707 1.357576e-09 3.473770e-01 3.408284e+00
708 2.047002e-09 5.078363e-01 3.494932e+00
709 1.196996e-09 4.152443e-01 3.447191e+00
710 2.016594e-09 6.847119e-01 3.512057e+00
711 1.181976e-09 4.138751e-01 3.431282e+00
712 1.880827e-09 5.912570e-01 3.407915e+00
713 1.143310e-09 3.921240e-01 3.422523e+00
714 2.018683e-09 7.656485e-01 3.256035e+00
715 1.207337e-09 4.019187e-01 3.375465e+00
716 2.007997e-09 6.631619e-01 3.351815e+00
717 1.138744e-09 4.328952e-01 3.375961e+00
718 1.873309e-09 6.450653e-01 3.271782e+00
719 9.585381e-10 4.883182e-01 3.271728e+00
720 1.754489e-09 8.303798e-01 3.303848e+00
721 1.210567e-09 3.100176e-01 3.239638e+00
722 1.361815e-09 1.249406e-01 3.199512e+00
723 1.549761e-09 1.380113e-01 3.311708e+00
724 1.803378e-09 1.636487e-01 3.231719e+00
725 1.300705e-09 2.787395e-01 3.479672e+00
726 1.921385e-09 4.771875e-01 3.320341e+00
727 1.407158e-09 2.676336e-01 3.247785e+00
728 1.789365e-09 2.716165e-01 3.391318e+00
729 1.284469e-09 2.821652e-01 3.279784e+00
730 1.703213e-09 3.260057e-01 3.416241e+00
731 1.388858e-09 1.845661e-01 3.319052e+00
732 1.760570e-09 2.676393e-01 3.304278e+00
733 1.491349e-09 1.529174e-01 3.399341e+00
734 1.050901e-09 2.953354e-01 3.263696e+00
735 9.562809e-10 9.003672e-02 3.544344e+00
736 1.577735e-09 6.498659e-01 3.344061e+00
737 9.653290e-10 3.881553e-01 3.399136e+00
738 1.337196e-09 3.852229e-01 3.376437e+00
739 9.068793e-10 3.218052e-01 3.376276e+00
740 1.390380e-09 5.331482e-01 3.415914e+00
741 1.004015e-09 2.778849e-01 3.471354e+00
742 1.371508e-09 3.660235e-01 3.318079e+00
743 6.889865e-10 4.976430e-01 3.375168e+00
744 1.201752e-09 7.442315e-01 3.359509e+00
745 6.275107e-10 4.778368e-01 3.424084e+00
746 1.291466e-09 1.058079e+00 3.456081e+00
747 6.324389e-10 5.102940e-01 3.399621e+00
748 1.161498e-09 8.365383e-01 3.359834e+00
749 1.164531e-09 2.611107e-03 3.895314e+00
750 1.716688e-09 4.741457e-01 3.463453e+00
751 1.069532e-09 3.769795e-01 3.471454e+00
752 1.401359e-09 3.102547e-01 3.383181e+00
753 9.824415e-10 2.989368e-01 3.464221e+00
754 1.356149e-09 3.803870e-01 3.423896e+00
755 9.644354e-10 2.888428e-01 3.223035e+00
756 1.346253e-09 3.958973e-01 3.223555e+00
757 6.183576e-10 5.406824e-01 3.208128e+00
758 1.238320e-09 1.002595e+00 3.183506e+00
759 5.014714e-10 5.950388e-01 3.272395e+00
760 1.102135e-09 1.197801e+00 3.320060e+00
761 5.287963e-10 5.202071e-01 3.695353e+00
762 1.121021e-09 1.119948e+00 4.355487e+00
763 5.464691e-10 5.125255e-01 3.326065e+00
764 1.135455e-09 1.077803e+00 3.215896e+00
765 4.525897e-10 6.014023e-01 3.207555e+00
766 1.009498e-09 1.230493e+00 3.167778e+00
767 4.412676e-10 5.628843e-01 3.175389e+00
768 1.027145e-09 1.327716e+00 3.111325e+00
769 5.020354e-10 5.112324e-01 3.136649e+00
770 9.732857e-10 9.386793e-01 3.183022e+00
771 3.830308e-10 6.064559e-01 3.320228e+00
772 9.162194e-10 1.392025e+00 3.343759e+00
773 1.005961e-09 9.794778e-02 3.383731e+00
774 6.911414e-10 3.129542e-01 3.519474e+00
775 5.530230e-10 1.998410e-01 3.521615e+00
776 8.856921e-10 6.015467e-01 3.334972e+00
777 4.579181e-10 4.829827e-01 3.448095e+00
778 4.813657e-10 5.120473e-02 3.479294e+00
779 6.144261e-10 2.764225e-01 3.343697e+00
780 5.323469e-10 1.335867e-01 3.223886e+00
781 6.850558e-10 2.868596e-01 3.424395e+00
782 5.413707e-10 2.097421e-01 3.399518e+00
783 8.393215e-10 5.503637e-01 3.183808e+00
784 5.037055e-10 3.998658e-01 3.335099e+00
785 5.564704e-10 1.047535e-01 3.438893e+00
786 4.217195e-10 2.421528e-01 3.687648e+00
787 7.140047e-10 6.930796e-01 3.796708e+00
788 4.290028e-10 3.991597e-01 3.399885e+00
789 6.383218e-10 4.879199e-01 3.390886e+00
790 4.302767e-10 3.259251e-01 3.382171e+00
791 8.092600e-10 8.807897e-01 3.399613e+00
792 4.099825e-10 4.933859e-01 3.407869e+00
793 8.062284e-10 9.664947e-01 3.456103e+00
794 3.730585e-10 5.372794e-01 3.271596e+00
795 6.748891e-10 8.090707e-01 3.279951e+00
796 4.808842e-10 2.874619e-01 3.359715e+00
797 4.897209e-10 1.837596e-02 3.295572e+00
798 3.456107e-10 2.942702e-01 3.399347e+00
799 5.274314e-10 5.260856e-01 3.495877e+00
800 3.342089e-10 3.663463e-01 3.575416e+00
801 5.226651e-10 5.638876e-01 3.447534e+00
802 2.979618e-10 4.299184e-01 3.320313e+00
803 5.260619e-10 7.655348e-01 3.439298e+00
804 2.315924e-10 5.597620e-01 3.408175e+00
805 4.104580e-10 7.723292e-01 3.120348e+00
806 2.610798e-10 3.639305e-01 3.127516e+00
807 4.379265e-10 6.773662e-01 3.287938e+00
808 2.270916e-10 4.814391e-01 3.303905e+00
809 5.246482e-10 1.310294e+00 3.207173e+00
810 2.947973e-10 4.381048e-01 3.470501e+00
811 5.125194e-10 7.385484e-01 3.375616e+00
812 2.653239e-10 4.823144e-01 3.954360e+00
813 4.953967e-10 8.671396e-01 3.336431e+00
814 3.287864e-10 3.363169e-01 3.223257e+00
815 3.395694e-10 3.279615e-02 3.447516e+00
816 2.430942e-10 2.841103e-01 3.296027e+00
817 4.049067e-10 6.656368e-01 3.398995e+00
818 2.597913e-10 3.583921e-01 3.415970e+00
819 3.584930e-10 3.799269e-01 3.471609e+00
820 1.990613e-10 4.447275e-01 3.343652e+00
821 3.521610e-10 7.691079e-01 3.383792e+00
822 2.223427e-10 3.686333e-01 3.327775e+00
823 2.749816e-10 2.367467e-01 3.376325e+00
824 2.478775e-10 9.856695e-02 3.311236e+00
825 2.028521e-10 1.816439e-01 3.311440e+00
826 1.438073e-10 2.910730e-01 3.472393e+00
827 2.394065e-10 6.647729e-01 3.343220e+00
828 1.057266e-10 5.583802e-01 3.327643e+00
829 2.624796e-10 1.482625e+00 3.392146e+00
830 2.479519e-10 5.534797e-02 3.463557e+00
831 2.497658e-10 7.315461e-03 3.439660e+00
832 2.312839e-10 7.399686e-02 3.430916e+00
833 2.536673e-10 9.677902e-02 3.510853e+00
834 2.174693e-10 1.426989e-01 3.654847e+00
835 2.434618e-10 1.195228e-01 3.359767e+00
836 1.273380e-10 4.769692e-01 3.256084e+00
837 2.470925e-10 9.404451e-01 3.287464e+00
838 1.691567e-10 3.154114e-01 3.247662e+00
839 2.453728e-10 4.505654e-01 3.383589e+00
840 9.114454e-11 6.285467e-01 3.495656e+00
