1 9.999329e-01 1.000000e+00 3.839103e+00
2 9.999079e-01 2.506873e-05 3.920454e+00
3 9.993578e-01 5.500994e-04 3.694940e+00
4 9.991696e-01 1.883798e-04 3.639876e+00
5 9.991179e-01 5.171020e-05 3.904097e+00
6 9.990404e-01 7.753768e-05 3.631818e+00
7 9.989681e-01 7.237052e-05 3.639011e+00
8 9.988303e-01 1.379270e-04 4.416078e+00
9 9.987796e-01 5.082330e-05 4.032098e+00
10 9.977170e-01 1.063835e-03 4.279577e+00
11 9.968424e-01 8.766338e-04 4.437812e+00
12 9.711370e-01 2.578684e-02 4.023141e+00
13 9.628447e-01 8.538722e-03 3.821844e+00
14 9.612208e-01 1.686642e-03 4.264097e+00
15 9.595326e-01 1.756258e-03 3.663602e+00
16 9.532730e-01 6.523651e-03 3.735892e+00
17 9.452744e-01 8.390654e-03 3.631917e+00
18 6.150980e-01 3.492915e-01 3.679797e+00
19 5.698722e-01 7.352623e-02 3.648171e+00
20 5.480254e-01 3.833633e-02 3.541853e+00
21 4.247642e-01 2.249187e-01 3.893374e+00
22 4.077444e-01 4.006886e-02 3.791425e+00
23 3.673441e-01 9.908234e-02 3.996080e+00
24 3.155037e-01 1.411222e-01 3.784446e+00
25 2.893035e-01 8.304253e-02 3.799764e+00
26 2.796974e-01 3.320416e-02 4.087019e+00
27 2.800078e-01 1.109592e-03 3.727583e+00
28 2.756277e-01 1.564280e-02 4.143789e+00
29 2.730596e-01 9.317225e-03 3.656021e+00
30 2.683839e-01 1.712341e-02 3.566790e+00
31 2.657004e-01 9.998470e-03 3.687833e+00
32 2.653898e-01 1.168976e-03 3.840009e+00
33 2.630021e-01 8.996905e-03 3.552319e+00
34 2.581762e-01 1.834944e-02 3.542994e+00
35 2.559207e-01 8.736433e-03 3.535664e+00
36 2.543556e-01 6.115546e-03 3.623371e+00
37 2.536143e-01 2.914286e-03 3.527543e+00
38 2.103512e-01 1.705863e-01 3.502941e+00
39 2.084479e-01 9.047893e-03 3.487045e+00
40 2.008626e-01 3.638943e-02 3.600399e+00
41 1.990537e-01 9.005790e-03 3.559565e+00
42 1.972962e-01 8.829111e-03 3.703567e+00
43 1.979949e-01 3.541381e-03 3.639808e+00
44 1.963868e-01 8.122102e-03 3.439397e+00
45 1.975939e-01 6.146275e-03 3.520011e+00
46 1.953648e-01 1.128092e-02 3.447440e+00
47 1.958888e-01 2.681934e-03 3.479485e+00
48 1.969871e-01 5.607033e-03 3.512310e+00
49 1.945942e-01 1.214775e-02 3.527204e+00
50 1.990425e-01 2.285967e-02 3.439968e+00
51 1.970689e-01 9.915517e-03 3.415440e+00
52 1.934705e-01 1.825985e-02 3.328380e+00
53 1.937326e-01 1.354576e-03 3.437299e+00
54 1.928686e-01 4.459577e-03 3.616025e+00
55 1.923863e-01 2.500333e-03 3.367246e+00
56 1.932654e-01 4.569211e-03 3.400152e+00
57 1.931257e-01 7.229199e-04 3.455230e+00
58 1.929749e-01 7.805265e-04 3.295460e+00
59 1.937330e-01 3.928468e-03 3.416528e+00
60 1.921779e-01 8.027039e-03 3.503484e+00
61 1.919527e-01 1.171881e-03 3.479177e+00
62 1.921412e-01 9.817946e-04 3.438057e+00
63 1.918734e-01 1.393925e-03 3.384178e+00
64 1.912743e-01 3.122393e-03 3.399882e+00
65 1.814878e-01 5.116444e-02 3.543091e+00
66 1.814067e-01 4.468696e-04 3.438204e+00
67 1.810291e-01 2.081478e-03 3.447700e+00
68 1.785090e-01 1.392132e-02 3.471002e+00
69 1.728334e-01 3.179402e-02 3.384426e+00
70 1.805288e-01 4.452500e-02 3.431558e+00
71 1.689589e-01 6.408897e-02 3.439735e+00
72 1.674236e-01 9.087158e-03 3.463115e+00
73 1.646262e-01 1.670814e-02 3.424342e+00
74 1.642981e-01 1.993560e-03 3.726412e+00
75 1.639023e-01 2.409018e-03 3.999239e+00
76 1.581388e-01 3.516402e-02 3.463391e+00
77 1.599267e-01 1.130573e-02 3.463837e+00
78 1.502609e-01 6.043899e-02 3.704351e+00
79 1.491692e-01 7.264868e-03 3.527272e+00
80 1.442243e-01 3.314963e-02 3.415854e+00
81 1.441328e-01 6.349871e-04 3.503898e+00
82 1.429444e-01 8.245018e-03 3.367216e+00
83 1.421598e-01 5.488878e-03 3.384142e+00
84 1.426380e-01 3.364105e-03 3.382837e+00
85 1.424618e-01 1.235052e-03 3.304117e+00
86 1.670293e-01 1.724495e-01 3.511330e+00
87 1.406497e-01 1.579340e-01 3.639817e+00
88 1.487327e-01 5.746917e-02 3.423467e+00
89 1.355954e-01 8.832859e-02 3.456209e+00
90 1.344832e-01 8.201944e-03 3.319773e+00
91 1.365093e-01 1.506534e-02 3.487485e+00
92 1.159563e-01 1.505612e-01 3.735270e+00
93 1.136796e-01 1.963375e-02 3.511658e+00
94 9.976156e-02 1.224324e-01 3.342913e+00
95 8.977659e-02 1.000883e-01 3.320007e+00
96 7.528478e-02 1.614208e-01 3.711593e+00
97 6.955069e-02 7.616541e-02 3.792054e+00
98 7.295833e-02 4.899514e-02 3.494030e+00
99 6.794146e-02 6.876357e-02 3.614838e+00
100 6.899828e-02 1.555486e-02 3.415383e+00
101 7.790932e-02 1.291488e-01 3.285364e+00
102 6.682876e-02 1.422238e-01 3.440597e+00
103 6.931498e-02 3.720278e-02 3.558297e+00
104 5.479148e-02 2.095290e-01 3.479183e+00
105 5.354331e-02 2.278036e-02 3.207829e+00
106 5.261397e-02 1.735679e-02 3.223088e+00
107 5.104019e-02 2.991187e-02 3.063684e+00
108 4.721557e-02 7.493347e-02 3.288121e+00
109 4.634170e-02 1.850813e-02 3.215923e+00
110 5.725567e-02 2.355109e-01 3.894840e+00
111 4.752957e-02 1.698715e-01 3.590577e+00
112 4.414462e-02 7.121762e-02 3.421021e+00
113 4.315477e-02 2.242291e-02 3.406901e+00
114 4.617903e-02 7.007919e-02 3.304390e+00
115 4.169735e-02 9.705012e-02 3.479072e+00
116 4.072885e-02 2.322689e-02 3.567540e+00
117 3.694006e-02 9.302464e-02 3.455768e+00
118 3.382196e-02 8.440961e-02 3.367658e+00
119 3.964295e-02 1.721066e-01 3.415737e+00
120 2.962843e-02 2.526179e-01 3.455913e+00
121 2.855051e-02 3.638136e-02 3.232279e+00
122 2.631578e-02 7.827273e-02 3.503135e+00
123 2.518361e-02 4.302261e-02 3.416380e+00
124 2.543019e-02 9.791497e-03 3.511401e+00
125 2.523177e-02 7.802534e-03 3.239877e+00
126 2.297208e-02 8.955733e-02 3.287295e+00
127 2.234516e-02 2.729058e-02 3.439905e+00
128 2.454961e-02 9.865433e-02 3.295520e+00
129 2.328351e-02 5.157284e-02 3.303660e+00
130 2.321398e-02 2.986445e-03 3.624119e+00
131 1.913912e-02 1.755348e-01 3.438790e+00
132 2.102418e-02 9.849249e-02 3.334160e+00
133 1.816959e-02 1.357765e-01 3.104088e+00
134 1.756183e-02 3.344897e-02 3.095885e+00
135 1.796479e-02 2.294515e-02 3.231700e+00
136 1.680992e-02 6.428509e-02 3.262487e+00
137 1.681611e-02 3.679026e-04 3.352077e+00
138 2.365316e-02 4.065776e-01 3.367472e+00
139 1.998962e-02 1.548860e-01 3.272272e+00
140 8.121886e-03 5.936948e-01 3.247136e+00
141 6.305683e-03 2.236183e-01 3.248362e+00
142 3.678984e-03 4.165606e-01 3.296055e+00
143 4.394937e-03 1.946060e-01 3.398840e+00
144 4.082410e-03 7.111053e-02 3.452414e+00
145 3.494394e-03 1.440366e-01 3.247295e+00
146 3.319502e-03 5.004939e-02 3.347014e+00
147 3.173152e-03 4.408788e-02 3.272327e+00
148 2.931255e-03 7.623232e-02 3.287431e+00
149 2.866261e-03 2.217272e-02 3.231378e+00
150 2.870909e-03 1.621414e-03 3.207573e+00
151 3.729971e-03 2.992301e-01 3.272151e+00
152 1.616351e-03 5.666585e-01 3.239416e+00
153 1.887026e-03 1.674604e-01 3.247751e+00
154 1.293933e-03 3.143004e-01 3.238571e+00
155 1.146194e-03 1.141786e-01 3.903034e+00
156 2.459105e-03 1.145453e+00 3.335919e+00
157 1.287214e-03 4.765519e-01 3.448170e+00
158 8.898897e-04 3.086698e-01 3.287884e+00
159 1.087099e-03 2.216107e-01 3.127334e+00
160 1.386442e-03 2.753598e-01 3.184190e+00
161 1.290158e-03 6.944682e-02 3.279398e+00
162 1.414287e-03 9.621238e-02 3.263561e+00
163 1.078402e-03 2.374947e-01 3.207655e+00
164 1.318479e-03 2.226231e-01 3.192398e+00
165 9.131255e-04 3.074401e-01 3.270924e+00
166 1.101791e-03 2.066156e-01 3.240115e+00
167 8.367693e-04 2.405375e-01 3.239174e+00
168 1.355163e-03 6.195186e-01 3.367753e+00
169 1.065262e-03 2.139234e-01 3.512556e+00
170 1.131076e-03 6.178155e-02 3.336022e+00
171 1.047781e-03 7.364182e-02 3.263512e+00
172 7.879825e-04 2.479515e-01 3.263791e+00
173 7.565750e-04 3.985812e-02 3.295836e+00
174 6.605446e-04 1.269277e-01 3.312129e+00
175 5.002228e-04 2.427116e-01 3.190711e+00
176 4.096660e-04 1.810330e-01 3.175997e+00
177 2.290390e-04 4.409128e-01 3.288236e+00
178 2.592864e-04 1.320620e-01 3.237615e+00
179 1.946490e-04 2.492895e-01 3.247898e+00
180 2.172397e-04 1.160589e-01 3.334714e+00
181 1.641310e-04 2.444705e-01 3.224072e+00
182 1.929827e-04 1.757844e-01 3.255914e+00
183 2.486514e-04 2.884648e-01 3.223246e+00
184 2.216291e-04 1.086756e-01 3.264165e+00
185 1.703995e-04 2.311499e-01 3.287312e+00
186 1.022136e-04 4.001533e-01 3.304269e+00
187 2.277628e-04 1.228302e+00 3.383743e+00
188 1.376713e-04 3.955497e-01 3.359732e+00
189 1.362523e-04 1.030704e-02 3.468540e+00
190 1.176712e-04 1.363730e-01 3.272009e+00
191 1.527047e-04 2.977238e-01 3.255414e+00
192 1.239485e-04 1.883126e-01 3.261834e+00
193 7.942087e-05 3.592428e-01 3.272402e+00
194 8.399152e-05 5.754973e-02 3.309814e+00
195 7.297519e-05 1.311600e-01 3.288104e+00
196 6.110056e-05 1.627215e-01 3.287603e+00
197 7.446264e-05 2.186899e-01 3.183678e+00
198 5.049166e-05 3.219195e-01 3.318662e+00
199 6.918399e-05 3.702062e-01 3.167028e+00
200 5.996389e-05 1.332693e-01 3.519480e+00
201 5.814001e-05 3.041636e-02 3.272131e+00
202 5.202896e-05 1.051091e-01 3.387253e+00
203 5.786015e-05 1.120758e-01 3.247762e+00
204 4.766705e-05 1.761679e-01 3.247235e+00
205 4.165829e-05 1.260569e-01 3.272310e+00
206 4.536092e-05 8.888101e-02 3.279271e+00
207 4.311074e-05 4.960623e-02 3.207831e+00
208 4.182383e-05 2.985126e-02 3.168068e+00
209 3.782436e-05 9.562645e-02 3.222930e+00
210 3.020237e-05 2.015101e-01 3.174135e+00
211 3.479364e-05 1.520169e-01 3.263473e+00
212 1.826498e-05 4.750482e-01 3.231960e+00
213 2.993468e-05 6.389109e-01 3.287258e+00
214 2.395465e-05 1.997693e-01 3.474945e+00
215 2.440177e-05 1.866517e-02 3.143522e+00
216 2.579013e-05 5.689582e-02 3.167274e+00
217 2.632684e-05 2.081074e-02 3.168336e+00
218 2.163361e-05 1.782677e-01 3.183166e+00
219 2.160689e-05 1.235497e-03 3.215899e+00
220 1.858246e-05 1.399749e-01 3.039127e+00
221 2.611002e-05 4.050891e-01 3.000200e+00
222 1.495898e-05 4.270790e-01 3.127665e+00
223 1.625834e-05 8.686189e-02 3.167304e+00
224 1.488270e-05 8.461164e-02 3.055876e+00
225 1.230354e-05 1.732988e-01 3.023724e+00
226 1.024623e-05 1.672128e-01 2.959201e+00
227 1.156582e-05 1.287874e-01 2.856530e+00
228 8.021437e-06 3.064532e-01 2.900195e+00
229 1.009834e-05 2.589196e-01 2.807969e+00
230 5.960350e-06 4.097695e-01 2.823888e+00
231 6.656364e-06 1.167739e-01 2.839354e+00
232 5.431181e-06 1.840618e-01 2.824254e+00
233 1.120681e-05 1.063420e+00 2.824005e+00
234 4.730372e-06 5.779020e-01 2.847654e+00
235 6.336529e-06 3.395415e-01 2.815318e+00
236 6.434678e-06 1.548942e-02 2.839870e+00
237 4.793793e-06 2.550067e-01 3.080045e+00
238 5.412936e-06 1.291552e-01 2.910874e+00
239 5.956598e-06 1.004375e-01 2.838343e+00
240 4.012797e-06 3.263274e-01 2.936013e+00
241 4.250203e-06 5.916224e-02 2.935293e+00
242 4.702125e-06 1.063295e-01 3.229210e+00
243 3.427509e-06 2.710723e-01 2.903749e+00
244 4.632182e-06 3.514718e-01 2.831300e+00
245 3.692667e-06 2.028235e-01 2.864023e+00
246 4.337749e-06 1.746929e-01 2.839220e+00
247 4.014456e-06 7.453025e-02 2.784109e+00
248 2.335432e-06 4.182445e-01 2.855765e+00
249 2.590032e-06 1.090162e-01 2.895423e+00
250 2.240092e-06 1.351103e-01 2.871640e+00
251 1.778240e-06 2.061752e-01 2.800072e+00
252 2.999898e-06 6.870038e-01 2.829293e+00
253 1.504596e-06 4.984510e-01 2.856703e+00
254 1.568640e-06 4.256541e-02 3.007505e+00
255 1.723458e-06 9.869580e-02 2.919181e+00
256 1.525674e-06 1.147598e-01 3.146639e+00
257 1.356296e-06 1.110189e-01 3.214020e+00
258 1.358208e-06 1.409891e-03 2.776046e+00
259 1.018989e-06 2.497551e-01 2.759552e+00
260 1.315970e-06 2.914473e-01 2.783328e+00
261 1.156281e-06 1.213473e-01 2.808293e+00
262 9.883183e-07 1.452609e-01 2.966915e+00
263 9.092075e-07 8.004588e-02 2.783073e+00
264 9.572215e-07 5.280866e-02 2.824316e+00
265 7.365771e-07 2.305051e-01 2.855414e+00
266 8.783000e-07 1.924075e-01 2.759512e+00
267 6.620242e-07 2.462436e-01 2.975589e+00
268 4.524032e-07 3.166366e-01 2.927985e+00
269 4.462178e-07 1.367225e-02 2.896146e+00
270 5.083015e-07 1.391332e-01 2.927137e+00
271 5.629988e-07 1.076079e-01 3.058220e+00
272 4.358663e-07 2.258131e-01 2.832587e+00
273 4.641685e-07 6.493333e-02 2.822939e+00
274 2.611726e-07 4.373324e-01 2.807827e+00
275 4.027295e-07 5.420051e-01 3.104466e+00
276 2.955116e-07 2.662281e-01 2.895045e+00
277 3.094083e-07 4.702583e-02 2.846932e+00
278 3.020859e-07 2.366580e-02 2.855980e+00
279 2.603299e-07 1.382254e-01 2.790941e+00
280 1.692262e-07 3.499547e-01 2.831793e+00
281 2.357899e-07 3.933414e-01 2.807813e+00
282 2.001974e-07 1.509504e-01 2.784315e+00
283 2.541804e-07 2.696494e-01 3.030465e+00
284 1.732840e-07 3.182640e-01 2.912242e+00
285 2.283727e-07 3.179103e-01 3.028890e+00
286 1.469735e-07 3.564316e-01 2.928332e+00
287 2.015564e-07 3.713798e-01 2.791427e+00
288 1.833962e-07 9.010025e-02 2.967600e+00
289 2.112817e-07 1.520507e-01 2.792309e+00
290 1.134424e-07 4.630753e-01 2.824010e+00
291 1.328104e-07 1.707299e-01 2.799322e+00
292 1.191885e-07 1.025663e-01 2.832174e+00
293 1.341018e-07 1.251236e-01 2.711341e+00
294 1.154776e-07 1.388807e-01 2.799597e+00
295 1.243837e-07 7.712400e-02 2.799255e+00
296 8.800562e-08 2.924668e-01 2.815957e+00
297 1.151606e-07 3.085592e-01 2.935192e+00
298 1.150321e-07 1.115431e-03 2.816008e+00
299 8.725466e-08 2.414756e-01 2.967629e+00
300 1.097810e-07 2.581673e-01 3.231852e+00
301 1.015280e-07 7.517628e-02 2.935329e+00
302 8.561008e-08 1.567839e-01 2.735848e+00
303 1.014247e-07 1.847291e-01 2.783753e+00
304 8.173472e-08 1.941343e-01 2.880000e+00
305 7.989825e-08 2.246869e-02 2.807561e+00
306 5.051976e-08 3.676988e-01 2.736433e+00
307 6.099281e-08 2.073060e-01 2.775247e+00
308 5.411759e-08 1.127218e-01 2.816037e+00
309 5.877056e-08 8.597898e-02 2.855763e+00
310 4.461969e-08 2.407817e-01 2.816055e+00
311 5.204119e-08 1.663280e-01 2.823059e+00
312 3.327791e-08 3.605468e-01 2.999601e+00
313 3.787825e-08 1.382402e-01 2.920597e+00
314 3.731565e-08 1.485293e-02 3.086014e+00
315 4.434384e-08 1.883444e-01 2.863952e+00
316 3.585865e-08 1.913500e-01 2.879655e+00
317 3.830972e-08 6.835363e-02 2.927481e+00
318 2.818321e-08 2.643325e-01 2.783269e+00
319 2.448108e-08 1.313596e-01 2.832471e+00
320 2.131053e-08 1.295103e-01 2.840124e+00
321 3.083337e-08 4.468612e-01 2.855357e+00
322 2.500932e-08 1.888879e-01 2.831913e+00
323 2.294235e-08 8.264816e-02 2.887305e+00
324 2.484437e-08 8.290434e-02 2.760453e+00
325 1.994831e-08 1.970691e-01 2.927130e+00
326 1.813631e-08 9.083491e-02 2.967903e+00
327 1.864254e-08 2.791272e-02 3.579873e+00
328 1.601208e-08 1.411001e-01 2.819294e+00
329 1.539464e-08 3.856032e-02 2.640149e+00
330 1.373711e-08 1.076695e-01 2.783675e+00
331 1.841718e-08 3.406878e-01 2.855500e+00
332 1.547238e-08 1.598938e-01 2.759788e+00
333 1.346748e-08 1.295793e-01 2.807956e+00
334 1.407330e-08 4.498374e-02 2.903946e+00
335 1.531784e-08 8.843248e-02 2.775990e+00
336 1.302112e-08 1.499373e-01 2.759565e+00
337 1.430391e-08 9.851548e-02 2.863523e+00
338 1.244231e-08 1.301457e-01 2.863998e+00
339 9.441856e-09 2.411496e-01 2.783876e+00
340 1.221531e-08 2.937408e-01 2.879336e+00
341 9.494851e-09 2.227092e-01 2.943879e+00
342 1.313286e-08 3.831559e-01 2.903978e+00
343 1.038012e-08 2.096069e-01 2.974377e+00
344 1.103461e-08 6.305239e-02 2.848227e+00
345 7.765059e-09 2.962999e-01 2.800073e+00
346 6.917586e-09 1.091393e-01 2.799108e+00
347 6.406846e-09 7.383213e-02 2.816173e+00
348 7.176180e-09 1.200801e-01 2.872069e+00
349 6.220713e-09 1.331442e-01 2.863290e+00
350 5.658041e-09 9.045144e-02 2.799660e+00
351 6.346627e-09 1.217004e-01 2.848294e+00
352 5.260678e-09 1.711065e-01 2.847576e+00
353 6.085738e-09 1.568354e-01 2.815802e+00
354 3.979248e-09 3.461355e-01 2.808081e+00
355 3.866072e-09 2.844161e-02 2.903488e+00
356 5.944382e-09 5.375764e-01 2.872087e+00
357 4.267229e-09 2.821408e-01 3.087060e+00
358 2.989354e-09 2.994624e-01 2.888118e+00
359 3.533183e-09 1.819219e-01 2.848399e+00
360 3.239347e-09 8.316468e-02 2.791722e+00
361 2.968801e-09 8.351869e-02 2.832097e+00
362 2.477223e-09 1.655813e-01 2.855699e+00
363 2.885506e-09 1.648149e-01 2.751667e+00
364 2.639507e-09 8.525347e-02 2.760120e+00
365 2.253896e-09 1.460921e-01 2.911720e+00
366 2.423944e-09 7.544659e-02 2.846989e+00
367 2.003287e-09 1.735427e-01 2.816031e+00
368 2.499934e-09 2.479161e-01 2.848184e+00
369 1.564646e-09 3.741250e-01 2.879938e+00
370 2.289229e-09 4.630967e-01 2.871796e+00
371 1.618421e-09 2.930276e-01 2.855382e+00
372 1.512237e-09 6.560992e-02 2.999568e+00
373 1.729004e-09 1.433421e-01 2.999703e+00
374 1.334080e-09 2.284114e-01 3.151981e+00
375 1.301437e-09 2.446813e-02 2.840076e+00
376 1.506572e-09 1.576215e-01 2.895469e+00
377 1.259203e-09 1.641932e-01 2.855650e+00
378 1.254569e-09 3.680514e-03 2.799167e+00
379 1.285759e-09 2.486180e-02 2.855484e+00
380 1.142009e-09 1.118017e-01 2.832390e+00
381 8.154856e-10 2.859204e-01 2.743255e+00
382 1.131361e-09 3.873467e-01 2.799601e+00
383 9.874684e-10 1.271855e-01 2.760633e+00
384 1.048411e-09 6.171609e-02 2.927153e+00
385 6.055114e-10 4.224485e-01 2.912385e+00
386 7.683637e-10 2.689500e-01 2.879101e+00
387 8.037792e-10 4.609204e-02 2.855730e+00
388 5.745697e-10 2.851647e-01 3.024454e+00
389 7.415103e-10 2.905488e-01 2.983292e+00
390 6.878822e-10 7.232280e-02 3.045764e+00
391 5.334496e-10 2.245044e-01 2.757791e+00
392 5.051574e-10 5.303642e-02 2.856562e+00
393 2.675139e-10 4.704345e-01 2.871702e+00
394 3.113589e-10 1.638982e-01 2.823304e+00
395 4.213075e-10 3.531249e-01 2.855794e+00
396 2.920775e-10 3.067357e-01 2.831603e+00
397 3.409827e-10 1.674392e-01 2.808434e+00
398 3.943723e-10 1.565758e-01 3.015209e+00
399 2.586847e-10 3.440596e-01 2.943641e+00
400 2.627580e-10 1.574618e-02 2.863612e+00
401 1.888752e-10 2.811818e-01 2.815678e+00
402 2.717868e-10 4.389753e-01 2.863581e+00
403 1.918861e-10 2.939832e-01 2.880325e+00
404 2.275526e-10 1.858737e-01 3.110612e+00
405 1.693065e-10 2.559680e-01 2.800241e+00
406 2.113683e-10 2.484359e-01 2.863135e+00
407 1.967700e-10 6.906530e-02 2.856232e+00
408 1.642655e-10 1.651906e-01 2.798008e+00
409 1.564285e-10 4.770907e-02 2.864031e+00
410 1.621053e-10 3.629000e-02 3.072104e+00
411 1.123208e-10 3.071121e-01 2.855609e+00
412 1.285512e-10 1.444999e-01 2.896021e+00
413 8.707945e-11 3.226086e-01 2.838396e+00
