1 9.996010e-01 1.000000e+00 3.687924e+00
2 9.989731e-01 6.281473e-04 3.864179e+00
3 9.933528e-01 5.626071e-03 3.336003e+00
4 9.910347e-01 2.333575e-03 3.726988e+00
5 9.900757e-01 9.676825e-04 3.478946e+00
6 9.891413e-01 9.438330e-04 3.871626e+00
7 9.890257e-01 1.168112e-04 3.864156e+00
8 9.877318e-01 1.308267e-03 3.863380e+00
9 9.880720e-01 3.443573e-04 3.583448e+00
10 9.876830e-01 3.936076e-04 4.032081e+00
11 9.772193e-01 1.059427e-02 3.727252e+00
12 9.639237e-01 1.360551e-02 3.543854e+00
13 9.486026e-01 1.589448e-02 3.519578e+00
14 9.442213e-01 4.618700e-03 4.191483e+00
15 9.462475e-01 2.145884e-03 3.847251e+00
16 9.378330e-01 8.892546e-03 4.031783e+00
17 9.271786e-01 1.136061e-02 3.719249e+00
18 9.266997e-01 5.165491e-04 3.614994e+00
19 9.008103e-01 2.793721e-02 3.879431e+00
20 8.991262e-01 1.869457e-03 5.140454e+00
21 7.989670e-01 1.113962e-01 4.345372e+00
22 4.489642e-01 4.380691e-01 3.743137e+00
23 3.855311e-01 1.412877e-01 3.679820e+00
24 3.667522e-01 4.870928e-02 3.679262e+00
25 3.390028e-01 7.566243e-02 4.070860e+00
26 3.337039e-01 1.563086e-02 3.566459e+00
27 2.724806e-01 1.834658e-01 3.504439e+00
28 2.696532e-01 1.037674e-02 3.600745e+00
29 1.887359e-01 3.000790e-01 3.597415e+00
30 1.728140e-01 8.436107e-02 3.767861e+00
31 1.681375e-01 2.706047e-02 3.807904e+00
32 1.639569e-01 2.486470e-02 3.623683e+00
33 1.454180e-01 1.130717e-01 3.631908e+00
34 1.470061e-01 1.092144e-02 3.615346e+00
35 1.404042e-01 4.490956e-02 3.560104e+00
36 1.314787e-01 6.357011e-02 3.455328e+00
37 1.294914e-01 1.511450e-02 3.543602e+00
38 1.307464e-01 9.691367e-03 3.519848e+00
39 1.300060e-01 5.662616e-03 3.591966e+00
40 1.256716e-01 3.334007e-02 3.559622e+00
41 1.244248e-01 9.921451e-03 3.584222e+00
42 1.276164e-01 2.565160e-02 3.679062e+00
43 1.248723e-01 2.150269e-02 3.552156e+00
44 1.443719e-01 1.561556e-01 3.647663e+00
45 1.151757e-01 2.022289e-01 3.679292e+00
46 1.188110e-01 3.156341e-02 3.624176e+00
47 1.122265e-01 5.542043e-02 3.695882e+00
48 1.027135e-01 8.476630e-02 3.559798e+00
49 1.004041e-01 2.248359e-02 3.703778e+00
50 1.239931e-01 2.349408e-01 3.655883e+00
51 9.788258e-02 2.105805e-01 3.679329e+00
52 9.527947e-02 2.659423e-02 3.860045e+00
53 9.250692e-02 2.909911e-02 3.576158e+00
54 8.265257e-02 1.065255e-01 3.335732e+00
55 8.163063e-02 1.236439e-02 3.399726e+00
56 8.003818e-02 1.950788e-02 3.392146e+00
57 7.899806e-02 1.299530e-02 3.423821e+00
58 7.821345e-02 9.932031e-03 3.406544e+00
59 7.583200e-02 3.044811e-02 3.407357e+00
60 7.458319e-02 1.646811e-02 3.488096e+00
61 1.556777e-02 7.912697e-01 3.519402e+00
62 1.638936e-02 5.277513e-02 3.591691e+00
63 1.658114e-02 1.170137e-02 3.576561e+00
64 1.563000e-02 5.736271e-02 3.575622e+00
65 1.445628e-02 7.509418e-02 3.567220e+00
66 1.541977e-02 6.664840e-02 3.591669e+00
67 1.883628e-02 2.215674e-01 3.607662e+00
68 1.596313e-02 1.525330e-01 3.736452e+00
69 1.433411e-02 1.020489e-01 3.879519e+00
70 1.363272e-02 4.893136e-02 3.727157e+00
71 1.358306e-02 3.642983e-03 3.576259e+00
72 2.077621e-02 5.295679e-01 3.543030e+00
73 1.866570e-02 1.015832e-01 3.599405e+00
74 9.381703e-03 4.973826e-01 3.583766e+00
75 6.144953e-03 3.450066e-01 3.422719e+00
76 6.602532e-03 7.446418e-02 3.439754e+00
77 5.503510e-03 1.664546e-01 3.351719e+00
78 4.291245e-03 2.202713e-01 3.326188e+00
79 3.856909e-03 1.012144e-01 3.359484e+00
80 5.266728e-03 3.655306e-01 3.949501e+00
81 3.660168e-03 3.050394e-01 3.864373e+00
82 4.718077e-03 2.890328e-01 3.590985e+00
83 3.815720e-03 1.912553e-01 3.584046e+00
84 2.915337e-03 2.359666e-01 3.632019e+00
85 2.667052e-03 8.516533e-02 3.567760e+00
86 3.163842e-03 1.862693e-01 3.607767e+00
87 2.898252e-03 8.394540e-02 3.574998e+00
88 3.424386e-03 1.815350e-01 3.536163e+00
89 2.725491e-03 2.040934e-01 3.543753e+00
90 2.918902e-03 7.096360e-02 3.519627e+00
91 2.671172e-03 8.487100e-02 3.807506e+00
92 2.436912e-03 8.769915e-02 4.664164e+00
93 2.685192e-03 1.018829e-01 3.557372e+00
94 3.151402e-03 1.736227e-01 3.391529e+00
95 2.362454e-03 2.503483e-01 3.567870e+00
96 2.438714e-03 3.228005e-02 3.344144e+00
97 2.447269e-03 3.508111e-03 3.431985e+00
98 3.049030e-03 2.458905e-01 3.375457e+00
99 2.683141e-03 1.200017e-01 3.559552e+00
100 2.496545e-03 6.954402e-02 3.655338e+00
101 2.421450e-03 3.007936e-02 3.567837e+00
102 2.405050e-03 6.772936e-03 3.680303e+00
103 2.950725e-03 2.268872e-01 3.927468e+00
104 2.108284e-03 2.855032e-01 3.863244e+00
105 2.278080e-03 8.053782e-02 3.448654e+00
106 2.695095e-03 1.830554e-01 3.439613e+00
107 2.768119e-03 2.709507e-02 3.343092e+00
108 2.485337e-03 1.021568e-01 3.399838e+00
109 2.256431e-03 9.210238e-02 3.406213e+00
110 2.026606e-03 1.018536e-01 3.454810e+00
111 1.814932e-03 1.044471e-01 3.415573e+00
112 2.071032e-03 1.411069e-01 3.415686e+00
113 1.903812e-03 8.074226e-02 3.415115e+00
114 2.473246e-03 2.991017e-01 3.359614e+00
115 2.306815e-03 6.729249e-02 3.400575e+00
116 2.036537e-03 1.171651e-01 3.407840e+00
117 2.263568e-03 1.114790e-01 3.367060e+00
118 1.905494e-03 1.581899e-01 3.464229e+00
119 1.756409e-03 7.823957e-02 3.687474e+00
120 1.912508e-03 8.887400e-02 3.640201e+00
121 2.081510e-03 8.836674e-02 3.607454e+00
122 2.273934e-03 9.244442e-02 3.607390e+00
123 1.861838e-03 1.812259e-01 3.582801e+00
124 2.612485e-03 4.031750e-01 3.480668e+00
125 1.607842e-03 3.845545e-01 3.567476e+00
126 1.859789e-03 1.566989e-01 3.559838e+00
127 2.035547e-03 9.450424e-02 3.779589e+00
128 1.548475e-03 2.392832e-01 3.351089e+00
129 1.538074e-03 6.716720e-03 3.407952e+00
130 1.497691e-03 2.625596e-02 3.360166e+00
131 1.215080e-03 1.886979e-01 3.335631e+00
132 2.061653e-03 6.967224e-01 3.551226e+00
133 1.806565e-03 1.237298e-01 3.559891e+00
134 1.344013e-03 2.560397e-01 3.582980e+00
135 1.423775e-03 5.934658e-02 3.391731e+00
136 1.433455e-03 6.798859e-03 3.672564e+00
137 1.618730e-03 1.292503e-01 3.558923e+00
138 1.319464e-03 1.848766e-01 3.559566e+00
139 1.451155e-03 9.980584e-02 3.694252e+00
140 1.321671e-03 8.922832e-02 3.375868e+00
141 1.807720e-03 3.677539e-01 3.391152e+00
142 1.454888e-03 1.951807e-01 3.359830e+00
143 1.448468e-03 4.412465e-03 3.455002e+00
144 1.385504e-03 4.346986e-02 3.496772e+00
145 1.621363e-03 1.702334e-01 3.631412e+00
146 1.534633e-03 5.349212e-02 3.463878e+00
147 1.399395e-03 8.812371e-02 3.447738e+00
148 1.634679e-03 1.681324e-01 3.399513e+00
149 1.020654e-03 3.756242e-01 3.336040e+00
150 1.168500e-03 1.448547e-01 3.366989e+00
151 1.066664e-03 8.715131e-02 3.471860e+00
152 1.341816e-03 2.579560e-01 3.589195e+00
153 1.001768e-03 2.534237e-01 3.543429e+00
154 1.262596e-03 2.603671e-01 3.495628e+00
155 1.035371e-03 1.799661e-01 3.456317e+00
156 1.303367e-03 2.588404e-01 3.568039e+00
157 1.098281e-03 1.573512e-01 3.583869e+00
158 1.189284e-03 8.285941e-02 3.531647e+00
159 1.095016e-03 7.926470e-02 3.375506e+00
160 1.012661e-03 7.520887e-02 3.432455e+00
161 1.128671e-03 1.145605e-01 3.437560e+00
162 9.910022e-04 1.219746e-01 3.542940e+00
163 9.557967e-04 3.552523e-02 3.567649e+00
164 9.302738e-04 2.670327e-02 3.615667e+00
165 1.264223e-03 3.589794e-01 3.664629e+00
166 8.627126e-04 3.175945e-01 3.647179e+00
167 1.006255e-03 1.663849e-01 3.560312e+00
168 1.249737e-03 2.419682e-01 3.879294e+00
169 1.044382e-03 1.643182e-01 3.836924e+00
170 9.876090e-04 5.436066e-02 3.503864e+00
171 1.111087e-03 1.250273e-01 3.487488e+00
172 1.150883e-03 3.581666e-02 3.568077e+00
173 8.197996e-04 2.876774e-01 3.319895e+00
174 8.400254e-04 2.467157e-02 3.455169e+00
175 1.325417e-03 5.778302e-01 3.192261e+00
176 8.456689e-04 3.619603e-01 3.159541e+00
177 8.715694e-04 3.062718e-02 3.175903e+00
178 7.422664e-04 1.483566e-01 3.167892e+00
179 7.512147e-04 1.205537e-02 3.574926e+00
180 8.542569e-04 1.371676e-01 3.335986e+00
181 6.973003e-04 1.837347e-01 3.376437e+00
182 1.030990e-03 4.785446e-01 3.479231e+00
183 6.243799e-04 3.943877e-01 3.400078e+00
184 4.837487e-04 2.252335e-01 3.357582e+00
185 6.424307e-04 3.280258e-01 3.518974e+00
186 7.165066e-04 1.153056e-01 3.743069e+00
187 6.870631e-04 4.109318e-02 3.399102e+00
188 8.679559e-04 2.632842e-01 3.376200e+00
189 6.656016e-04 2.331389e-01 3.462708e+00
190 6.257006e-04 5.994722e-02 3.456270e+00
191 6.791962e-04 8.549710e-02 3.463836e+00
192 5.866595e-04 1.362444e-01 3.399230e+00
193 9.039065e-04 5.407685e-01 3.408106e+00
194 7.908721e-04 1.250510e-01 3.511467e+00
195 6.650357e-04 1.591109e-01 3.383220e+00
196 7.193887e-04 8.172944e-02 3.856316e+00
197 7.449003e-04 3.546284e-02 4.333581e+00
198 6.794437e-04 8.787302e-02 3.263901e+00
199 5.771916e-04 1.504939e-01 3.320229e+00
200 6.554899e-04 1.356540e-01 3.272084e+00
201 6.952951e-04 6.072590e-02 3.343084e+00
202 5.729259e-04 1.759961e-01 3.175715e+00
203 6.739044e-04 1.762506e-01 3.215260e+00
204 7.155349e-04 6.177508e-02 3.160215e+00
205 5.387273e-04 2.470986e-01 3.319222e+00
206 6.404651e-04 1.888485e-01 3.176190e+00
207 5.429226e-04 1.522995e-01 3.262335e+00
208 6.457947e-04 1.894783e-01 3.542403e+00
209 6.678155e-04 3.409887e-02 3.528193e+00
210 4.826325e-04 2.772967e-01 3.598205e+00
211 5.724224e-04 1.860419e-01 3.399118e+00
212 6.652240e-04 1.621209e-01 3.447574e+00
213 5.922174e-04 1.097473e-01 3.151885e+00
214 4.690293e-04 2.080116e-01 3.271747e+00
215 5.934161e-04 2.652004e-01 3.167208e+00
216 5.512112e-04 7.112196e-02 3.359717e+00
217 6.274102e-04 1.382392e-01 3.215747e+00
218 5.793337e-04 7.662680e-02 3.629664e+00
219 5.757964e-04 6.105831e-03 3.623755e+00
220 5.836090e-04 1.356837e-02 3.582818e+00
221 6.959097e-04 1.924245e-01 3.552399e+00
222 5.313804e-04 2.364235e-01 3.766949e+00
223 6.060457e-04 1.405120e-01 3.496095e+00
224 6.025229e-04 5.812743e-03 3.447469e+00
225 4.220438e-04 2.995389e-01 3.495669e+00
226 5.481302e-04 2.987519e-01 3.328014e+00
227 3.677917e-04 3.290068e-01 3.407188e+00
228 5.377197e-04 4.620226e-01 3.447952e+00
229 5.831636e-04 8.451219e-02 3.375874e+00
230 6.370055e-04 9.232729e-02 3.407439e+00
231 4.457139e-04 3.002982e-01 3.215679e+00
232 5.948878e-04 3.346852e-01 3.183792e+00
233 4.645023e-04 2.191767e-01 3.367710e+00
234 6.278065e-04 3.515681e-01 3.367354e+00
235 5.009461e-04 2.020693e-01 3.279263e+00
236 4.676284e-04 6.650938e-02 3.383763e+00
237 4.284550e-04 8.377044e-02 3.351679e+00
238 5.196590e-04 2.128672e-01 3.448717e+00
239 4.276004e-04 1.771519e-01 3.350922e+00
240 4.243608e-04 7.576355e-03 3.448079e+00
241 4.809116e-04 1.332612e-01 3.575696e+00
242 3.427693e-04 2.872510e-01 3.423757e+00
243 3.542396e-04 3.346382e-02 3.463220e+00
244 2.934435e-04 1.716244e-01 3.455915e+00
245 3.396678e-04 1.575239e-01 3.399901e+00
246 2.014186e-04 4.070131e-01 3.359316e+00
247 4.073658e-04 1.022484e+00 3.487908e+00
248 1.762179e-04 5.674210e-01 3.376323e+00
249 4.183736e-04 1.374183e+00 3.327287e+00
250 1.540732e-04 6.317331e-01 3.295632e+00
251 3.053926e-04 9.821275e-01 3.296401e+00
252 1.924209e-04 3.699229e-01 3.535414e+00
253 2.715282e-04 4.111158e-01 3.463900e+00
254 1.899140e-04 3.005737e-01 3.431308e+00
255 2.771905e-04 4.595583e-01 3.368102e+00
256 1.301567e-04 5.304431e-01 3.431728e+00
257 2.642089e-04 1.029929e+00 3.230976e+00
258 1.660931e-04 3.713571e-01 3.344417e+00
259 2.062961e-04 2.420510e-01 3.390367e+00
260 1.446752e-04 2.987013e-01 3.551135e+00
261 2.390325e-04 6.522015e-01 3.199414e+00
262 1.133141e-04 5.259470e-01 3.175997e+00
263 1.997244e-04 7.625735e-01 3.208888e+00
264 1.064082e-04 4.672248e-01 3.382504e+00
265 1.761719e-04 6.556233e-01 3.304136e+00
266 1.061708e-04 3.973454e-01 3.335919e+00
267 2.688921e-04 1.532636e+00 3.478982e+00
268 1.221722e-04 5.456461e-01 3.232106e+00
269 1.768928e-04 4.478982e-01 3.391846e+00
270 1.183762e-04 3.308025e-01 3.367643e+00
271 1.276327e-04 7.819502e-02 3.398427e+00
272 1.028120e-04 1.944696e-01 3.487012e+00
273 1.088121e-04 5.835990e-02 3.352066e+00
274 7.854151e-05 2.781913e-01 3.391847e+00
275 7.885438e-05 3.983474e-03 3.495267e+00
276 7.512398e-05 4.730744e-02 3.440034e+00
277 1.047501e-04 3.943627e-01 3.295636e+00
278 8.859993e-05 1.541779e-01 3.430731e+00
279 7.769784e-05 1.230485e-01 3.215991e+00
280 6.059698e-05 2.200944e-01 3.199108e+00
281 8.117148e-05 3.395301e-01 3.183659e+00
282 6.576675e-05 1.897801e-01 3.344365e+00
283 5.277551e-05 1.975351e-01 3.336179e+00
284 5.547954e-05 5.123641e-02 3.486472e+00
285 4.410466e-05 2.050284e-01 3.215390e+00
286 4.867153e-05 1.035463e-01 3.407971e+00
287 6.360954e-05 3.069148e-01 3.184157e+00
288 3.799292e-05 4.027166e-01 3.239160e+00
289 4.179185e-05 9.999042e-02 3.336367e+00
290 3.787457e-05 9.373298e-02 3.448190e+00
291 4.584045e-05 2.103226e-01 3.247555e+00
292 3.199393e-05 3.020591e-01 3.231988e+00
293 4.036654e-05 2.616937e-01 3.199195e+00
294 3.237590e-05 1.979521e-01 3.327279e+00
295 4.278709e-05 3.215722e-01 3.399951e+00
296 2.953218e-05 3.097876e-01 3.294762e+00
297 2.991623e-05 1.300465e-02 3.463671e+00
298 2.200464e-05 2.644581e-01 3.247199e+00
299 2.806132e-05 2.752453e-01 3.255954e+00
300 1.965274e-05 2.996500e-01 3.407879e+00
301 3.168068e-05 6.120230e-01 3.455535e+00
302 2.101231e-05 3.367467e-01 3.319794e+00
303 2.148520e-05 2.250512e-02 3.438482e+00
304 2.675481e-05 2.452671e-01 3.416146e+00
305 1.765618e-05 3.400745e-01 3.567983e+00
306 2.716528e-05 5.385703e-01 3.398890e+00
307 1.695586e-05 3.758261e-01 3.543818e+00
308 2.409940e-05 4.213026e-01 3.519842e+00
309 1.708312e-05 2.911394e-01 3.797024e+00
310 1.785822e-05 4.537218e-02 3.512112e+00
311 1.453623e-05 1.860200e-01 3.463852e+00
312 1.550593e-05 6.670923e-02 3.423171e+00
313 1.317982e-05 1.500144e-01 3.384356e+00
314 1.260955e-05 4.326846e-02 3.423417e+00
315 1.278137e-05 1.362616e-02 3.407783e+00
316 1.043873e-05 1.832851e-01 3.431440e+00
317 1.159478e-05 1.107453e-01 3.399543e+00
318 9.045603e-06 2.198553e-01 3.399818e+00
319 1.103079e-05 2.194644e-01 3.575960e+00
320 1.098236e-05 4.390217e-03 3.567825e+00
321 9.433422e-06 1.410389e-01 3.588105e+00
322 8.482988e-06 1.007518e-01 3.360470e+00
323 1.350682e-05 5.922244e-01 3.431412e+00
324 8.491926e-06 3.712861e-01 3.350832e+00
325 1.140300e-05 3.428053e-01 3.223777e+00
326 7.624280e-06 3.313797e-01 3.335567e+00
327 1.022924e-05 3.416659e-01 3.487359e+00
328 7.965985e-06 2.212532e-01 3.248103e+00
329 9.302635e-06 1.677946e-01 3.438823e+00
330 6.339684e-06 3.185066e-01 3.503930e+00
331 6.734867e-06 6.233471e-02 3.527034e+00
332 5.255841e-06 2.196073e-01 3.591915e+00
333 8.857946e-06 6.853529e-01 3.663783e+00
334 5.952168e-06 3.280420e-01 3.463239e+00
335 6.379143e-06 7.173428e-02 3.431801e+00
336 4.662703e-06 2.690707e-01 3.416320e+00
337 5.939005e-06 2.737259e-01 3.446986e+00
338 4.551404e-06 2.336420e-01 3.520082e+00
339 4.071337e-06 1.054766e-01 3.447293e+00
340 3.482288e-06 1.446820e-01 3.447299e+00
341 3.598646e-06 3.341420e-02 3.432185e+00
342 3.482717e-06 3.221470e-02 3.487705e+00
343 4.817138e-06 3.831553e-01 3.471459e+00
344 3.024288e-06 3.721817e-01 3.584208e+00
345 3.047549e-06 7.691622e-03 3.620212e+00
346 2.707008e-06 1.117427e-01 3.455820e+00
347 2.876413e-06 6.258014e-02 3.455768e+00
348 2.730440e-06 5.074841e-02 3.383924e+00
349 2.630568e-06 3.657724e-02 3.463848e+00
350 2.547870e-06 3.143731e-02 3.439406e+00
351 2.452663e-06 3.736718e-02 3.408055e+00
352 1.821093e-06 2.575039e-01 3.359429e+00
353 1.544510e-06 1.518771e-01 3.336125e+00
354 1.316306e-06 1.477518e-01 3.351975e+00
355 1.368631e-06 3.975098e-02 3.343427e+00
356 1.179644e-06 1.380843e-01 3.351551e+00
357 9.916464e-07 1.593682e-01 3.607519e+00
358 1.101655e-06 1.109351e-01 3.607379e+00
359 9.037956e-07 1.796018e-01 3.601282e+00
360 9.959573e-07 1.019718e-01 3.407407e+00
361 8.373100e-07 1.592913e-01 3.383216e+00
362 1.008047e-06 2.039112e-01 3.472210e+00
363 6.211612e-07 3.837973e-01 3.463039e+00
364 4.334717e-07 3.021590e-01 3.296767e+00
365 3.803974e-07 1.224401e-01 3.384170e+00
366 3.319940e-07 1.272442e-01 3.407069e+00
367 5.079368e-07 5.299576e-01 3.375975e+00
368 2.903115e-07 4.284496e-01 3.335680e+00
369 4.727074e-07 6.282767e-01 3.535993e+00
370 2.770423e-07 4.139244e-01 3.661644e+00
371 4.672249e-07 6.864750e-01 4.029063e+00
372 2.714538e-07 4.190083e-01 3.391825e+00
373 4.449190e-07 6.390229e-01 3.383756e+00
374 2.951920e-07 3.365264e-01 3.407541e+00
375 3.695703e-07 2.519660e-01 3.400114e+00
376 2.113760e-07 4.280494e-01 3.455051e+00
377 2.915163e-07 3.791365e-01 3.296069e+00
378 2.792354e-07 4.212779e-02 3.399137e+00
379 2.146491e-07 2.312970e-01 3.407416e+00
380 2.192082e-07 2.123966e-02 3.304692e+00
381 2.062545e-07 5.909310e-02 3.495786e+00
382 2.543221e-07 2.330499e-01 3.519841e+00
383 2.002035e-07 2.127953e-01 3.669670e+00
384 1.552630e-07 2.244743e-01 3.503543e+00
385 2.057453e-07 3.251409e-01 3.391404e+00
386 1.325471e-07 3.557712e-01 3.374256e+00
387 2.240986e-07 6.907097e-01 3.367551e+00
388 1.249355e-07 4.424975e-01 3.295981e+00
389 1.944127e-07 5.561040e-01 3.358093e+00
390 1.127204e-07 4.202003e-01 3.287984e+00
391 1.755688e-07 5.575602e-01 3.392023e+00
392 1.239421e-07 2.940544e-01 3.335820e+00
393 1.825029e-07 4.724859e-01 3.559534e+00
394 1.155544e-07 3.668353e-01 3.455233e+00
395 1.537656e-07 3.306771e-01 3.616306e+00
396 8.636456e-08 4.383363e-01 3.463386e+00
397 1.374051e-07 5.909891e-01 3.343274e+00
398 7.954667e-08 4.210791e-01 3.352285e+00
399 1.015994e-07 2.772295e-01 3.447891e+00
400 7.410605e-08 2.706051e-01 3.310963e+00
401 9.147072e-08 2.343220e-01 3.408619e+00
402 5.538214e-08 3.945369e-01 3.359556e+00
403 9.993781e-08 8.045132e-01 3.399105e+00
404 4.856459e-08 5.140519e-01 3.407836e+00
405 7.645163e-08 5.742259e-01 3.463115e+00
406 4.653112e-08 3.913653e-01 3.447552e+00
407 7.112458e-08 5.285379e-01 3.382985e+00
408 4.451917e-08 3.740676e-01 3.503124e+00
409 7.304424e-08 6.407367e-01 3.359664e+00
410 4.080658e-08 4.413444e-01 3.384248e+00
411 4.830396e-08 1.837297e-01 3.407574e+00
412 4.289666e-08 1.119431e-01 3.272005e+00
413 3.815258e-08 1.105933e-01 3.390753e+00
414 3.768262e-08 1.231802e-02 3.478455e+00
415 3.747816e-08 5.425718e-03 3.448539e+00
416 4.567181e-08 2.186247e-01 3.677440e+00
417 3.572628e-08 2.177608e-01 3.350053e+00
418 2.854486e-08 2.010123e-01 3.304271e+00
419 2.618929e-08 8.252168e-02 3.206973e+00
420 2.171057e-08 1.710135e-01 3.192210e+00
421 3.664093e-08 6.877005e-01 3.319633e+00
422 2.249982e-08 3.859377e-01 3.351777e+00
423 2.921384e-08 2.984034e-01 3.328229e+00
424 2.109528e-08 2.779013e-01 3.415720e+00
425 3.889149e-08 8.436114e-01 3.359852e+00
426 1.628156e-08 5.813593e-01 3.383092e+00
427 2.241305e-08 3.765908e-01 3.304348e+00
428 1.635416e-08 2.703285e-01 3.477939e+00
429 1.350495e-08 1.742191e-01 3.279944e+00
430 1.196499e-08 1.140294e-01 3.431566e+00
431 8.953945e-09 2.516548e-01 4.440016e+00
432 1.232333e-08 3.763021e-01 3.355066e+00
433 6.211775e-09 4.959339e-01 3.184157e+00
434 8.642089e-09 3.912431e-01 3.095137e+00
435 7.064350e-09 1.825646e-01 3.232174e+00
436 9.537771e-09 3.501271e-01 3.376025e+00
437 6.211386e-09 3.487591e-01 3.351809e+00
438 9.248405e-09 4.889438e-01 3.343436e+00
439 6.299656e-09 3.188387e-01 3.407683e+00
440 8.366341e-09 3.280633e-01 3.455944e+00
441 5.611363e-09 3.292931e-01 3.279707e+00
442 7.452207e-09 3.280565e-01 3.599591e+00
443 5.122613e-09 3.126045e-01 3.495659e+00
444 7.525640e-09 4.691017e-01 3.653079e+00
445 3.853113e-09 4.880020e-01 3.591680e+00
446 4.349893e-09 1.289297e-01 3.392011e+00
447 3.886469e-09 1.065369e-01 3.471081e+00
448 4.483270e-09 1.535586e-01 3.327514e+00
449 3.374422e-09 2.473302e-01 3.408534e+00
450 4.247305e-09 2.586763e-01 3.295026e+00
451 3.301645e-09 2.226495e-01 3.216202e+00
452 5.727184e-09 7.346458e-01 3.320167e+00
453 3.227935e-09 4.363835e-01 3.471147e+00
454 3.399527e-09 5.315857e-02 3.463727e+00
455 3.290407e-09 3.209863e-02 3.399883e+00
456 3.431365e-09 4.283901e-02 3.583512e+00
457 3.033694e-09 1.158929e-01 3.399109e+00
458 2.743678e-09 9.559849e-02 3.279709e+00
459 2.552359e-09 6.973077e-02 3.376159e+00
460 2.141989e-09 1.607805e-01 3.183260e+00
461 3.252975e-09 5.186700e-01 3.191694e+00
462 1.801604e-09 4.461672e-01 3.112007e+00
463 2.817058e-09 5.636388e-01 3.136167e+00
464 1.846145e-09 3.446550e-01 3.062942e+00
465 1.680585e-09 8.967877e-02 3.047911e+00
466 1.397970e-09 1.681646e-01 3.087999e+00
467 1.867233e-09 3.356747e-01 3.223841e+00
468 1.443587e-09 2.268842e-01 3.359383e+00
469 1.157625e-09 1.980913e-01 3.423107e+00
470 2.016120e-09 7.415999e-01 3.000064e+00
471 1.306401e-09 3.520220e-01 3.118866e+00
472 1.838323e-09 4.071653e-01 2.943796e+00
473 1.216983e-09 3.379927e-01 3.071964e+00
474 1.443282e-09 1.859503e-01 2.991554e+00
475 9.613131e-10 3.339393e-01 3.087110e+00
476 1.134017e-09 1.796543e-01 3.207935e+00
477 9.711592e-10 1.436116e-01 3.110756e+00
478 7.893252e-10 1.872340e-01 3.071742e+00
479 7.740749e-10 1.932061e-02 3.191425e+00
480 9.677632e-10 2.502190e-01 3.240533e+00
481 7.499201e-10 2.250996e-01 3.256541e+00
482 1.071757e-09 4.291611e-01 3.494651e+00
483 7.060800e-10 3.411938e-01 3.024541e+00
484 4.675857e-10 3.377723e-01 2.951053e+00
485 5.300026e-10 1.334875e-01 2.944175e+00
486 5.739437e-10 8.290728e-02 3.007496e+00
487 5.707640e-10 5.540054e-03 3.008009e+00
488 9.086584e-10 5.920037e-01 2.935304e+00
489 5.692344e-10 3.735441e-01 3.063814e+00
490 7.525749e-10 3.220825e-01 2.919856e+00
491 4.830548e-10 3.581306e-01 2.935947e+00
492 4.705325e-10 2.592318e-02 2.959522e+00
493 3.927143e-10 1.653833e-01 2.927764e+00
494 4.842218e-10 2.330128e-01 3.184551e+00
495 3.569882e-10 2.627589e-01 3.191380e+00
496 3.119052e-10 1.262872e-01 3.071149e+00
497 3.649010e-10 1.699101e-01 2.840062e+00
498 3.870677e-10 6.074720e-02 2.871777e+00
499 2.851015e-10 2.634325e-01 3.015918e+00
500 4.228038e-10 4.829939e-01 2.896308e+00
501 3.002837e-10 2.897801e-01 2.719018e+00
502 2.961563e-10 1.374489e-02 2.959897e+00
503 2.562502e-10 1.347467e-01 2.896086e+00
504 2.832108e-10 1.052118e-01 2.791175e+00
505 2.096183e-10 2.598505e-01 2.752497e+00
506 2.502251e-10 1.937175e-01 2.639845e+00
507 1.892893e-10 2.435240e-01 2.831895e+00
508 2.204750e-10 1.647517e-01 3.183384e+00
509 1.629510e-10 2.609094e-01 3.095361e+00
510 2.084990e-10 2.795197e-01 3.232162e+00
511 1.686038e-10 1.913448e-01 3.007567e+00
512 1.947965e-10 1.553507e-01 2.855649e+00
513 1.613699e-10 1.715975e-01 3.031230e+00
514 1.898055e-10 1.762137e-01 2.927509e+00
515 1.517599e-10 2.004450e-01 2.760575e+00
516 1.808715e-10 1.918267e-01 2.855830e+00
517 1.252277e-10 3.076428e-01 2.711007e+00
518 1.964479e-10 5.687251e-01 2.703259e+00
519 1.218946e-10 3.795066e-01 2.767859e+00
520 1.280285e-10 5.032110e-02 2.592135e+00
521 1.223364e-10 4.445975e-02 2.599215e+00
522 1.188034e-10 2.887900e-02 2.792336e+00
523 8.832002e-11 2.565869e-01 2.871721e+00
