1 9.979406e-01 1.000000e+00 4.023419e+00
2 9.974672e-01 4.743015e-04 3.639376e+00
3 9.935650e-01 3.912109e-03 3.743391e+00
4 9.852034e-01 8.415771e-03 3.959842e+00
5 9.583051e-01 2.730228e-02 4.184623e+00
6 9.390491e-01 2.009384e-02 4.327741e+00
7 9.183653e-01 2.202635e-02 3.743335e+00
8 8.839800e-01 3.744180e-02 3.608320e+00
9 8.817100e-01 2.567992e-03 3.767791e+00
10 8.699325e-01 1.335755e-02 3.679144e+00
11 8.588128e-01 1.278219e-02 4.039983e+00
12 8.500090e-01 1.025114e-02 3.503414e+00
13 8.435779e-01 7.565992e-03 3.406950e+00
14 8.427650e-01 9.635761e-04 3.463831e+00
15 8.421837e-01 6.897766e-04 4.087932e+00
16 8.371716e-01 5.951301e-03 3.751585e+00
17 8.343140e-01 3.413446e-03 4.183141e+00
18 8.214976e-01 1.536152e-02 3.664364e+00
19 8.035841e-01 2.180590e-02 3.623583e+00
20 7.888283e-01 1.836259e-02 3.535762e+00
21 7.750578e-01 1.745680e-02 3.647436e+00
22 7.623168e-01 1.643879e-02 3.711056e+00
23 7.468263e-01 2.032036e-02 3.808632e+00
24 7.353440e-01 1.537480e-02 3.671291e+00
25 7.178394e-01 2.380467e-02 3.639793e+00
26 7.016199e-01 2.259487e-02 4.023420e+00
27 6.981381e-01 4.962410e-03 3.816666e+00
28 6.957119e-01 3.475335e-03 4.051497e+00
29 6.924392e-01 4.703997e-03 4.415752e+00
30 6.898822e-01 3.692758e-03 3.871682e+00
31 6.880399e-01 2.670545e-03 3.895718e+00
32 6.847878e-01 4.726604e-03 3.655685e+00
33 6.877758e-01 4.363445e-03 3.622763e+00
34 6.862640e-01 2.198108e-03 3.591816e+00
35 6.862942e-01 4.393230e-05 3.599277e+00
36 6.868309e-01 7.821300e-04 3.560320e+00
37 6.839977e-01 4.125068e-03 4.021952e+00
38 6.854514e-01 2.125288e-03 3.719879e+00
39 6.783923e-01 1.029843e-02 3.623077e+00
40 6.795130e-01 1.652020e-03 3.696622e+00
41 6.795237e-01 1.565765e-05 3.558710e+00
42 6.789554e-01 8.363196e-04 3.535871e+00
43 6.771214e-01 2.701171e-03 3.696185e+00
44 6.771306e-01 1.361401e-05 4.022776e+00
45 6.776980e-01 8.378482e-04 3.848176e+00
46 6.734842e-01 6.217736e-03 3.757932e+00
47 6.713152e-01 3.220657e-03 3.535717e+00
48 6.691976e-01 3.154284e-03 3.504214e+00
49 6.720511e-01 4.263984e-03 3.663408e+00
50 6.713889e-01 9.853642e-04 3.431674e+00
51 6.681235e-01 4.863582e-03 3.655547e+00
52 6.678223e-01 4.508963e-04 3.656148e+00
53 6.685910e-01 1.151061e-03 3.447233e+00
54 6.651365e-01 5.166813e-03 3.632046e+00
55 6.614218e-01 5.584757e-03 3.560188e+00
56 6.595294e-01 2.861215e-03 3.615296e+00
57 6.580686e-01 2.214809e-03 3.591987e+00
58 6.582448e-01 2.677415e-04 3.583218e+00
59 6.531868e-01 7.684095e-03 3.543952e+00
60 6.576356e-01 6.810833e-03 3.567895e+00
61 6.547027e-01 4.459795e-03 3.559563e+00
62 6.550333e-01 5.050917e-04 3.559605e+00
63 6.521437e-01 4.411435e-03 3.711452e+00
64 6.512452e-01 1.377810e-03 3.663555e+00
65 6.477240e-01 5.406883e-03 3.642600e+00
66 6.455445e-01 3.364832e-03 3.935553e+00
67 6.448620e-01 1.057201e-03 3.464259e+00
68 6.440387e-01 1.276662e-03 3.608700e+00
69 6.449962e-01 1.486683e-03 3.495242e+00
70 6.475723e-01 3.993913e-03 3.567212e+00
71 6.393050e-01 1.276659e-02 3.509725e+00
72 6.383135e-01 1.550887e-03 3.478513e+00
73 6.384119e-01 1.541629e-04 3.575601e+00
74 6.367927e-01 2.536321e-03 3.711823e+00
75 6.351486e-01 2.581803e-03 3.638720e+00
76 6.330455e-01 3.311209e-03 3.911844e+00
77 6.331748e-01 2.041915e-04 4.518097e+00
78 6.323441e-01 1.311966e-03 3.559788e+00
79 6.276103e-01 7.486011e-03 4.103539e+00
80 6.237668e-01 6.124064e-03 3.671365e+00
81 6.222892e-01 2.368765e-03 3.752512e+00
82 6.193446e-01 4.731900e-03 3.695224e+00
83 6.191031e-01 3.900448e-04 3.727394e+00
84 6.168873e-01 3.578988e-03 3.727872e+00
85 6.166594e-01 3.694403e-04 3.616112e+00
86 6.345698e-01 2.904419e-02 3.831171e+00
87 6.166598e-01 2.822376e-02 3.664057e+00
88 6.116513e-01 8.122064e-03 3.735180e+00
89 6.120723e-01 6.883296e-04 3.783184e+00
90 6.188566e-01 1.108422e-02 3.776352e+00
91 6.045962e-01 2.304326e-02 4.047301e+00
92 5.990856e-01 9.114493e-03 3.990543e+00
93 5.996002e-01 8.590760e-04 3.727257e+00
94 5.964961e-01 5.177053e-03 3.823459e+00
95 5.963097e-01 3.123864e-04 3.856312e+00
96 5.625073e-01 5.668602e-02 3.895311e+00
97 4.859223e-01 1.361494e-01 3.727581e+00
98 3.728622e-01 2.326711e-01 3.735327e+00
99 3.498371e-01 6.175233e-02 3.919979e+00
100 3.232338e-01 7.604493e-02 3.774797e+00
101 3.242468e-01 3.134066e-03 3.815471e+00
102 3.034528e-01 6.413005e-02 3.773276e+00
103 3.053326e-01 6.194698e-03 3.886273e+00
104 3.039774e-01 4.438438e-03 3.879333e+00
105 3.026721e-01 4.294286e-03 3.735180e+00
106 3.006752e-01 6.597362e-03 3.695303e+00
107 3.036379e-01 9.853374e-03 3.814013e+00
108 2.934131e-01 3.367422e-02 3.696088e+00
109 2.939018e-01 1.665553e-03 3.677906e+00
110 2.906636e-01 1.101790e-02 3.813801e+00
111 2.885502e-01 7.271043e-03 3.799224e+00
112 2.952343e-01 2.316443e-02 3.863447e+00
113 2.849889e-01 3.470272e-02 3.863447e+00
114 2.721326e-01 4.511132e-02 3.799357e+00
115 2.686350e-01 1.285269e-02 3.855652e+00
116 2.655717e-01 1.140314e-02 3.767996e+00
117 2.628586e-01 1.021631e-02 3.640018e+00
118 2.187085e-01 1.679614e-01 3.743539e+00
119 1.373887e-01 3.718182e-01 3.631636e+00
120 8.427609e-02 3.865864e-01 3.759097e+00
121 7.412087e-02 1.204993e-01 3.799946e+00
122 7.211085e-02 2.711819e-02 3.751621e+00
123 7.168197e-02 5.947464e-03 3.982540e+00
124 7.019258e-02 2.077784e-02 4.067599e+00
125 7.069082e-02 7.098248e-03 3.702984e+00
126 7.052965e-02 2.279910e-03 3.719854e+00
127 6.857934e-02 2.765243e-02 3.630235e+00
128 7.033417e-02 2.558841e-02 3.623711e+00
129 6.806904e-02 3.220529e-02 3.855960e+00
130 6.791214e-02 2.304942e-03 3.703188e+00
131 5.973565e-02 1.203981e-01 3.855610e+00
132 6.067766e-02 1.576970e-02 3.895996e+00
133 5.978478e-02 1.471509e-02 3.783985e+00
134 4.220653e-02 2.940255e-01 3.879064e+00
135 4.086733e-02 3.172985e-02 3.831838e+00
136 4.113491e-02 6.547578e-03 4.031002e+00
137 3.855695e-02 6.267086e-02 3.895957e+00
138 3.773249e-02 2.138292e-02 3.607889e+00
139 3.754818e-02 4.884556e-03 3.799745e+00
140 3.704320e-02 1.344891e-02 3.887642e+00
141 3.769878e-02 1.769779e-02 3.639685e+00
142 3.690498e-02 2.105640e-02 3.775301e+00
143 3.685150e-02 1.449183e-03 3.640372e+00
144 3.693561e-02 2.282519e-03 3.615415e+00
145 3.662664e-02 8.365089e-03 3.760175e+00
146 3.788487e-02 3.435285e-02 3.695634e+00
147 3.530717e-02 6.804047e-02 3.814958e+00
148 3.154075e-02 1.066758e-01 3.967495e+00
149 3.130058e-02 7.614474e-03 3.935214e+00
150 2.983695e-02 4.676070e-02 3.672085e+00
151 2.966901e-02 5.628370e-03 3.662204e+00
152 2.978933e-02 4.055213e-03 3.814902e+00
153 2.951930e-02 9.064549e-03 3.559631e+00
154 2.878500e-02 2.487523e-02 3.750755e+00
155 2.900670e-02 7.701997e-03 3.726082e+00
156 3.028069e-02 4.392041e-02 3.518676e+00
157 2.927140e-02 3.333130e-02 3.480195e+00
158 2.926408e-02 2.499550e-04 3.583758e+00
159 2.924791e-02 5.525447e-04 3.527290e+00
160 2.905272e-02 6.673452e-03 3.487891e+00
161 2.887098e-02 6.255641e-03 3.590195e+00
162 2.899021e-02 4.129845e-03 3.559925e+00
163 2.746622e-02 5.256940e-02 3.615854e+00
164 2.545436e-02 7.324845e-02 3.535944e+00
165 2.227338e-02 1.249677e-01 3.631719e+00
166 1.770700e-02 2.050152e-01 3.655867e+00
167 1.719843e-02 2.872162e-02 3.479726e+00
168 1.645950e-02 4.296481e-02 3.423342e+00
169 1.644824e-02 6.839414e-04 3.711141e+00
170 1.944580e-02 1.822416e-01 3.431267e+00
171 1.665746e-02 1.433900e-01 3.871546e+00
172 1.417194e-02 1.492137e-01 3.816391e+00
173 1.413940e-02 2.296607e-03 3.807721e+00
174 1.385149e-02 2.036202e-02 3.725864e+00
175 1.223041e-02 1.170328e-01 3.742536e+00
176 1.230247e-02 5.891644e-03 3.720097e+00
177 1.030507e-02 1.623572e-01 3.583234e+00
178 9.660423e-03 6.255658e-02 3.527066e+00
179 1.076503e-02 1.143431e-01 3.743407e+00
180 8.797115e-03 1.828060e-01 3.639897e+00
181 1.251691e-02 4.228422e-01 3.591917e+00
182 9.248089e-03 2.611522e-01 3.906212e+00
183 8.615306e-03 6.842315e-02 3.910837e+00
184 6.893758e-03 1.998243e-01 3.756053e+00
185 6.906404e-03 1.834311e-03 3.655335e+00
186 7.773567e-03 1.255593e-01 3.767868e+00
187 7.684085e-03 1.151106e-02 3.655927e+00
188 6.396485e-03 1.675670e-01 3.687277e+00
189 6.136262e-03 4.068222e-02 3.776058e+00
190 6.083067e-03 8.669020e-03 3.792123e+00
191 5.661349e-03 6.932648e-02 3.719617e+00
192 6.040139e-03 6.690803e-02 3.775703e+00
193 5.450707e-03 9.758576e-02 3.614582e+00
194 5.307387e-03 2.629397e-02 3.792097e+00
195 5.623386e-03 5.953962e-02 3.687377e+00
196 4.307736e-03 2.339605e-01 3.639784e+00
197 4.819833e-03 1.188785e-01 3.711342e+00
198 3.449839e-03 2.842411e-01 3.960118e+00
199 3.872056e-03 1.223877e-01 3.640700e+00
200 3.360658e-03 1.320741e-01 3.670595e+00
201 3.083316e-03 8.252621e-02 3.727785e+00
202 4.062735e-03 3.176514e-01 3.656129e+00
203 2.806947e-03 3.090993e-01 3.631543e+00
204 2.715288e-03 3.265442e-02 3.679655e+00
205 3.153417e-03 1.613567e-01 3.571573e+00
206 2.848800e-03 9.659915e-02 3.647538e+00
207 3.222655e-03 1.312324e-01 3.648346e+00
208 2.788487e-03 1.347237e-01 3.783171e+00
209 3.109636e-03 1.151696e-01 4.023768e+00
210 2.313668e-03 2.559681e-01 3.895625e+00
211 2.669691e-03 1.538783e-01 3.632514e+00
212 2.622918e-03 1.752014e-02 3.598897e+00
213 2.225852e-03 1.513834e-01 3.607574e+00
214 2.946701e-03 3.238533e-01 3.727458e+00
215 2.398062e-03 1.861877e-01 3.752093e+00
216 2.283773e-03 4.765882e-02 3.695387e+00
217 1.649172e-03 2.778739e-01 3.631826e+00
218 1.972232e-03 1.958922e-01 3.606890e+00
219 1.237711e-03 3.724314e-01 3.759829e+00
220 1.449777e-03 1.713377e-01 3.807519e+00
221 1.490603e-03 2.815983e-02 3.910730e+00
222 1.304851e-03 1.246151e-01 3.703409e+00
223 1.468468e-03 1.253912e-01 3.872330e+00
224 1.322824e-03 9.918115e-02 3.751862e+00
225 1.133391e-03 1.432029e-01 3.703387e+00
226 1.502313e-03 3.255021e-01 3.671830e+00
227 1.391663e-03 7.365284e-02 3.695788e+00
228 1.275190e-03 8.369365e-02 3.671250e+00
229 1.025244e-03 1.960070e-01 3.639684e+00
230 1.017209e-03 7.837008e-03 3.727872e+00
231 8.808988e-04 1.340039e-01 3.815527e+00
232 7.266815e-04 1.750682e-01 4.013003e+00
233 7.598400e-04 4.563010e-02 3.575891e+00
234 1.182001e-03 5.555914e-01 3.638428e+00
235 7.699977e-04 3.485640e-01 3.566881e+00
236 8.875851e-04 1.527113e-01 3.575707e+00
237 6.937225e-04 2.184158e-01 3.552038e+00
238 1.071137e-03 5.440432e-01 3.559696e+00
239 7.627986e-04 2.878611e-01 3.663884e+00
240 6.682509e-04 1.239485e-01 3.759677e+00
241 9.297248e-04 3.912810e-01 3.639854e+00
242 7.564642e-04 1.863569e-01 3.950989e+00
243 9.797264e-04 2.951392e-01 3.879382e+00
244 6.329335e-04 3.539691e-01 3.575184e+00
245 5.147177e-04 1.867745e-01 3.560152e+00
246 5.757378e-04 1.185508e-01 3.640036e+00
247 7.598262e-04 3.197434e-01 3.743212e+00
248 6.249238e-04 1.775438e-01 3.504113e+00
249 5.062753e-04 1.898608e-01 3.535117e+00
250 4.969585e-04 1.840263e-02 3.527607e+00
251 5.326154e-04 7.175033e-02 3.624234e+00
252 4.735530e-04 1.108913e-01 3.599964e+00
253 5.352843e-04 1.303576e-01 4.263319e+00
254 4.598984e-04 1.408333e-01 4.503884e+00
255 6.091925e-04 3.246240e-01 3.599687e+00
256 4.690515e-04 2.300439e-01 3.567321e+00
257 7.211205e-04 5.374016e-01 3.584099e+00
258 5.527912e-04 2.334273e-01 3.503365e+00
259 5.976234e-04 8.110141e-02 3.575365e+00
260 4.956772e-04 1.705860e-01 3.711533e+00
261 5.775426e-04 1.651586e-01 3.663869e+00
262 4.823799e-04 1.647717e-01 3.655722e+00
263 3.741339e-04 2.244000e-01 3.656006e+00
264 4.321811e-04 1.551509e-01 3.887338e+00
265 5.647251e-04 3.066864e-01 3.845842e+00
266 3.485043e-04 3.828781e-01 3.807667e+00
267 6.280940e-04 8.022562e-01 3.599642e+00
268 4.532351e-04 2.783960e-01 3.607668e+00
269 4.238277e-04 6.488340e-02 3.623575e+00
270 4.092489e-04 3.439794e-02 3.608066e+00
271 4.366877e-04 6.704691e-02 3.703464e+00
272 3.258059e-04 2.539157e-01 3.616500e+00
273 3.599640e-04 1.048419e-01 3.630908e+00
274 2.422887e-04 3.269083e-01 3.704408e+00
275 2.207965e-04 8.870520e-02 3.599082e+00
276 2.463964e-04 1.159433e-01 3.671652e+00
277 2.851446e-04 1.572598e-01 3.687528e+00
278 2.281559e-04 1.998589e-01 4.047612e+00
279 1.775170e-04 2.219485e-01 3.735703e+00
280 1.721367e-04 3.030911e-02 3.703867e+00
281 1.964051e-04 1.409836e-01 3.511265e+00
282 2.017538e-04 2.723318e-02 3.488161e+00
283 1.601087e-04 2.064155e-01 3.447921e+00
284 1.407939e-04 1.206354e-01 3.503955e+00
285 1.186838e-04 1.570387e-01 3.519036e+00
286 1.498150e-04 2.623032e-01 3.600057e+00
287 1.101614e-04 2.646838e-01 3.470761e+00
288 8.749590e-05 2.057480e-01 3.496537e+00
289 8.667881e-05 9.338663e-03 3.599306e+00
290 8.287423e-05 4.389279e-02 3.575889e+00
291 1.030244e-04 2.431419e-01 3.479494e+00
292 8.120630e-05 2.117763e-01 3.639278e+00
293 9.382608e-05 1.554040e-01 3.679830e+00
294 8.574386e-05 8.614050e-02 3.743612e+00
295 1.182254e-04 3.788206e-01 3.504279e+00
296 7.305584e-05 3.820631e-01 3.607376e+00
297 9.278476e-05 2.700527e-01 3.624485e+00
298 6.233843e-05 3.281394e-01 3.542876e+00
299 6.658595e-05 6.813645e-02 3.479966e+00
300 7.787032e-05 1.694707e-01 3.623940e+00
301 6.488964e-05 1.666961e-01 3.654811e+00
302 4.473229e-05 3.106404e-01 3.695665e+00
303 6.802003e-05 5.206023e-01 3.664027e+00
304 4.960800e-05 2.706855e-01 4.654627e+00
305 5.768392e-05 1.627947e-01 3.894092e+00
306 3.269526e-05 4.331997e-01 3.623195e+00
307 4.395028e-05 3.442401e-01 3.663275e+00
308 3.551777e-05 1.918649e-01 3.766532e+00
309 4.622427e-05 3.014409e-01 3.696305e+00
310 3.052180e-05 3.397019e-01 3.615446e+00
311 6.146158e-05 1.013695e+00 3.559294e+00
312 2.731284e-05 5.556111e-01 3.584309e+00
313 4.029351e-05 4.752586e-01 3.583194e+00
314 3.061061e-05 2.403091e-01 3.640426e+00
315 3.528139e-05 1.525867e-01 3.663150e+00
316 2.931893e-05 1.689973e-01 3.566942e+00
317 3.111596e-05 6.129270e-02 3.567858e+00
318 3.206170e-05 3.039387e-02 3.855323e+00
319 2.684154e-05 1.628162e-01 3.965653e+00
320 2.120796e-05 2.098826e-01 3.560425e+00
321 3.368385e-05 5.882644e-01 3.527661e+00
322 2.461920e-05 2.691098e-01 3.663059e+00
323 2.385616e-05 3.099358e-02 3.680185e+00
324 2.642057e-05 1.074945e-01 3.640085e+00
325 2.238913e-05 1.525871e-01 3.679308e+00
326 1.871836e-05 1.639534e-01 3.655864e+00
327 2.094724e-05 1.190750e-01 3.567598e+00
328 2.130446e-05 1.705325e-02 3.519311e+00
329 1.854020e-05 1.297503e-01 3.551987e+00
330 1.933263e-05 4.274110e-02 3.543460e+00
331 1.561699e-05 1.921955e-01 3.680387e+00
332 1.599685e-05 2.432396e-02 3.829374e+00
333 1.676851e-05 4.823791e-02 3.607871e+00
334 1.216604e-05 2.744707e-01 3.623866e+00
335 1.328014e-05 9.157386e-02 3.655616e+00
336 1.165773e-05 1.221680e-01 3.711122e+00
337 1.125167e-05 3.483193e-02 3.591773e+00
338 1.388174e-05 2.337492e-01 3.640336e+00
339 1.385470e-05 1.947340e-03 3.671450e+00
340 1.922559e-05 3.876578e-01 3.663109e+00
341 1.155878e-05 3.987813e-01 3.568001e+00
342 1.643302e-05 4.216913e-01 3.663485e+00
343 1.256744e-05 2.352323e-01 3.783737e+00
344 1.612070e-05 2.827353e-01 3.583513e+00
345 1.079316e-05 3.304781e-01 3.575843e+00
346 1.391754e-05 2.894772e-01 3.576060e+00
347 1.051788e-05 2.442718e-01 3.784120e+00
348 1.388317e-05 3.199595e-01 3.933833e+00
349 9.900568e-06 2.868655e-01 3.798836e+00
350 1.210186e-05 2.223398e-01 3.536146e+00
351 8.841239e-06 2.694313e-01 3.583699e+00
352 9.808799e-06 1.094372e-01 3.599475e+00
353 9.263300e-06 5.561324e-02 3.544141e+00
354 1.168017e-05 2.609084e-01 3.663300e+00
355 1.012416e-05 1.332179e-01 3.520109e+00
356 8.642784e-06 1.463212e-01 3.527505e+00
357 9.777936e-06 1.313410e-01 3.463518e+00
358 8.091287e-06 1.724953e-01 3.568208e+00
359 7.978718e-06 1.391246e-02 3.919657e+00
360 1.036195e-05 2.986991e-01 3.743387e+00
361 6.848490e-06 3.390735e-01 3.711878e+00
362 9.807715e-06 4.320990e-01 3.621813e+00
363 6.753229e-06 3.114370e-01 3.599736e+00
364 8.391644e-06 2.426120e-01 3.447020e+00
365 6.428350e-06 2.339581e-01 3.600168e+00
366 9.008144e-06 4.013151e-01 3.712019e+00
367 5.679100e-06 3.695593e-01 3.615361e+00
368 7.780606e-06 3.700420e-01 3.423734e+00
369 5.771738e-06 2.581892e-01 3.399324e+00
370 7.528517e-06 3.043762e-01 3.676803e+00
371 5.660549e-06 2.481191e-01 3.856083e+00
372 7.697439e-06 3.598397e-01 3.886748e+00
373 5.630094e-06 2.685757e-01 3.663764e+00
374 7.580278e-06 3.463857e-01 3.687755e+00
375 4.943984e-06 3.477833e-01 3.736544e+00
376 7.823402e-06 5.824085e-01 3.575699e+00
377 5.022751e-06 3.579838e-01 3.535209e+00
378 6.975242e-06 3.887295e-01 3.607895e+00
379 4.978447e-06 2.862689e-01 3.559472e+00
380 7.012161e-06 4.085037e-01 3.695834e+00
381 4.707172e-06 3.287131e-01 3.584378e+00
382 6.584863e-06 3.988999e-01 3.670824e+00
383 4.718285e-06 2.834651e-01 3.664123e+00
384 6.156221e-06 3.047584e-01 3.607074e+00
385 4.201352e-06 3.175437e-01 3.606668e+00
386 4.657314e-06 1.085274e-01 3.616270e+00
387 4.467229e-06 4.081413e-02 3.670982e+00
388 5.789587e-06 2.960130e-01 3.935820e+00
389 5.459406e-06 5.703026e-02 4.638491e+00
390 5.266214e-06 3.538698e-02 3.440052e+00
391 4.467128e-06 1.517382e-01 3.567472e+00
392 3.688924e-06 1.742068e-01 3.583300e+00
393 3.786573e-06 2.647075e-02 3.648320e+00
394 3.427628e-06 9.479416e-02 3.607107e+00
395 3.509081e-06 2.376366e-02 3.512562e+00
396 3.202265e-06 8.743465e-02 3.543348e+00
397 2.631411e-06 1.782658e-01 3.631704e+00
398 3.293816e-06 2.517300e-01 3.663191e+00
399 3.065613e-06 6.928228e-02 3.487907e+00
400 3.896395e-06 2.710002e-01 3.416005e+00
401 2.886923e-06 2.590784e-01 3.455929e+00
402 4.109944e-06 4.236416e-01 3.511704e+00
403 2.553568e-06 3.786855e-01 3.519530e+00
404 3.848845e-06 5.072421e-01 3.551279e+00
405 2.168975e-06 4.364609e-01 3.632103e+00
406 3.613406e-06 6.659511e-01 3.647782e+00
407 2.181306e-06 3.963297e-01 3.399593e+00
408 3.543806e-06 6.246258e-01 3.544129e+00
409 2.083821e-06 4.119823e-01 3.623779e+00
410 3.333148e-06 5.995369e-01 3.644493e+00
411 1.855641e-06 4.432768e-01 3.559294e+00
412 3.134782e-06 6.893260e-01 3.552062e+00
413 1.886175e-06 3.983073e-01 3.510892e+00
414 3.166416e-06 6.787495e-01 3.616403e+00
415 1.751642e-06 4.468061e-01 3.627170e+00
416 3.407269e-06 9.451853e-01 3.616148e+00
417 2.009067e-06 4.103586e-01 3.600153e+00
418 3.136549e-06 5.611970e-01 3.583428e+00
419 1.899364e-06 3.944413e-01 3.639851e+00
420 3.041501e-06 6.013255e-01 3.782942e+00
421 1.795151e-06 4.097810e-01 3.854642e+00
422 2.996845e-06 6.694109e-01 3.639694e+00
423 1.643654e-06 4.515385e-01 3.527726e+00
424 2.408833e-06 4.655350e-01 3.487716e+00
425 2.403223e-06 2.329022e-03 3.551226e+00
426 2.050279e-06 1.468627e-01 3.495932e+00
427 2.270048e-06 1.071897e-01 3.695599e+00
428 2.077734e-06 8.471794e-02 3.672026e+00
429 2.090279e-06 6.038104e-03 3.575494e+00
430 1.296574e-06 3.797125e-01 3.543799e+00
431 1.587373e-06 2.242828e-01 3.815773e+00
432 1.536620e-06 3.197326e-02 3.807387e+00
433 1.724020e-06 1.219562e-01 3.550837e+00
434 1.247263e-06 2.765380e-01 3.528453e+00
435 1.834427e-06 4.707616e-01 3.646901e+00
436 1.430951e-06 2.199465e-01 3.567994e+00
437 1.772019e-06 2.383504e-01 3.583385e+00
438 1.366272e-06 2.289746e-01 3.623800e+00
439 1.882064e-06 3.775185e-01 3.551187e+00
440 1.244253e-06 3.388891e-01 3.608091e+00
441 1.844890e-06 4.827285e-01 3.584182e+00
442 1.060308e-06 4.252732e-01 4.142714e+00
443 1.726372e-06 6.281803e-01 3.767538e+00
444 9.657733e-07 4.405763e-01 3.703829e+00
445 1.691750e-06 7.517054e-01 3.624208e+00
446 1.024425e-06 3.944584e-01 3.599115e+00
447 1.588647e-06 5.507689e-01 3.456426e+00
448 9.735518e-07 3.871816e-01 3.503483e+00
449 1.469155e-06 5.090674e-01 3.527452e+00
450 1.311011e-06 1.076428e-01 3.423537e+00
451 1.414398e-06 7.886014e-02 3.437933e+00
452 1.159242e-06 1.803993e-01 3.288424e+00
453 1.685126e-06 4.536455e-01 3.351355e+00
454 9.400794e-07 4.421312e-01 3.320075e+00
455 1.461708e-06 5.548772e-01 3.287213e+00
456 9.433652e-07 3.546145e-01 3.456347e+00
457 1.406317e-06 4.907453e-01 3.551865e+00
458 8.248355e-07 4.134784e-01 3.455101e+00
459 1.400015e-06 6.973270e-01 3.632379e+00
460 7.707964e-07 4.494372e-01 3.583143e+00
461 1.286361e-06 6.688727e-01 3.623498e+00
462 7.438495e-07 4.217413e-01 3.536437e+00
463 1.269969e-06 7.072934e-01 3.519603e+00
464 7.048484e-07 4.449879e-01 3.431487e+00
465 1.185033e-06 6.812588e-01 3.424171e+00
466 1.377692e-06 1.625769e-01 3.367315e+00
467 9.571729e-07 3.052343e-01 3.383961e+00
468 1.010822e-06 5.604957e-02 3.382784e+00
469 9.393645e-07 7.069247e-02 3.383439e+00
470 1.048220e-06 1.158820e-01 3.471837e+00
471 7.987434e-07 2.380003e-01 3.336240e+00
472 9.802695e-07 2.272646e-01 3.295178e+00
473 6.706609e-07 3.158403e-01 3.472213e+00
474 8.479121e-07 2.642933e-01 3.487571e+00
475 6.949895e-07 1.803520e-01 3.647842e+00
476 8.274076e-07 1.905326e-01 3.694349e+00
477 6.413816e-07 2.248299e-01 3.343827e+00
478 8.214615e-07 2.807687e-01 3.239391e+00
479 6.590871e-07 1.976653e-01 3.319417e+00
480 7.128352e-07 8.154928e-02 3.367764e+00
481 7.145758e-07 2.441868e-03 3.360130e+00
482 6.119462e-07 1.436232e-01 3.351557e+00
483 4.293118e-07 2.984484e-01 3.302987e+00
484 5.637289e-07 3.130988e-01 3.316984e+00
485 5.156857e-07 8.522394e-02 3.310774e+00
486 4.768236e-07 7.535994e-02 3.407446e+00
487 6.432980e-07 3.491319e-01 3.655373e+00
488 4.322270e-07 3.281076e-01 3.782871e+00
489 6.350826e-07 4.693264e-01 3.695588e+00
490 3.776476e-07 4.053567e-01 3.622853e+00
491 6.044810e-07 6.006482e-01 3.503462e+00
492 3.854465e-07 3.623513e-01 3.615129e+00
493 5.460386e-07 4.166391e-01 3.583465e+00
494 3.734438e-07 3.160853e-01 3.623402e+00
495 5.077123e-07 3.595411e-01 3.447984e+00
496 3.596136e-07 2.916980e-01 3.534889e+00
497 5.232513e-07 4.550376e-01 3.607577e+00
498 3.296696e-07 3.699594e-01 3.472051e+00
499 5.001867e-07 5.172364e-01 3.902944e+00
500 3.115768e-07 3.770791e-01 3.807686e+00
501 4.059876e-07 3.030098e-01 3.534437e+00
502 4.537713e-07 1.176976e-01 3.455487e+00
503 3.953971e-07 1.286425e-01 3.447594e+00
504 4.310291e-07 9.011722e-02 3.415636e+00
505 3.275072e-07 2.401739e-01 3.416008e+00
506 3.402834e-07 3.901059e-02 3.672417e+00
507 3.616898e-07 6.290755e-02 3.503655e+00
508 3.546084e-07 1.957870e-02 3.559857e+00
509 2.658401e-07 2.503276e-01 3.614577e+00
510 3.321368e-07 2.493854e-01 3.583438e+00
511 2.530671e-07 2.380636e-01 3.695749e+00
512 3.229564e-07 2.761688e-01 3.791150e+00
513 2.824752e-07 1.253457e-01 3.512241e+00
514 2.988285e-07 5.789314e-02 3.597246e+00
515 2.152219e-07 2.797813e-01 3.511528e+00
516 2.720752e-07 2.641614e-01 3.400048e+00
517 1.979748e-07 2.723528e-01 3.550408e+00
518 2.528103e-07 2.769822e-01 3.407465e+00
519 1.498768e-07 4.071571e-01 3.455656e+00
520 1.976090e-07 3.184761e-01 3.416052e+00
521 1.543899e-07 2.187099e-01 3.415469e+00
522 2.114151e-07 3.693584e-01 3.837193e+00
523 1.950524e-07 7.739599e-02 3.598311e+00
524 1.403037e-07 2.806875e-01 3.846397e+00
525 2.126073e-07 5.153371e-01 3.399853e+00
526 1.354594e-07 3.628661e-01 3.654502e+00
527 1.658551e-07 2.243902e-01 3.583206e+00
528 1.320201e-07 2.040033e-01 3.557942e+00
529 1.771558e-07 3.418853e-01 3.503078e+00
530 1.200385e-07 3.224130e-01 3.527625e+00
531 1.326797e-07 1.053098e-01 3.439481e+00
532 1.312171e-07 1.102390e-02 3.616331e+00
533 1.319370e-07 5.486353e-03 3.438905e+00
534 9.164224e-08 3.054090e-01 3.488410e+00
535 1.408383e-07 5.368277e-01 3.455637e+00
536 8.020438e-08 4.305216e-01 3.551668e+00
537 1.238283e-07 5.439097e-01 3.647402e+00
538 7.622398e-08 3.844383e-01 3.544137e+00
539 1.338468e-07 7.559673e-01 3.527737e+00
540 7.561833e-08 4.350382e-01 3.966057e+00
541 1.306751e-07 7.280870e-01 3.602231e+00
542 7.998650e-08 3.878978e-01 3.742747e+00
543 1.267365e-07 5.844736e-01 3.463510e+00
544 8.218384e-08 3.515377e-01 3.455560e+00
545 1.255999e-07 5.282797e-01 3.479166e+00
546 8.036767e-08 3.601295e-01 3.501176e+00
547 1.124957e-07 3.997634e-01 3.447738e+00
548 1.375056e-07 2.223184e-01 3.479927e+00
549 1.552106e-07 1.287584e-01 3.463490e+00
550 7.940743e-08 4.883891e-01 3.407351e+00
551 1.096766e-07 3.811878e-01 3.488268e+00
552 8.139332e-08 2.578787e-01 3.495486e+00
553 8.939740e-08 9.833834e-02 3.455460e+00
554 1.025596e-07 1.472320e-01 3.416260e+00
555 1.172021e-07 1.427714e-01 3.463291e+00
556 6.540472e-08 4.419494e-01 3.479465e+00
557 1.017087e-07 5.550665e-01 3.383407e+00
558 4.954248e-08 5.128983e-01 3.391083e+00
559 7.080886e-08 4.292555e-01 3.471297e+00
560 5.573889e-08 2.128260e-01 3.567822e+00
561 6.923075e-08 2.420547e-01 3.639790e+00
562 5.275727e-08 2.379504e-01 3.663933e+00
563 6.481095e-08 2.284745e-01 3.967471e+00
564 4.169652e-08 3.566440e-01 3.906272e+00
565 4.541186e-08 8.910439e-02 3.495918e+00
566 5.330416e-08 1.737938e-01 3.360183e+00
567 4.597824e-08 1.374361e-01 3.511357e+00
568 5.177097e-08 1.259883e-01 3.391165e+00
569 4.590612e-08 1.132845e-01 3.471132e+00
570 3.642792e-08 2.064692e-01 3.440158e+00
571 3.864489e-08 6.085920e-02 3.551823e+00
572 4.037280e-08 4.471242e-02 3.543418e+00
573 3.575418e-08 1.143992e-01 3.519481e+00
574 2.908237e-08 1.866023e-01 3.751657e+00
575 3.034699e-08 4.348417e-02 4.544324e+00
576 3.119277e-08 2.787022e-02 3.386900e+00
577 2.995122e-08 3.980257e-02 3.391893e+00
578 3.015703e-08 6.871441e-03 3.527641e+00
579 3.110485e-08 3.142963e-02 3.463792e+00
580 3.628710e-08 1.666059e-01 3.446894e+00
581 2.710388e-08 2.530711e-01 3.431213e+00
582 1.953108e-08 2.793991e-01 3.438956e+00
583 3.012747e-08 5.425397e-01 3.359634e+00
584 2.286548e-08 2.410422e-01 3.424485e+00
585 1.854386e-08 1.890018e-01 3.447861e+00
586 2.006315e-08 8.192949e-02 3.543667e+00
587 2.113827e-08 5.358678e-02 3.640032e+00
588 2.155965e-08 1.993447e-02 3.705786e+00
589 1.765833e-08 1.809546e-01 3.431885e+00
590 2.017967e-08 1.427848e-01 3.384029e+00
591 1.739173e-08 1.381561e-01 3.400203e+00
592 2.063863e-08 1.866925e-01 3.368541e+00
593 1.479238e-08 2.832675e-01 3.360240e+00
594 1.972882e-08 3.337148e-01 3.551139e+00
595 2.443895e-08 2.387439e-01 3.471637e+00
596 1.944825e-08 2.042110e-01 3.535242e+00
597 2.787893e-08 4.334933e-01 3.392364e+00
598 1.936876e-08 3.052546e-01 3.943602e+00
599 1.795118e-08 7.318916e-02 4.449625e+00
600 1.831263e-08 2.013536e-02 3.294623e+00
601 1.642837e-08 1.028942e-01 3.335894e+00
602 1.394721e-08 1.510287e-01 3.512092e+00
603 1.694061e-08 2.146238e-01 3.439908e+00
604 1.791702e-08 5.763706e-02 3.431057e+00
605 1.729609e-08 3.465614e-02 3.455033e+00
606 1.277949e-08 2.611343e-01 3.551523e+00
607 1.580729e-08 2.369271e-01 3.511204e+00
608 1.310335e-08 1.710568e-01 3.464386e+00
609 1.683958e-08 2.851360e-01 3.519244e+00
610 1.281024e-08 2.392783e-01 3.623612e+00
611 1.619152e-08 2.639520e-01 3.512692e+00
612 1.152433e-08 2.882491e-01 3.406716e+00
613 1.544195e-08 3.399431e-01 3.343868e+00
614 9.564444e-09 3.806193e-01 3.440046e+00
615 1.467657e-08 5.344929e-01 3.311569e+00
616 9.231465e-09 3.710068e-01 3.288087e+00
617 1.344528e-08 4.564626e-01 3.495101e+00
618 9.353482e-09 3.043298e-01 3.392218e+00
619 1.069455e-08 1.433767e-01 3.423435e+00
620 1.102763e-08 3.114465e-02 3.429633e+00
621 1.091773e-08 9.965722e-03 3.392698e+00
622 1.034614e-08 5.235426e-02 3.438992e+00
623 9.339743e-09 9.727305e-02 3.375930e+00
624 8.117897e-09 1.308223e-01 3.375733e+00
625 7.506927e-09 7.526207e-02 3.311895e+00
626 8.881104e-09 1.830545e-01 3.455602e+00
627 8.441478e-09 4.950130e-02 3.375810e+00
628 7.300081e-09 1.352129e-01 3.352008e+00
629 8.261872e-09 1.317508e-01 3.296246e+00
630 6.860599e-09 1.696072e-01 3.407152e+00
631 7.368176e-09 7.398437e-02 3.303432e+00
632 6.277472e-09 1.480290e-01 3.264624e+00
633 6.515726e-09 3.795381e-02 3.391089e+00
634 5.390700e-09 1.726632e-01 3.424234e+00
635 4.291493e-09 2.039079e-01 3.487951e+00
636 5.636825e-09 3.134881e-01 3.376296e+00
637 4.862847e-09 1.373075e-01 3.422769e+00
638 6.377828e-09 3.115420e-01 3.351436e+00
639 3.980751e-09 3.758453e-01 3.351608e+00
640 5.223427e-09 3.121710e-01 3.304472e+00
641 5.645111e-09 8.072939e-02 3.447478e+00
642 4.853668e-09 1.401997e-01 3.303471e+00
643 5.022991e-09 3.488562e-02 3.471579e+00
644 3.646008e-09 2.741361e-01 3.343774e+00
645 4.562411e-09 2.513441e-01 3.595802e+00
646 3.851376e-09 1.558463e-01 3.655115e+00
647 4.453630e-09 1.563739e-01 3.573614e+00
648 3.550988e-09 2.026756e-01 3.399262e+00
649 4.914971e-09 3.841136e-01 3.207297e+00
650 3.170536e-09 3.549228e-01 3.207183e+00
651 4.300666e-09 3.564475e-01 3.213528e+00
652 3.993309e-09 7.146716e-02 3.196616e+00
653 4.443578e-09 1.127557e-01 3.174848e+00
654 3.034780e-09 3.170413e-01 3.063839e+00
655 4.338546e-09 4.296081e-01 3.239877e+00
656 3.252008e-09 2.504382e-01 3.359971e+00
657 4.269511e-09 3.128843e-01 3.399319e+00
658 3.090448e-09 2.761586e-01 3.759702e+00
659 3.849510e-09 2.456154e-01 3.935472e+00
660 3.359660e-09 1.272499e-01 3.159799e+00
661 3.233903e-09 3.743142e-02 3.175312e+00
662 3.397106e-09 5.046626e-02 3.367805e+00
663 2.766564e-09 1.856116e-01 3.432106e+00
664 3.415505e-09 2.345658e-01 3.496217e+00
665 4.079024e-09 1.942668e-01 3.335479e+00
666 2.986261e-09 2.678983e-01 3.359340e+00
667 2.417845e-09 1.903437e-01 3.311084e+00
668 2.268063e-09 6.194863e-02 3.432067e+00
669 2.969786e-09 3.093930e-01 3.368006e+00
670 2.264067e-09 2.376328e-01 3.511072e+00
671 2.583436e-09 1.410597e-01 3.551980e+00
672 2.635713e-09 2.023561e-02 3.453575e+00
673 3.223765e-09 2.231094e-01 3.288051e+00
674 2.078899e-09 3.551334e-01 3.262739e+00
675 2.583918e-09 2.429266e-01 3.366980e+00
676 2.191586e-09 1.518362e-01 3.303829e+00
677 2.450446e-09 1.181154e-01 3.327992e+00
678 1.752401e-09 2.848646e-01 3.343494e+00
679 2.017039e-09 1.510145e-01 3.239479e+00
680 1.989503e-09 1.365168e-02 3.286741e+00
681 1.721501e-09 1.347080e-01 3.144699e+00
682 1.721372e-09 7.474574e-05 3.342814e+00
683 1.496919e-09 1.303917e-01 3.472304e+00
684 1.432733e-09 4.287924e-02 3.586635e+00
685 1.242080e-09 1.330695e-01 3.287657e+00
686 1.135606e-09 8.572187e-02 3.352240e+00
687 1.661759e-09 4.633237e-01 3.383768e+00
688 1.170336e-09 2.957245e-01 3.407532e+00
689 1.150400e-09 1.703503e-02 3.251745e+00
690 1.061950e-09 7.688606e-02 3.343889e+00
691 1.061990e-09 3.763645e-05 3.319766e+00
692 1.088055e-09 2.454317e-02 3.311236e+00
693 1.158326e-09 6.458419e-02 3.240254e+00
694 1.255399e-09 8.380469e-02 3.391629e+00
695 1.165598e-09 7.153163e-02 3.487752e+00
696 1.148042e-09 1.506185e-02 3.383257e+00
697 1.371225e-09 1.944031e-01 3.375655e+00
698 7.140940e-10 4.792291e-01 3.414494e+00
699 8.666888e-10 2.136901e-01 3.423739e+00
700 1.086463e-09 2.535793e-01 3.343397e+00
701 1.043110e-09 3.990266e-02 3.351877e+00
702 7.722317e-10 2.596836e-01 3.335501e+00
703 1.050777e-09 3.607013e-01 3.454167e+00
704 7.007623e-10 3.331006e-01 3.302461e+00
705 8.962029e-10 2.788971e-01 3.144339e+00
706 6.265403e-10 3.008946e-01 3.295529e+00
707 8.209865e-10 3.103491e-01 3.199822e+00
708 8.378656e-10 2.055948e-02 3.303454e+00
709 9.970327e-10 1.899674e-01 3.383265e+00
710 4.703916e-10 5.282084e-01 3.423038e+00
711 5.909998e-10 2.563995e-01 3.349048e+00
712 8.219586e-10 3.907934e-01 3.392137e+00
713 6.141964e-10 2.527649e-01 3.327602e+00
714 4.453772e-10 2.748619e-01 3.319926e+00
715 5.810443e-10 3.046118e-01 3.263847e+00
716 6.368652e-10 9.606996e-02 3.215505e+00
717 4.812778e-10 2.443020e-01 3.256198e+00
718 5.013403e-10 4.168592e-02 3.527520e+00
719 4.125997e-10 1.770067e-01 3.479853e+00
720 5.751627e-10 3.939968e-01 3.455381e+00
721 4.157042e-10 2.772406e-01 3.287917e+00
722 4.795927e-10 1.536873e-01 3.303478e+00
723 3.906305e-10 1.854953e-01 3.231978e+00
724 4.795565e-10 2.276473e-01 3.247899e+00
725 3.693942e-10 2.297171e-01 3.334901e+00
726 4.988591e-10 3.504789e-01 3.184503e+00
727 4.460724e-10 1.058148e-01 3.231344e+00
728 3.038650e-10 3.187988e-01 3.287750e+00
729 3.525407e-10 1.601883e-01 3.270482e+00
730 3.314116e-10 5.993379e-02 3.175724e+00
731 3.970948e-10 1.981923e-01 3.215290e+00
732 3.382290e-10 1.482412e-01 3.256179e+00
733 3.629130e-10 7.298024e-02 3.280147e+00
734 4.254939e-10 1.724403e-01 3.203241e+00
735 4.138453e-10 2.737659e-02 3.215608e+00
736 2.539463e-10 3.863738e-01 3.295908e+00
737 3.644454e-10 4.351276e-01 3.167373e+00
738 2.392843e-10 3.434290e-01 3.080448e+00
739 3.444514e-10 4.395070e-01 3.055177e+00
740 2.099239e-10 3.905559e-01 3.079945e+00
741 3.112893e-10 4.828678e-01 3.240458e+00
742 2.111918e-10 3.215577e-01 3.255158e+00
743 2.922418e-10 3.837740e-01 3.159934e+00
744 2.131442e-10 2.706581e-01 3.215250e+00
745 2.874848e-10 3.487810e-01 3.120122e+00
746 2.136248e-10 2.569180e-01 3.232148e+00
747 2.284538e-10 6.941623e-02 3.159079e+00
748 2.186522e-10 4.290409e-02 3.231904e+00
749 2.023547e-10 7.453627e-02 3.343467e+00
750 2.031523e-10 3.941516e-03 3.446716e+00
751 2.014732e-10 8.265235e-03 3.000786e+00
752 2.080440e-10 3.261404e-02 3.039805e+00
753 2.079007e-10 6.889397e-04 2.991963e+00
754 1.884279e-10 9.366374e-02 3.103872e+00
755 1.318731e-10 3.001406e-01 3.136096e+00
756 1.797570e-10 3.631061e-01 3.151864e+00
757 1.392763e-10 2.251970e-01 3.068486e+00
758 2.270848e-10 6.304631e-01 3.071937e+00
759 1.315862e-10 4.205416e-01 3.000276e+00
760 1.931225e-10 4.676504e-01 3.119917e+00
761 1.185816e-10 3.859774e-01 3.111872e+00
762 1.505103e-10 2.692550e-01 3.063727e+00
763 1.696147e-10 1.269308e-01 3.133804e+00
764 1.865544e-10 9.987217e-02 3.151808e+00
765 1.025746e-10 4.501626e-01 3.200717e+00
766 1.677236e-10 6.351376e-01 3.087880e+00
767 1.029794e-10 3.860173e-01 3.152165e+00
768 1.356332e-10 3.170903e-01 3.046554e+00
769 1.060477e-10 2.181284e-01 3.184018e+00
770 1.433935e-10 3.521602e-01 3.430734e+00
771 9.580337e-11 3.318850e-01 2.927558e+00
