1 9.797534e-01 1.000000e+00 3.655999e+00
2 9.696295e-01 1.033306e-02 3.783589e+00
3 9.033858e-01 6.831855e-02 3.687501e+00
4 8.670899e-01 4.017762e-02 4.367990e+00
5 8.250518e-01 4.848181e-02 3.735331e+00
6 7.879928e-01 4.491719e-02 4.233944e+00
7 7.789129e-01 1.152287e-02 4.039469e+00
8 7.554701e-01 3.009682e-02 3.959464e+00
9 7.399960e-01 2.048279e-02 3.632349e+00
10 7.011107e-01 5.254798e-02 3.598978e+00
11 6.935884e-01 1.072912e-02 3.592105e+00
12 6.665672e-01 3.895854e-02 3.623494e+00
13 5.028095e-01 2.456732e-01 3.560200e+00
14 4.156936e-01 1.732582e-01 3.655472e+00
15 4.031783e-01 3.010706e-02 3.719690e+00
16 3.963651e-01 1.689888e-02 3.908504e+00
17 3.483921e-01 1.210322e-01 3.855253e+00
18 3.352426e-01 3.774353e-02 3.751236e+00
19 3.131844e-01 6.579760e-02 4.216058e+00
20 3.049484e-01 2.629762e-02 3.863970e+00
21 3.022958e-01 8.698623e-03 3.559074e+00
22 2.901221e-01 4.027088e-02 3.559555e+00
23 2.454137e-01 1.541018e-01 3.760566e+00
24 2.389114e-01 2.649519e-02 3.615614e+00
25 2.160710e-01 9.560226e-02 3.638976e+00
26 2.118899e-01 1.935062e-02 3.807834e+00
27 2.025309e-01 4.416913e-02 3.823895e+00
28 1.933778e-01 4.519326e-02 4.022535e+00
29 1.656711e-01 1.432775e-01 3.767638e+00
30 1.579464e-01 4.662724e-02 3.615038e+00
31 1.446167e-01 8.439373e-02 3.552060e+00
32 1.360288e-01 5.938366e-02 3.799755e+00
33 1.343080e-01 1.265001e-02 3.631071e+00
34 1.274564e-01 5.101464e-02 3.567677e+00
35 1.112054e-01 1.275018e-01 3.583165e+00
36 9.736394e-02 1.244679e-01 3.604669e+00
37 8.510704e-02 1.258875e-01 3.719086e+00
38 8.555893e-02 5.309692e-03 3.623694e+00
39 7.899060e-02 7.676964e-02 3.701151e+00
40 7.162633e-02 9.322970e-02 3.549734e+00
41 6.875788e-02 4.004745e-02 3.527373e+00
42 6.556525e-02 4.643300e-02 3.607996e+00
43 6.302047e-02 3.881294e-02 3.479028e+00
44 6.316433e-02 2.282741e-03 3.487902e+00
45 6.116673e-02 3.162544e-02 3.503807e+00
46 6.074265e-02 6.933187e-03 3.463661e+00
47 5.430287e-02 1.060173e-01 3.471933e+00
48 5.131276e-02 5.506367e-02 3.520074e+00
49 4.903825e-02 4.432626e-02 3.550885e+00
50 4.900005e-02 7.791612e-04 3.488456e+00
51 4.651001e-02 5.081695e-02 3.567990e+00
52 4.322495e-02 7.063134e-02 3.599127e+00
53 4.291078e-02 7.268294e-03 3.664267e+00
54 4.201579e-02 2.085688e-02 3.440301e+00
55 3.653975e-02 1.303330e-01 3.535758e+00
56 3.549180e-02 2.867974e-02 3.559268e+00
57 3.499687e-02 1.394494e-02 3.463518e+00
58 3.583084e-02 2.383002e-02 3.536221e+00
59 3.495084e-02 2.455997e-02 3.495839e+00
60 3.267209e-02 6.519875e-02 3.511121e+00
61 3.353243e-02 2.633269e-02 3.584305e+00
62 3.318849e-02 1.025701e-02 3.799198e+00
63 3.080848e-02 7.171194e-02 3.746710e+00
64 3.069834e-02 3.575052e-03 3.423811e+00
65 2.922646e-02 4.794653e-02 3.486377e+00
66 2.670834e-02 8.615887e-02 3.391946e+00
67 2.602073e-02 2.574507e-02 3.495945e+00
68 2.648075e-02 1.767915e-02 3.471178e+00
69 2.589100e-02 2.227107e-02 3.456369e+00
70 2.580185e-02 3.443143e-03 3.438934e+00
71 2.551268e-02 1.120736e-02 3.399779e+00
72 2.500631e-02 1.984776e-02 3.488030e+00
73 2.422963e-02 3.105928e-02 3.511443e+00
74 2.438198e-02 6.287739e-03 3.655673e+00
75 2.433147e-02 2.071606e-03 4.062349e+00
76 2.425179e-02 3.275109e-03 3.511576e+00
77 2.386554e-02 1.592659e-02 3.447476e+00
78 2.416232e-02 1.243576e-02 3.495521e+00
79 2.310391e-02 4.380423e-02 3.479801e+00
80 2.462722e-02 6.593308e-02 3.752132e+00
81 2.302492e-02 6.506223e-02 3.486573e+00
82 2.001803e-02 1.305931e-01 3.495477e+00
83 2.452779e-02 2.252853e-01 3.615999e+00
84 1.767921e-02 2.792170e-01 3.407486e+00
85 2.032486e-02 1.496472e-01 3.596374e+00
86 2.747773e-02 3.519272e-01 3.543732e+00
87 2.185135e-02 2.047613e-01 3.885032e+00
88 1.782474e-02 1.842730e-01 3.566856e+00
89 2.010193e-02 1.277543e-01 3.440033e+00
90 1.693279e-02 1.576536e-01 3.527177e+00
91 1.600136e-02 5.500695e-02 3.440145e+00
92 1.586977e-02 8.223967e-03 3.422808e+00
93 1.645287e-02 3.674285e-02 3.471912e+00
94 1.596842e-02 2.944458e-02 3.423208e+00
95 1.480774e-02 7.268621e-02 3.400051e+00
96 1.475527e-02 3.543619e-03 3.463426e+00
97 1.329698e-02 9.883141e-02 3.695776e+00
98 1.779473e-02 3.382531e-01 3.653490e+00
99 1.193714e-02 3.291755e-01 3.479197e+00
100 1.113501e-02 6.719575e-02 3.391839e+00
101 1.140869e-02 2.457772e-02 3.360086e+00
102 1.071088e-02 6.116489e-02 3.343513e+00
103 1.066676e-02 4.118816e-03 3.448167e+00
104 1.034201e-02 3.044546e-02 3.503443e+00
105 9.759169e-03 5.635619e-02 3.416029e+00
106 1.013881e-02 3.890103e-02 3.383084e+00
107 9.430596e-03 6.985192e-02 3.391854e+00
108 1.764220e-02 8.707413e-01 3.430711e+00
109 1.292665e-02 2.672881e-01 3.670410e+00
110 1.039790e-02 1.956233e-01 3.719589e+00
111 8.629915e-03 1.700328e-01 3.519216e+00
112 8.893043e-03 3.049023e-02 3.543851e+00
113 9.642178e-03 8.423838e-02 3.455741e+00
114 8.175453e-03 1.521156e-01 3.424262e+00
115 8.483551e-03 3.768579e-02 3.487321e+00
116 9.072891e-03 6.946855e-02 3.520103e+00
117 9.970999e-03 9.898803e-02 3.646834e+00
118 7.709035e-03 2.268543e-01 3.487769e+00
119 1.030604e-02 3.368781e-01 3.568001e+00
120 7.460589e-03 2.760954e-01 3.679175e+00
121 8.736139e-03 1.709717e-01 3.568188e+00
122 6.875626e-03 2.129674e-01 3.687260e+00
123 7.349886e-03 6.897703e-02 3.382943e+00
124 7.201419e-03 2.020000e-02 3.559520e+00
125 6.588316e-03 8.513639e-02 3.504202e+00
126 6.964729e-03 5.713344e-02 3.478761e+00
127 6.523337e-03 6.337532e-02 3.440491e+00
128 6.891068e-03 5.637168e-02 3.447254e+00
129 5.997368e-03 1.296898e-01 3.527968e+00
130 6.033060e-03 5.951386e-03 3.463570e+00
131 5.618683e-03 6.868438e-02 3.448230e+00
132 5.804703e-03 3.310733e-02 3.519282e+00
133 6.473265e-03 1.151759e-01 3.697033e+00
134 5.447907e-03 1.583989e-01 3.438220e+00
135 5.933702e-03 8.917101e-02 3.501131e+00
136 7.083631e-03 1.937963e-01 3.568203e+00
137 7.163106e-03 1.121945e-02 3.400244e+00
138 6.951390e-03 2.955644e-02 3.463441e+00
139 6.851170e-03 1.441730e-02 3.535114e+00
140 5.768735e-03 1.579926e-01 3.478975e+00
141 5.777094e-03 1.449040e-03 3.463479e+00
142 6.186641e-03 7.089151e-02 3.480183e+00
143 7.652151e-03 2.368829e-01 3.455256e+00
144 5.360604e-03 2.994644e-01 3.847171e+00
145 6.291056e-03 1.735723e-01 3.623156e+00
146 5.174124e-03 1.775428e-01 3.687599e+00
147 4.979859e-03 3.754551e-02 3.485309e+00
148 4.950555e-03 5.884489e-03 3.560389e+00
149 5.335248e-03 7.770701e-02 3.470892e+00
150 5.122214e-03 3.992948e-02 3.479264e+00
151 4.847687e-03 5.359547e-02 3.439744e+00
152 4.853437e-03 1.186242e-03 3.415954e+00
153 4.925542e-03 1.485651e-02 3.544883e+00
154 4.805163e-03 2.443986e-02 3.455331e+00
155 4.813755e-03 1.788029e-03 3.400061e+00
156 4.826192e-03 2.583775e-03 3.431231e+00
157 4.884833e-03 1.215046e-02 3.407755e+00
158 4.865410e-03 3.976162e-03 3.431479e+00
159 4.728166e-03 2.820802e-02 3.439019e+00
160 4.649132e-03 1.671559e-02 3.464308e+00
161 4.425794e-03 4.803871e-02 3.407510e+00
162 4.314252e-03 2.520279e-02 3.511442e+00
163 4.242358e-03 1.666420e-02 3.496067e+00
164 4.222277e-03 4.733391e-03 3.472046e+00
165 4.203625e-03 4.417630e-03 3.543726e+00
166 4.296056e-03 2.198851e-02 3.479950e+00
167 4.167827e-03 2.984815e-02 3.559799e+00
168 4.638704e-03 1.129791e-01 3.478932e+00
169 4.748727e-03 2.371841e-02 3.957880e+00
170 4.352915e-03 8.335109e-02 3.511854e+00
171 3.999809e-03 8.111943e-02 3.613972e+00
172 3.999979e-03 4.239814e-05 3.495023e+00
173 3.970031e-03 7.486990e-03 3.503792e+00
174 3.851694e-03 2.980758e-02 3.487967e+00
175 3.870087e-03 4.775248e-03 3.559010e+00
176 5.992585e-03 5.484369e-01 3.543568e+00
177 3.910944e-03 3.473694e-01 3.448334e+00
178 3.954190e-03 1.105755e-02 3.454165e+00
179 3.449081e-03 1.277403e-01 3.520186e+00
180 3.783110e-03 9.684579e-02 3.479990e+00
181 3.112759e-03 1.771956e-01 3.719406e+00
182 3.103963e-03 2.825796e-03 3.819613e+00
183 2.741101e-03 1.169030e-01 3.495252e+00
184 2.735248e-03 2.135043e-03 3.431924e+00
185 2.663090e-03 2.638107e-02 3.471995e+00
186 2.846633e-03 6.892138e-02 3.399662e+00
187 2.698076e-03 5.218715e-02 3.559506e+00
188 2.668299e-03 1.103610e-02 3.447755e+00
189 2.555968e-03 4.209858e-02 3.495681e+00
190 2.410692e-03 5.683782e-02 3.431735e+00
191 2.338115e-03 3.010646e-02 3.463340e+00
192 1.782344e-03 2.377004e-01 3.415985e+00
193 2.274267e-03 2.759978e-01 3.495423e+00
194 2.299057e-03 1.090033e-02 3.464421e+00
195 2.322849e-03 1.034841e-02 3.687230e+00
196 1.707525e-03 2.649007e-01 3.747226e+00
197 1.633822e-03 4.316366e-02 3.495973e+00
198 1.179679e-03 2.779632e-01 3.431268e+00
199 1.164368e-03 1.297935e-02 3.559595e+00
200 9.695839e-04 1.672873e-01 3.472282e+00
201 9.198450e-04 5.129922e-02 3.495379e+00
202 9.218373e-04 2.165869e-03 3.455598e+00
203 1.151457e-03 2.490891e-01 3.471975e+00
204 1.044898e-03 9.254272e-02 3.447837e+00
205 9.772378e-04 6.475288e-02 3.454956e+00
206 9.114583e-04 6.731166e-02 3.576446e+00
207 1.564528e-03 7.165111e-01 3.575360e+00
208 1.313006e-03 1.607653e-01 3.832039e+00
209 1.018479e-03 2.243155e-01 3.703344e+00
210 9.082968e-04 1.081828e-01 3.487424e+00
211 8.852393e-04 2.538542e-02 3.472174e+00
212 8.519748e-04 3.757681e-02 3.479199e+00
213 8.144778e-04 4.401179e-02 3.487676e+00
214 9.923207e-04 2.183520e-01 3.528114e+00
215 8.752075e-04 1.180195e-01 3.511827e+00
216 8.879913e-04 1.460660e-02 3.399123e+00
217 8.476348e-04 4.544695e-02 3.472143e+00
218 7.383746e-04 1.289001e-01 3.527784e+00
219 7.635698e-04 3.412256e-02 3.655671e+00
220 6.929485e-04 9.248827e-02 3.663600e+00
221 6.661569e-04 3.866324e-02 3.479953e+00
222 6.487549e-04 2.612296e-02 3.551174e+00
223 6.962523e-04 7.321311e-02 3.416508e+00
224 6.033814e-04 1.333868e-01 3.487553e+00
225 5.818593e-04 3.566916e-02 3.519182e+00
226 6.674015e-04 1.470153e-01 3.551737e+00
227 7.385542e-04 1.066114e-01 3.575828e+00
228 5.944972e-04 1.950527e-01 3.495006e+00
229 5.695222e-04 4.201037e-02 3.471464e+00
230 5.378024e-04 5.569548e-02 3.703882e+00
231 4.967345e-04 7.636234e-02 3.614379e+00
232 6.757545e-04 3.603936e-01 3.414759e+00
233 6.258666e-04 7.382536e-02 3.463436e+00
234 5.970781e-04 4.599789e-02 3.447777e+00
235 5.716614e-04 4.256845e-02 3.471673e+00
236 5.514790e-04 3.530484e-02 3.527524e+00
237 5.175501e-04 6.152340e-02 3.511951e+00
238 5.121031e-04 1.052465e-02 3.527547e+00
239 5.080530e-04 7.908692e-03 3.503622e+00
240 4.951325e-04 2.543139e-02 3.510780e+00
241 4.566274e-04 7.776734e-02 3.751481e+00
242 4.583457e-04 3.763055e-03 3.910362e+00
243 4.617090e-04 7.337954e-03 3.723490e+00
244 4.514839e-04 2.214617e-02 3.495574e+00
245 4.279196e-04 5.219304e-02 3.456016e+00
246 4.225681e-04 1.250586e-02 3.503143e+00
247 4.039804e-04 4.398753e-02 3.463796e+00
248 3.845357e-04 4.813283e-02 3.480612e+00
249 4.305480e-04 1.196570e-01 3.431321e+00
250 3.915338e-04 9.061528e-02 3.519517e+00
251 3.799971e-04 2.946533e-02 3.455403e+00
252 3.780494e-04 5.125619e-03 3.912572e+00
253 3.722562e-04 1.532399e-02 3.645423e+00
254 3.803169e-04 2.165366e-02 3.759660e+00
255 3.890359e-04 2.292564e-02 3.471644e+00
256 3.573101e-04 8.154973e-02 3.584252e+00
257 3.563726e-04 2.623848e-03 3.582037e+00
258 3.368741e-04 5.471394e-02 3.582644e+00
259 3.293721e-04 2.226937e-02 3.440109e+00
260 3.282072e-04 3.536712e-03 3.631652e+00
261 3.251665e-04 9.264433e-03 3.416104e+00
262 3.178573e-04 2.247845e-02 3.493494e+00
263 3.129731e-04 1.536588e-02 3.543716e+00
264 3.129141e-04 1.887183e-04 3.600578e+00
265 3.333996e-04 6.546681e-02 3.558775e+00
266 3.166396e-04 5.026983e-02 3.391892e+00
267 3.093765e-04 2.293808e-02 3.576208e+00
268 3.050349e-04 1.403361e-02 3.335180e+00
269 2.973072e-04 2.533368e-02 3.448624e+00
270 2.959031e-04 4.722805e-03 3.439701e+00
271 2.992294e-04 1.124119e-02 3.575161e+00
272 2.941052e-04 1.712443e-02 3.398994e+00
273 2.911138e-04 1.017141e-02 3.415986e+00
274 2.888197e-04 7.880349e-03 3.519594e+00
275 2.949368e-04 2.117947e-02 3.414981e+00
276 2.889988e-04 2.013295e-02 3.416199e+00
277 2.885575e-04 1.526977e-03 3.447452e+00
278 2.860130e-04 8.818002e-03 3.464566e+00
279 2.812863e-04 1.652612e-02 3.408213e+00
280 2.826045e-04 4.686158e-03 3.480036e+00
281 2.805708e-04 7.196150e-03 3.414242e+00
282 2.784809e-04 7.448752e-03 3.520428e+00
283 2.809953e-04 9.028880e-03 3.575450e+00
284 2.777340e-04 1.160629e-02 3.607982e+00
285 2.753703e-04 8.510688e-03 3.759496e+00
286 2.738897e-04 5.376718e-03 3.398863e+00
287 2.744928e-04 2.202165e-03 3.416222e+00
288 2.727711e-04 6.272532e-03 3.391853e+00
289 2.735590e-04 2.888493e-03 3.647576e+00
290 2.716268e-04 7.062926e-03 3.431483e+00
291 2.714867e-04 5.158989e-04 3.464132e+00
292 2.712339e-04 9.309720e-04 3.407024e+00
293 2.704186e-04 3.006089e-03 3.429760e+00
294 2.717807e-04 5.037097e-03 3.464309e+00
295 2.703399e-04 5.301391e-03 3.743574e+00
296 2.700172e-04 1.193595e-03 4.184171e+00
297 2.692977e-04 2.664797e-03 3.327257e+00
298 2.696443e-04 1.287015e-03 3.407857e+00
299 2.692090e-04 1.614310e-03 3.557571e+00
300 2.697555e-04 2.030021e-03 3.415808e+00
301 2.690546e-04 2.598175e-03 3.416370e+00
302 2.691982e-04 5.335097e-04 3.342157e+00
303 2.686127e-04 2.174865e-03 3.360004e+00
304 2.684720e-04 5.238285e-04 3.367669e+00
305 2.683575e-04 4.264546e-04 3.495965e+00
306 2.681783e-04 6.675561e-04 3.455588e+00
307 2.681711e-04 2.694915e-05 4.215566e+00
308 2.684200e-04 9.281259e-04 4.022329e+00
309 2.680375e-04 1.424920e-03 3.423694e+00
310 2.678635e-04 6.494461e-04 3.319386e+00
311 2.676937e-04 6.336379e-04 3.352523e+00
312 2.677628e-04 2.579047e-04 3.823275e+00
313 2.676999e-04 2.347535e-04 3.487162e+00
314 2.675727e-04 4.750681e-04 3.495337e+00
315 2.673467e-04 8.447963e-04 3.367872e+00
316 2.674131e-04 2.484175e-04 3.447132e+00
317 2.671821e-04 8.639084e-04 3.535795e+00
318 2.673390e-04 5.872064e-04 3.551674e+00
319 2.672703e-04 2.570589e-04 4.271927e+00
320 2.670129e-04 9.628468e-04 3.874694e+00
321 2.669319e-04 3.036110e-04 3.415721e+00
322 2.669233e-04 3.197885e-05 3.431765e+00
323 2.668376e-04 3.211173e-04 3.440128e+00
324 2.672346e-04 1.487910e-03 3.423807e+00
325 2.668116e-04 1.583010e-03 3.511884e+00
326 2.668532e-04 1.559156e-04 3.383747e+00
327 2.667130e-04 5.254289e-04 3.535797e+00
328 2.667331e-04 7.529412e-05 3.487175e+00
329 2.666897e-04 1.627136e-04 3.368516e+00
330 2.665609e-04 4.827243e-04 3.311136e+00
331 2.665751e-04 5.322947e-05 3.447297e+00
332 2.664843e-04 3.405697e-04 3.359289e+00
333 2.664839e-04 1.540181e-06 3.432049e+00
334 2.664672e-04 6.279226e-05 3.431144e+00
335 2.664721e-04 1.850079e-05 3.472099e+00
336 2.663976e-04 2.797574e-04 3.422981e+00
337 2.663693e-04 1.062482e-04 3.415274e+00
338 2.664822e-04 4.238933e-04 3.375712e+00
339 2.663026e-04 6.739447e-04 3.416214e+00
340 2.663749e-04 2.714471e-04 3.438753e+00
341 2.662708e-04 3.906634e-04 3.328149e+00
342 2.663296e-04 2.209240e-04 3.456208e+00
343 2.662545e-04 2.821787e-04 3.279400e+00
344 2.662027e-04 1.943952e-04 3.407709e+00
345 2.661894e-04 4.992811e-05 3.495065e+00
346 2.661981e-04 3.257799e-05 3.384338e+00
347 2.661462e-04 1.947997e-04 3.399347e+00
348 2.661580e-04 4.407229e-05 3.415949e+00
349 2.661294e-04 1.074254e-04 3.399660e+00
350 2.661331e-04 1.407935e-05 3.383911e+00
351 2.661190e-04 5.308884e-05 3.399701e+00
352 2.660869e-04 1.207766e-04 3.319580e+00
353 2.661059e-04 7.147536e-05 3.296193e+00
354 2.660785e-04 1.029206e-04 3.359729e+00
355 2.660656e-04 4.856686e-05 3.383444e+00
356 2.660733e-04 2.907191e-05 3.391601e+00
357 2.660637e-04 3.613637e-05 3.368219e+00
358 2.660404e-04 8.748303e-05 3.319053e+00
359 2.660745e-04 1.281521e-04 3.405337e+00
360 2.660750e-04 2.034357e-06 3.391131e+00
361 2.660389e-04 1.356834e-04 3.447689e+00
362 2.660507e-04 4.405892e-05 3.295802e+00
363 2.660213e-04 1.102038e-04 3.439250e+00
364 2.660201e-04 4.783886e-06 3.303466e+00
365 2.660119e-04 3.064807e-05 3.495073e+00
366 2.660093e-04 9.735112e-06 3.496241e+00
367 2.660087e-04 2.394261e-06 3.343341e+00
368 2.660074e-04 4.783679e-06 3.501172e+00
369 2.660003e-04 2.677930e-05 3.384066e+00
370 2.659965e-04 1.418295e-05 3.462708e+00
371 2.659955e-04 3.770785e-06 3.408527e+00
372 2.659847e-04 4.068088e-05 3.390946e+00
373 2.659921e-04 2.778200e-05 3.391893e+00
374 2.659750e-04 6.413014e-05 3.311996e+00
375 2.659681e-04 2.595183e-05 3.351326e+00
376 2.659688e-04 2.480715e-06 3.384029e+00
377 2.659682e-04 2.367676e-06 3.296014e+00
378 2.659638e-04 1.636213e-05 3.527529e+00
379 2.659637e-04 2.659592e-07 3.303422e+00
380 2.659652e-04 5.440948e-06 3.223647e+00
381 2.659623e-04 1.082214e-05 3.287789e+00
382 2.659594e-04 1.078920e-05 3.256011e+00
383 2.659608e-04 5.248609e-06 3.239484e+00
384 2.659570e-04 1.450796e-05 3.351322e+00
385 2.659547e-04 8.571243e-06 3.288279e+00
386 2.659543e-04 1.564454e-06 3.168725e+00
387 2.659586e-04 1.640035e-05 3.207568e+00
388 2.659526e-04 2.266471e-05 3.238783e+00
389 2.659525e-04 3.935682e-07 3.559297e+00
390 2.659538e-04 4.847075e-06 3.447370e+00
391 2.659510e-04 1.042559e-05 3.508787e+00
392 2.659508e-04 9.832050e-07 3.231466e+00
393 2.659516e-04 2.969056e-06 3.256184e+00
394 2.659498e-04 6.570333e-06 3.359803e+00
395 2.659500e-04 6.897502e-07 3.311791e+00
396 2.659503e-04 1.253252e-06 3.215893e+00
397 2.659486e-04 6.464160e-06 3.263372e+00
398 2.659480e-04 2.084862e-06 3.319731e+00
399 2.659482e-04 5.918757e-07 3.184176e+00
400 2.659474e-04 3.075136e-06 3.134971e+00
401 2.659480e-04 2.339695e-06 3.255875e+00
402 2.659468e-04 4.562941e-06 3.111707e+00
403 2.659468e-04 1.798712e-08 3.231617e+00
404 2.659467e-04 4.458262e-07 3.247924e+00
405 2.659467e-04 1.043118e-07 3.422291e+00
406 2.659461e-04 2.247072e-06 3.272412e+00
407 2.659457e-04 1.487468e-06 3.183214e+00
408 2.659457e-04 6.387006e-08 3.231398e+00
409 2.659453e-04 1.433530e-06 3.271866e+00
410 2.659449e-04 1.695247e-06 3.087890e+00
411 2.659448e-04 1.746734e-07 3.191899e+00
412 2.659446e-04 9.304400e-07 3.213968e+00
413 2.659447e-04 4.817030e-07 3.216104e+00
414 2.659443e-04 1.670929e-06 3.328337e+00
415 2.659445e-04 6.391532e-07 3.295671e+00
416 2.659451e-04 2.574862e-06 3.463412e+00
417 7.682770e-04 1.888855e+00 3.319591e+00
418 1.832397e-03 1.385073e+00 3.487658e+00
419 7.905675e-04 5.685610e-01 3.422790e+00
420 2.552681e-03 2.228922e+00 3.438179e+00
421 1.485500e-03 4.180626e-01 3.533131e+00
422 9.590289e-04 3.544068e-01 3.463782e+00
423 4.979917e-03 4.192667e+00 3.511653e+00
424 1.864063e-03 6.256839e-01 3.623972e+00
425 1.311851e-03 2.962412e-01 3.528225e+00
426 9.726178e-04 2.585912e-01 3.470375e+00
427 9.552814e-04 1.782446e-02 3.487047e+00
428 5.223220e-03 4.467730e+00 3.560386e+00
429 4.490131e-03 1.403520e-01 3.391712e+00
430 2.135878e-03 5.243172e-01 3.519098e+00
431 1.590716e-03 2.552401e-01 3.464327e+00
432 1.220382e-03 2.328096e-01 3.615472e+00
433 1.023758e-03 1.611166e-01 3.527640e+00
434 9.225007e-04 9.890783e-02 3.503567e+00
435 1.470469e-03 5.940035e-01 4.004022e+00
436 1.257322e-03 1.449518e-01 3.767862e+00
437 3.092041e-03 1.459228e+00 3.510810e+00
438 1.575905e-03 4.903350e-01 3.480058e+00
439 1.185638e-03 2.476468e-01 3.472263e+00
440 1.696153e-03 4.305834e-01 3.447017e+00
441 9.137151e-04 4.613016e-01 3.488360e+00
442 1.257305e-03 3.760362e-01 3.455330e+00
443 1.029607e-03 1.811003e-01 3.471551e+00
444 8.730403e-04 1.520642e-01 3.456214e+00
445 9.462085e-04 8.380855e-02 3.423566e+00
446 7.544650e-04 2.026441e-01 3.647414e+00
447 7.316606e-04 3.022593e-02 3.495994e+00
448 6.838708e-04 6.531689e-02 3.627103e+00
449 5.108663e-04 2.529783e-01 3.447082e+00
450 8.140511e-04 5.934719e-01 3.424690e+00
451 6.399402e-04 2.138820e-01 3.462728e+00
452 4.631784e-04 2.762162e-01 3.424134e+00
453 4.560856e-04 1.531334e-02 3.424186e+00
454 4.453178e-04 2.360911e-02 3.438241e+00
455 5.362173e-04 2.041228e-01 3.416552e+00
456 4.058013e-04 2.432150e-01 3.503229e+00
457 4.308036e-04 6.161239e-02 3.439356e+00
458 4.284830e-04 5.386675e-03 3.471793e+00
459 3.633295e-04 1.520562e-01 3.431594e+00
460 3.652258e-04 5.219057e-03 3.472552e+00
461 4.249696e-04 1.635807e-01 3.447456e+00
462 3.858107e-04 9.214517e-02 3.471285e+00
463 5.701785e-04 4.778710e-01 3.544201e+00
464 4.033399e-04 2.926076e-01 3.519486e+00
465 3.434418e-04 1.485053e-01 3.503358e+00
466 3.192886e-04 7.032679e-02 3.576327e+00
467 3.926809e-04 2.298617e-01 3.731638e+00
468 4.310113e-04 9.761211e-02 3.440095e+00
469 3.054861e-04 2.912341e-01 3.447793e+00
470 3.687544e-04 2.071069e-01 3.503040e+00
471 3.117387e-04 1.546169e-01 3.479078e+00
472 2.959274e-04 5.071981e-02 3.461904e+00
473 3.444843e-04 1.640841e-01 3.455532e+00
474 3.008449e-04 1.266804e-01 3.448275e+00
475 2.881509e-04 4.219445e-02 3.471238e+00
476 2.802369e-04 2.746494e-02 3.455598e+00
477 2.833850e-04 1.123356e-02 3.423782e+00
478 2.789115e-04 1.578590e-02 3.460852e+00
479 2.604137e-04 6.632114e-02 3.407547e+00
480 3.723625e-04 4.298882e-01 3.447885e+00
481 2.690803e-04 2.773700e-01 3.447350e+00
482 2.601401e-04 3.322524e-02 3.624229e+00
483 2.393352e-04 7.997583e-02 3.606860e+00
484 2.569202e-04 7.347455e-02 3.774141e+00
485 2.029129e-04 2.102106e-01 3.463755e+00
486 2.086182e-04 2.811747e-02 3.390916e+00
487 2.055152e-04 1.487442e-02 3.496675e+00
488 1.990524e-04 3.144663e-02 3.518588e+00
489 2.278893e-04 1.448706e-01 3.463100e+00
490 1.853749e-04 1.865573e-01 3.431256e+00
491 1.658072e-04 1.055574e-01 3.422984e+00
492 1.798677e-04 8.480070e-02 3.536285e+00
493 1.648607e-04 8.343391e-02 3.455121e+00
494 1.966722e-04 1.929604e-01 3.632322e+00
495 1.532313e-04 2.208797e-01 3.534984e+00
496 1.750789e-04 1.425790e-01 3.655700e+00
497 1.480623e-04 1.543108e-01 3.384129e+00
498 1.414112e-04 4.492140e-02 3.391643e+00
499 1.555994e-04 1.003328e-01 3.519059e+00
500 1.480250e-04 4.867877e-02 3.423491e+00
501 1.367261e-04 7.633112e-02 3.472220e+00
502 1.620723e-04 1.853796e-01 3.471637e+00
503 1.393784e-04 1.400232e-01 3.503668e+00
504 1.396937e-04 2.262037e-03 3.479864e+00
505 1.289688e-04 7.677444e-02 3.447689e+00
506 1.393109e-04 8.019116e-02 3.711421e+00
507 1.314171e-04 5.666345e-02 3.639569e+00
508 1.161999e-04 1.157934e-01 3.456552e+00
509 1.135616e-04 2.270422e-02 3.558569e+00
510 1.171986e-04 3.202646e-02 3.734020e+00
511 1.235980e-04 5.460254e-02 3.432139e+00
512 1.068976e-04 1.351188e-01 3.463238e+00
513 1.089762e-04 1.944570e-02 3.439141e+00
514 1.148661e-04 5.404680e-02 3.448231e+00
515 1.048758e-04 8.697297e-02 3.439766e+00
516 1.011087e-04 3.591949e-02 3.422279e+00
517 1.001429e-04 9.552174e-03 3.575957e+00
518 9.777818e-05 2.361379e-02 4.224186e+00
519 9.384848e-05 4.018987e-02 3.789759e+00
520 9.976104e-05 6.300111e-02 3.455911e+00
521 9.443744e-05 5.336353e-02 3.472384e+00
522 9.177162e-05 2.822843e-02 3.470976e+00
523 9.683152e-05 5.513575e-02 3.517320e+00
524 9.153579e-05 5.469010e-02 3.487024e+00
525 9.015698e-05 1.506307e-02 3.335852e+00
526 8.697191e-05 3.532802e-02 3.447751e+00
527 9.265464e-05 6.533982e-02 3.511527e+00
528 8.705803e-05 6.040293e-02 3.592127e+00
529 8.813000e-05 1.231331e-02 3.471745e+00
530 8.526192e-05 3.254381e-02 3.439824e+00
531 8.383035e-05 1.679025e-02 3.439714e+00
532 8.377529e-05 6.567997e-04 3.479892e+00
533 8.245475e-05 1.576283e-02 3.479703e+00
534 8.313227e-05 8.216820e-03 3.447032e+00
535 8.351283e-05 4.577719e-03 3.368327e+00
536 8.128926e-05 2.662541e-02 3.462839e+00
537 8.128851e-05 9.218095e-06 3.470739e+00
538 7.999379e-05 1.592751e-02 3.575406e+00
539 7.860634e-05 1.734448e-02 3.327345e+00
540 7.843206e-05 2.217120e-03 3.358991e+00
541 7.892922e-05 6.338779e-03 3.360498e+00
542 7.797533e-05 1.208548e-02 3.447137e+00
543 7.825298e-05 3.560842e-03 3.407757e+00
544 7.877357e-05 6.652648e-03 3.423663e+00
545 7.747852e-05 1.644014e-02 3.440381e+00
546 7.723447e-05 3.149986e-03 3.495713e+00
547 7.698668e-05 3.208303e-03 3.495060e+00
548 7.680811e-05 2.319472e-03 3.439737e+00
549 7.716445e-05 4.639324e-03 3.447942e+00
550 7.769296e-05 6.849203e-03 3.695407e+00
551 7.632890e-05 1.755706e-02 3.727273e+00
552 7.639354e-05 8.468897e-04 3.463937e+00
553 7.606682e-05 4.276835e-03 3.496263e+00
554 7.604305e-05 3.125232e-04 3.519328e+00
555 7.570102e-05 4.497810e-03 3.511708e+00
556 7.539336e-05 4.064156e-03 3.503819e+00
557 7.615322e-05 1.007858e-02 3.462477e+00
558 7.711603e-05 1.264316e-02 3.535563e+00
559 7.516140e-05 2.534671e-02 3.431766e+00
560 7.503756e-05 1.647546e-03 3.503293e+00
561 7.556120e-05 6.978362e-03 3.495871e+00
562 7.503065e-05 7.021471e-03 3.552717e+00
563 7.545872e-05 5.705203e-03 3.640929e+00
564 7.513711e-05 4.262101e-03 3.479653e+00
565 7.481379e-05 4.303000e-03 3.495299e+00
566 7.506635e-05 3.375851e-03 3.407430e+00
567 7.457016e-05 6.609986e-03 3.304449e+00
568 7.505584e-05 6.513058e-03 3.319508e+00
569 7.444808e-05 8.097456e-03 3.368199e+00
570 7.451229e-05 8.624023e-04 3.415289e+00
571 7.431701e-05 2.620696e-03 3.391887e+00
572 7.416392e-05 2.060003e-03 3.399540e+00
573 7.410948e-05 7.340555e-04 3.487424e+00
574 7.412606e-05 2.237160e-04 3.600104e+00
575 7.398276e-05 1.933100e-03 3.511812e+00
576 7.394127e-05 5.608979e-04 3.488212e+00
577 7.403123e-05 1.216677e-03 3.423975e+00
578 7.396464e-05 8.994493e-04 3.383202e+00
579 7.384128e-05 1.667852e-03 3.431535e+00
580 7.379159e-05 6.729305e-04 3.479896e+00
581 7.376216e-05 3.988233e-04 3.423529e+00
582 7.371097e-05 6.940219e-04 3.368069e+00
583 7.390614e-05 2.647803e-03 3.271667e+00
584 7.379825e-05 1.459847e-03 3.367450e+00
585 7.380810e-05 1.334738e-04 3.487910e+00
586 7.367484e-05 1.805443e-03 3.640082e+00
587 7.379705e-05 1.658682e-03 3.638654e+00
588 7.369595e-05 1.369892e-03 3.399574e+00
589 7.367105e-05 3.378644e-04 3.327176e+00
590 7.362521e-05 6.222823e-04 3.256054e+00
591 7.359043e-05 4.723271e-04 3.311554e+00
592 7.358217e-05 1.123303e-04 3.302515e+00
593 7.362703e-05 6.096709e-04 3.328202e+00
594 7.360156e-05 3.458975e-04 3.335669e+00
595 7.357462e-05 3.660808e-04 3.335761e+00
596 7.355384e-05 2.823271e-04 3.319775e+00
597 7.366713e-05 1.540173e-03 3.344342e+00
598 7.356890e-05 1.333455e-03 3.399598e+00
599 7.351839e-05 6.865088e-04 3.327679e+00
600 7.351879e-05 5.455867e-06 3.303768e+00
601 7.351894e-05 2.042595e-06 3.487027e+00
602 7.351127e-05 1.043744e-04 3.336407e+00
603 7.348249e-05 3.915432e-04 3.310890e+00
604 7.342429e-05 7.920346e-04 3.423890e+00
605 7.345909e-05 4.740415e-04 3.463469e+00
606 7.340334e-05 7.589312e-04 3.327904e+00
607 7.343789e-05 4.706729e-04 3.766790e+00
608 7.340208e-05 4.876645e-04 3.327728e+00
609 7.342592e-05 3.247602e-04 3.239587e+00
610 7.338154e-05 6.043999e-04 3.303229e+00
611 7.341598e-05 4.693055e-04 3.399884e+00
612 7.337756e-05 5.233271e-04 3.400624e+00
613 7.340367e-05 3.558520e-04 3.287594e+00
614 7.336177e-05 5.708193e-04 3.398431e+00
615 7.339214e-05 4.139562e-04 3.296008e+00
616 7.335649e-05 4.856843e-04 3.327509e+00
617 7.337650e-05 2.727437e-04 3.488326e+00
618 7.334535e-05 4.244221e-04 3.543220e+00
619 7.338467e-05 5.360176e-04 3.223461e+00
620 7.335078e-05 4.617566e-04 3.359509e+00
621 7.336755e-05 2.285831e-04 3.320508e+00
622 7.333202e-05 4.842251e-04 3.359672e+00
623 7.336303e-05 4.228085e-04 3.374883e+00
624 7.332854e-05 4.701216e-04 3.312121e+00
625 7.336624e-05 5.140961e-04 3.279717e+00
626 7.333263e-05 4.580410e-04 3.455477e+00
627 7.333742e-05 6.529468e-05 3.262919e+00
628 7.331032e-05 3.695574e-04 3.223703e+00
629 7.334568e-05 4.823252e-04 3.479562e+00
630 7.333627e-05 1.282717e-04 3.423475e+00
631 7.337287e-05 4.990893e-04 3.589181e+00
632 7.331034e-05 8.522164e-04 3.294964e+00
633 7.334333e-05 4.499699e-04 3.303902e+00
634 7.331346e-05 4.072786e-04 3.327717e+00
635 7.336621e-05 7.194812e-04 3.287922e+00
636 7.331599e-05 6.843871e-04 3.335832e+00
637 7.334724e-05 4.262143e-04 3.279966e+00
638 7.331746e-05 4.060178e-04 3.407764e+00
639 7.331581e-05 2.251047e-05 3.271856e+00
640 7.330392e-05 1.622319e-04 3.215715e+00
641 7.332786e-05 3.266025e-04 3.415788e+00
642 7.330972e-05 2.473796e-04 3.503331e+00
643 7.329481e-05 2.034141e-04 3.677581e+00
644 7.328837e-05 8.789046e-05 3.335945e+00
645 7.330863e-05 2.764981e-04 3.359930e+00
646 7.330070e-05 1.082224e-04 3.423231e+00
647 7.328300e-05 2.413723e-04 3.408184e+00
648 7.327869e-05 5.881287e-05 3.454262e+00
649 7.328192e-05 4.399327e-05 3.488120e+00
650 7.327286e-05 1.235960e-04 3.383760e+00
651 7.327847e-05 7.650981e-05 3.286986e+00
652 7.326817e-05 1.404336e-04 3.280318e+00
653 7.327434e-05 8.408459e-05 3.367304e+00
654 7.326199e-05 1.684590e-04 3.327186e+00
655 7.326894e-05 9.479913e-05 3.599668e+00
656 7.326142e-05 1.025916e-04 3.343196e+00
657 7.327029e-05 1.210040e-04 3.279899e+00
658 7.325951e-05 1.470615e-04 3.271891e+00
659 7.326650e-05 9.545393e-05 3.319649e+00
660 7.325608e-05 1.422955e-04 3.303364e+00
661 7.326527e-05 1.254178e-04 3.223620e+00
662 7.325409e-05 1.525750e-04 3.304611e+00
663 7.326510e-05 1.503050e-04 3.315450e+00
664 7.325291e-05 1.663483e-04 3.253356e+00
665 7.325963e-05 9.173111e-05 3.240562e+00
666 7.325158e-05 1.099347e-04 3.167131e+00
667 7.325436e-05 3.795659e-05 3.143940e+00
668 7.324905e-05 7.247930e-05 3.111318e+00
669 7.325471e-05 7.725916e-05 3.191843e+00
670 7.324572e-05 1.226454e-04 3.191967e+00
671 7.325809e-05 1.688220e-04 3.719186e+00
672 7.324582e-05 1.673862e-04 3.336176e+00
673 7.324936e-05 4.827034e-05 3.239656e+00
674 7.324552e-05 5.242148e-05 3.263466e+00
675 7.325029e-05 6.516898e-05 3.327930e+00
676 7.324493e-05 7.327959e-05 3.264063e+00
677 7.324550e-05 7.852979e-06 3.271635e+00
678 7.324145e-05 5.524748e-05 3.366821e+00
679 7.324768e-05 8.497339e-05 3.256042e+00
680 7.324191e-05 7.874367e-05 3.087912e+00
681 7.324445e-05 3.472109e-05 3.359491e+00
682 7.324717e-05 3.706462e-05 3.423670e+00
683 7.325066e-05 4.768103e-05 3.451542e+00
684 7.324634e-05 5.894321e-05 3.247258e+00
685 7.324376e-05 3.527281e-05 3.207913e+00
686 7.323845e-05 7.254512e-05 3.279146e+00
687 7.324458e-05 8.374996e-05 3.278089e+00
688 7.324009e-05 6.131306e-05 3.327854e+00
689 7.323835e-05 2.368721e-05 3.327145e+00
690 7.323297e-05 7.344412e-05 3.503854e+00
691 7.322900e-05 5.430295e-05 3.288453e+00
692 7.322762e-05 1.885561e-05 3.311350e+00
693 7.322950e-05 2.574272e-05 3.191085e+00
694 7.322681e-05 3.680485e-05 3.391796e+00
695 7.322621e-05 8.217520e-06 3.311266e+00
696 7.322557e-05 8.634706e-06 3.383941e+00
697 7.322905e-05 4.751280e-05 3.383428e+00
698 7.322577e-05 4.485269e-05 3.200702e+00
699 7.322759e-05 2.484642e-05 3.182802e+00
700 7.322448e-05 4.240267e-05 3.176002e+00
701 7.322646e-05 2.695657e-05 3.271966e+00
702 7.322386e-05 3.546924e-05 3.231207e+00
703 7.322509e-05 1.687845e-05 3.192733e+00
704 7.322505e-05 6.325678e-07 3.271387e+00
705 7.322341e-05 2.240618e-05 3.207843e+00
706 7.322343e-05 2.472186e-07 3.319497e+00
707 7.322498e-05 2.116435e-05 3.479949e+00
708 7.322549e-05 6.989412e-06 3.391700e+00
709 7.322423e-05 1.710359e-05 3.549568e+00
710 7.322265e-05 2.160200e-05 3.223450e+00
711 7.322128e-05 1.880489e-05 3.094822e+00
712 7.322031e-05 1.323745e-05 3.151515e+00
713 7.322030e-05 4.373702e-08 3.216226e+00
714 7.322172e-05 1.931940e-05 3.255300e+00
715 7.322090e-05 1.123091e-05 3.231552e+00
716 7.322088e-05 1.954314e-07 3.223834e+00
717 7.322034e-05 7.357589e-06 3.367773e+00
718 7.321925e-05 1.494708e-05 3.231618e+00
719 7.321848e-05 1.047971e-05 3.263981e+00
720 7.321900e-05 7.032185e-06 3.319898e+00
721 7.321899e-05 4.889628e-08 3.822902e+00
722 7.321913e-05 1.921311e-06 3.119909e+00
723 7.321851e-05 8.511978e-06 3.159653e+00
724 7.321862e-05 1.495036e-06 3.295445e+00
725 7.321779e-05 1.125863e-05 3.135903e+00
726 7.321712e-05 9.243443e-06 3.127941e+00
727 7.321726e-05 1.941713e-06 3.213988e+00
728 7.321683e-05 5.814907e-06 3.375101e+00
729 7.321673e-05 1.443678e-06 3.111944e+00
730 7.321755e-05 1.118216e-05 3.255684e+00
731 7.321674e-05 1.104886e-05 3.159335e+00
732 7.321723e-05 6.655756e-06 3.304205e+00
733 7.321650e-05 9.845207e-06 3.247980e+00
734 7.321677e-05 3.639893e-06 3.428859e+00
735 7.321614e-05 8.609603e-06 3.454769e+00
736 7.321654e-05 5.381467e-06 3.176011e+00
737 7.321684e-05 4.112522e-06 3.200271e+00
738 7.321645e-05 5.301257e-06 3.103382e+00
739 7.321633e-05 1.656340e-06 3.087856e+00
740 7.321676e-05 5.856641e-06 3.192211e+00
741 7.321524e-05 2.064817e-05 3.070815e+00
742 7.321694e-05 2.320493e-05 3.016587e+00
743 7.321564e-05 1.777073e-05 3.095594e+00
744 7.321587e-05 3.091370e-06 3.224133e+00
745 7.321553e-05 4.616843e-06 3.294152e+00
746 7.321555e-05 2.727067e-07 3.222784e+00
747 7.321547e-05 1.063885e-06 3.475919e+00
748 7.321559e-05 1.631904e-06 3.311767e+00
749 7.321522e-05 5.020770e-06 3.103764e+00
750 7.321514e-05 1.213190e-06 3.198827e+00
751 1.803735e-04 1.463609e+00 3.110044e+00
752 1.122259e-04 3.778136e-01 3.208173e+00
753 3.434446e-04 2.060297e+00 3.272160e+00
754 1.539149e-04 5.518495e-01 3.318548e+00
755 2.018602e-04 3.115056e-01 3.477925e+00
756 1.438186e-04 2.875337e-01 3.374557e+00
757 1.617641e-04 1.247787e-01 3.416304e+00
758 9.675601e-05 4.018697e-01 3.423544e+00
759 3.343639e-05 6.544257e-01 3.607260e+00
760 1.504404e-05 5.500698e-01 3.807016e+00
761 8.438512e-06 4.390794e-01 3.392674e+00
762 5.893929e-06 3.015440e-01 3.447063e+00
763 4.331359e-06 2.651153e-01 3.456346e+00
764 3.905740e-06 9.826445e-02 3.471353e+00
765 3.622198e-06 7.259616e-02 3.479556e+00
766 2.949493e-06 1.857173e-01 3.463923e+00
767 2.709779e-06 8.127317e-02 3.535579e+00
768 2.195894e-06 1.896409e-01 3.464498e+00
769 2.119965e-06 3.457751e-02 3.399679e+00
770 1.720707e-06 1.883322e-01 3.367132e+00
771 1.840434e-06 6.957987e-02 3.607809e+00
772 1.431471e-06 2.222101e-01 3.823323e+00
773 1.703789e-06 1.902364e-01 3.527859e+00
774 1.164906e-06 3.162851e-01 3.368287e+00
775 1.354229e-06 1.625225e-01 3.511454e+00
776 7.347314e-07 4.574542e-01 3.504207e+00
777 6.884121e-07 6.304241e-02 3.334795e+00
778 4.702155e-07 3.169563e-01 3.663838e+00
779 5.166819e-07 9.881922e-02 3.398962e+00
780 3.305481e-07 3.602484e-01 3.375432e+00
781 3.393952e-07 2.676505e-02 3.463335e+00
782 2.372792e-07 3.008765e-01 3.447541e+00
783 2.640369e-07 1.127691e-01 3.456296e+00
784 2.044901e-07 2.255245e-01 3.703785e+00
785 2.087447e-07 2.080583e-02 3.304237e+00
786 1.766909e-07 1.535553e-01 3.319484e+00
787 1.693039e-07 4.180714e-02 3.464391e+00
788 1.660385e-07 1.928724e-02 3.423402e+00
789 1.398886e-07 1.574933e-01 3.271045e+00
790 1.790470e-07 2.799258e-01 3.359918e+00
791 1.467062e-07 1.806276e-01 3.375820e+00
792 1.049815e-07 2.844098e-01 3.367225e+00
793 1.149731e-07 9.517468e-02 3.351425e+00
794 9.670434e-08 1.588957e-01 3.375937e+00
795 1.012098e-07 4.658989e-02 3.534713e+00
796 8.961168e-08 1.145947e-01 3.903253e+00
797 9.151773e-08 2.127007e-02 3.301948e+00
798 8.209554e-08 1.029548e-01 3.231455e+00
799 8.123370e-08 1.049802e-02 3.496481e+00
800 7.447376e-08 8.321591e-02 3.087205e+00
801 8.015893e-08 7.633778e-02 3.272219e+00
802 6.696318e-08 1.646198e-01 3.431121e+00
803 6.565038e-08 1.960488e-02 3.367834e+00
804 5.990132e-08 8.757072e-02 3.360518e+00
805 5.666026e-08 5.410680e-02 3.351257e+00
806 5.734923e-08 1.215978e-02 3.479559e+00
807 5.336347e-08 6.949988e-02 3.360013e+00
808 4.974648e-08 6.778023e-02 3.554676e+00
809 4.548328e-08 8.569849e-02 3.296209e+00
810 4.790559e-08 5.325708e-02 3.351463e+00
811 4.172130e-08 1.290932e-01 3.391323e+00
812 4.515754e-08 8.236161e-02 3.208117e+00
813 4.163571e-08 7.798988e-02 3.400149e+00
814 4.186063e-08 5.402203e-03 3.407099e+00
815 3.931524e-08 6.080636e-02 3.207689e+00
816 3.176056e-08 1.921564e-01 3.167563e+00
817 3.726533e-08 1.733208e-01 3.224308e+00
818 2.829390e-08 2.407446e-01 3.263667e+00
819 2.865064e-08 1.260839e-02 3.175954e+00
820 2.515935e-08 1.218576e-01 3.159161e+00
821 2.817648e-08 1.199210e-01 3.198902e+00
822 2.392957e-08 1.507255e-01 3.448320e+00
823 2.780046e-08 1.617619e-01 3.303344e+00
824 2.057943e-08 2.597450e-01 3.374390e+00
825 2.706527e-08 3.151613e-01 3.391879e+00
826 1.828187e-08 3.245267e-01 3.142749e+00
827 2.510933e-08 3.734553e-01 3.279143e+00
828 1.697901e-08 3.237965e-01 3.271668e+00
829 2.127039e-08 2.527461e-01 3.447671e+00
830 1.809938e-08 1.490812e-01 3.271820e+00
831 1.981830e-08 9.497163e-02 3.256159e+00
832 1.585737e-08 1.998622e-01 3.335603e+00
833 1.748618e-08 1.027158e-01 3.367998e+00
834 1.566641e-08 1.040690e-01 3.231915e+00
835 1.818436e-08 1.607230e-01 3.366930e+00
836 1.426907e-08 2.153107e-01 3.458687e+00
837 1.531010e-08 7.295688e-02 3.136274e+00
838 1.619165e-08 5.757971e-02 3.271797e+00
839 1.626907e-08 4.781131e-03 3.327990e+00
840 1.199495e-08 2.627142e-01 3.487729e+00
841 1.785200e-08 4.882925e-01 3.183648e+00
842 1.487391e-08 1.668207e-01 3.192014e+00
843 1.445625e-08 2.808043e-02 3.167100e+00
844 1.471161e-08 1.766422e-02 3.311929e+00
845 1.433005e-08 2.593565e-02 3.079358e+00
846 1.423730e-08 6.472569e-03 3.199537e+00
847 1.375825e-08 3.364720e-02 3.400479e+00
848 1.095451e-08 2.037864e-01 3.399289e+00
849 1.610439e-08 4.701148e-01 3.295000e+00
850 1.255998e-08 2.200897e-01 3.110948e+00
851 1.398735e-08 1.136443e-01 3.135944e+00
852 1.407925e-08 6.570759e-03 3.192450e+00
853 1.409377e-08 1.030701e-03 3.191255e+00
854 1.390442e-08 1.343477e-02 3.207879e+00
855 1.322882e-08 4.858867e-02 3.575525e+00
856 1.388959e-08 4.994903e-02 3.231133e+00
857 1.402101e-08 9.461986e-03 3.224109e+00
858 1.307688e-08 6.733721e-02 3.208115e+00
859 1.340580e-08 2.515313e-02 3.287997e+00
860 1.368233e-08 2.062740e-02 3.334790e+00
861 1.419660e-08 3.758666e-02 3.400371e+00
862 1.025015e-08 2.779856e-01 3.120181e+00
863 1.045569e-08 2.005262e-02 3.215785e+00
864 1.416491e-08 3.547557e-01 3.111109e+00
865 1.330290e-08 6.085504e-02 3.224680e+00
866 1.318273e-08 9.033591e-03 3.119168e+00
867 1.351082e-08 2.488756e-02 3.232105e+00
868 9.895157e-09 2.676121e-01 3.151093e+00
869 1.415849e-08 4.308508e-01 3.103629e+00
870 1.303627e-08 7.926141e-02 3.184187e+00
871 1.313519e-08 7.587598e-03 3.191805e+00
872 1.256871e-08 4.312647e-02 3.240205e+00
873 1.274334e-08 1.389422e-02 3.470769e+00
874 1.321768e-08 3.722253e-02 3.357385e+00
875 1.293432e-08 2.143794e-02 3.247747e+00
876 1.251905e-08 3.210648e-02 3.111573e+00
877 1.267029e-08 1.208124e-02 3.207865e+00
878 1.250336e-08 1.317488e-02 3.039862e+00
879 1.357334e-08 8.557498e-02 3.191447e+00
880 1.314062e-08 3.188025e-02 3.126856e+00
881 1.375145e-08 4.648441e-02 3.063473e+00
882 1.311846e-08 4.603068e-02 3.176225e+00
883 1.328431e-08 1.264208e-02 3.103349e+00
884 1.279364e-08 3.693597e-02 3.063554e+00
885 1.311992e-08 2.550329e-02 3.119609e+00
886 1.299799e-08 9.293657e-03 3.160297e+00
887 1.272523e-08 2.098451e-02 3.117919e+00
888 1.289811e-08 1.358580e-02 3.232096e+00
889 1.301195e-08 8.825679e-03 3.184144e+00
890 1.355677e-08 4.187099e-02 3.263723e+00
891 1.278947e-08 5.659912e-02 3.040133e+00
892 1.262520e-08 1.284391e-02 3.087576e+00
893 1.002245e-08 2.061554e-01 3.055520e+00
894 1.270983e-08 2.681358e-01 3.087687e+00
895 1.256884e-08 1.109251e-02 3.135757e+00
896 1.238607e-08 1.454164e-02 3.096329e+00
897 1.252865e-08 1.151093e-02 3.119920e+00
898 1.216730e-08 2.884171e-02 3.150103e+00
899 1.238223e-08 1.766462e-02 3.119840e+00
900 1.255773e-08 1.417364e-02 3.135854e+00
901 1.270606e-08 1.181215e-02 3.151679e+00
902 1.285319e-08 1.157926e-02 3.176294e+00
903 1.139065e-08 1.137883e-01 3.207509e+00
904 1.064452e-08 6.550374e-02 3.240021e+00
905 1.077191e-08 1.196807e-02 3.214659e+00
906 1.030195e-08 4.362887e-02 3.184108e+00
907 1.045697e-08 1.504800e-02 3.348581e+00
908 1.055126e-08 9.017295e-03 3.303554e+00
909 1.006718e-08 4.587939e-02 3.343973e+00
910 1.030108e-08 2.323431e-02 3.046785e+00
911 1.054122e-08 2.331225e-02 3.055736e+00
912 9.881429e-09 6.259171e-02 3.104162e+00
913 1.008429e-08 2.052975e-02 3.070665e+00
914 9.819759e-09 2.623219e-02 3.111240e+00
915 1.005465e-08 2.391995e-02 3.159872e+00
916 9.965424e-09 8.873814e-03 3.295361e+00
917 9.633757e-09 3.328181e-02 3.191770e+00
918 1.045387e-08 8.512877e-02 3.119643e+00
919 1.021696e-08 2.266189e-02 3.240123e+00
920 9.764650e-09 4.427080e-02 3.416229e+00
921 9.573881e-09 1.953665e-02 3.239641e+00
922 1.155874e-08 2.073197e-01 3.263969e+00
923 9.699664e-09 1.608369e-01 3.327605e+00
924 9.691336e-09 8.585984e-04 3.263558e+00
925 9.987014e-09 3.050948e-02 3.247246e+00
926 9.497375e-09 4.902758e-02 3.320254e+00
927 8.119502e-09 1.450793e-01 3.222943e+00
928 8.658200e-09 6.634624e-02 3.056436e+00
929 8.469850e-09 2.175397e-02 3.159412e+00
930 7.774297e-09 8.212106e-02 3.160182e+00
931 8.110831e-09 4.328808e-02 3.087193e+00
932 8.031686e-09 9.757956e-03 3.151607e+00
933 8.010100e-09 2.687641e-03 3.392429e+00
934 7.773147e-09 2.958178e-02 3.183550e+00
935 7.878903e-09 1.360537e-02 3.328703e+00
936 7.510380e-09 4.677343e-02 3.300991e+00
937 1.042060e-08 3.874926e-01 3.188929e+00
938 9.292491e-09 1.082573e-01 3.159108e+00
939 9.747842e-09 4.900201e-02 3.183888e+00
940 8.928865e-09 8.401620e-02 3.167692e+00
941 9.141378e-09 2.380060e-02 3.168424e+00
942 8.793873e-09 3.801443e-02 3.198962e+00
943 8.332367e-09 5.248048e-02 3.151775e+00
944 8.424285e-09 1.103147e-02 3.111720e+00
945 8.669456e-09 2.910287e-02 3.064705e+00
946 8.336900e-09 3.835951e-02 3.279400e+00
947 8.266532e-09 8.440487e-03 3.271325e+00
948 8.331217e-09 7.824930e-03 3.485164e+00
949 8.172785e-09 1.901675e-02 3.215234e+00
950 8.177426e-09 5.679226e-04 3.104387e+00
951 8.002196e-09 2.142854e-02 3.055372e+00
952 8.215487e-09 2.665404e-02 3.062697e+00
953 7.161855e-09 1.282494e-01 3.071827e+00
954 1.449911e-08 1.024491e+00 3.103854e+00
955 9.162472e-09 3.680668e-01 3.199014e+00
956 9.063625e-09 1.078823e-02 3.175866e+00
957 7.654769e-09 1.554407e-01 3.191851e+00
958 7.111454e-09 7.097730e-02 3.255785e+00
959 1.009216e-08 4.191408e-01 3.335637e+00
960 8.382547e-09 1.693997e-01 3.328540e+00
961 7.849369e-09 6.360570e-02 3.359752e+00
962 6.773600e-09 1.370516e-01 3.175177e+00
963 8.605598e-09 2.704614e-01 3.144336e+00
964 6.989191e-09 1.878320e-01 3.087826e+00
965 6.365688e-09 8.920963e-02 3.167086e+00
966 8.510634e-09 3.369543e-01 3.319675e+00
967 7.275630e-09 1.451131e-01 3.120242e+00
968 7.198805e-09 1.055919e-02 3.311576e+00
969 7.012787e-09 2.584006e-02 3.183826e+00
970 7.014457e-09 2.380411e-04 3.151556e+00
971 6.885276e-09 1.841635e-02 3.271606e+00
972 6.524630e-09 5.237938e-02 3.239994e+00
973 5.961939e-09 8.624091e-02 3.215727e+00
974 5.983049e-09 3.540701e-03 3.127198e+00
975 5.792810e-09 3.179626e-02 3.064325e+00
976 5.808057e-09 2.632003e-03 3.070751e+00
977 5.868578e-09 1.042015e-02 3.064747e+00
978 5.988836e-09 2.049187e-02 3.078989e+00
979 6.207642e-09 3.653559e-02 3.135693e+00
980 6.195036e-09 2.030620e-03 3.087913e+00
981 5.570321e-09 1.008413e-01 3.086731e+00
982 5.689093e-09 2.132227e-02 3.007768e+00
983 5.425128e-09 4.639843e-02 3.071929e+00
984 5.433253e-09 1.497630e-03 3.103580e+00
985 4.885249e-09 1.008610e-01 3.519538e+00
986 6.019589e-09 2.321968e-01 3.887558e+00
987 5.951608e-09 1.129325e-02 3.189133e+00
988 4.696171e-09 2.109409e-01 3.015737e+00
989 6.390924e-09 3.608799e-01 3.048341e+00
990 5.589617e-09 1.253820e-01 3.103461e+00
991 5.274667e-09 5.634557e-02 3.158972e+00
992 5.870163e-09 1.128974e-01 3.056043e+00
993 5.500372e-09 6.299508e-02 3.103390e+00
994 5.180897e-09 5.808236e-02 3.072609e+00
995 4.687008e-09 9.532880e-02 3.095099e+00
996 6.153427e-09 3.128688e-01 3.063899e+00
997 5.432662e-09 1.171323e-01 3.039507e+00
998 5.301272e-09 2.418518e-02 3.048083e+00
999 5.420052e-09 2.240581e-02 3.032307e+00
1000 4.559664e-09 1.587416e-01 3.071447e+00
1001 4.769576e-09 4.603660e-02 3.039487e+00
1002 4.515402e-09 5.329061e-02 3.055880e+00
1003 5.846846e-09 2.948673e-01 3.023709e+00
1004 4.292329e-09 2.658728e-01 3.072050e+00
1005 6.324401e-09 4.734196e-01 3.175168e+00
1006 4.285843e-09 3.223322e-01 3.271713e+00
1007 4.853649e-09 1.324842e-01 3.327509e+00
1008 5.598495e-09 1.534610e-01 3.436323e+00
1009 5.915499e-09 5.662301e-02 3.088021e+00
1010 6.135937e-09 3.726443e-02 3.072269e+00
1011 5.797165e-09 5.521111e-02 3.111373e+00
1012 5.722615e-09 1.285966e-02 2.999465e+00
1013 6.101090e-09 6.613673e-02 3.055806e+00
1014 5.308366e-09 1.299316e-01 3.055985e+00
1015 5.293160e-09 2.864546e-03 3.183677e+00
1016 5.542084e-09 4.702749e-02 3.431044e+00
1017 5.276246e-09 4.796714e-02 3.054172e+00
1018 5.236561e-09 7.521327e-03 3.064243e+00
1019 5.006841e-09 4.386847e-02 3.135466e+00
1020 5.267811e-09 5.212262e-02 3.167752e+00
1021 5.168354e-09 1.888024e-02 3.660141e+00
1022 5.036239e-09 2.556225e-02 3.144727e+00
1023 5.605291e-09 1.129916e-01 3.095433e+00
1024 5.102661e-09 8.967068e-02 3.064112e+00
1025 4.837918e-09 5.188326e-02 3.071701e+00
1026 4.999388e-09 3.337580e-02 3.056254e+00
1027 5.064903e-09 1.310463e-02 3.343594e+00
1028 5.037698e-09 5.371171e-03 3.111399e+00
1029 4.732423e-09 6.059814e-02 3.096073e+00
1030 4.931659e-09 4.210003e-02 3.087674e+00
1031 5.067143e-09 2.747231e-02 3.190718e+00
1032 5.090998e-09 4.707853e-03 3.112010e+00
1033 4.843229e-09 4.866811e-02 3.143624e+00
1034 4.760180e-09 1.714736e-02 3.340195e+00
1035 5.232234e-09 9.916727e-02 3.111558e+00
1036 4.633386e-09 1.144537e-01 3.183178e+00
1037 4.615958e-09 3.761313e-03 3.047541e+00
1038 4.671800e-09 1.209769e-02 3.046775e+00
1039 4.612497e-09 1.269399e-02 3.199876e+00
1040 4.661275e-09 1.057532e-02 3.079412e+00
1041 4.633575e-09 5.942617e-03 3.191575e+00
1042 4.460635e-09 3.732328e-02 3.086985e+00
1043 4.644083e-09 4.112609e-02 3.055517e+00
1044 4.595348e-09 1.049407e-02 3.048047e+00
1045 4.531341e-09 1.392856e-02 2.967072e+00
1046 4.470499e-09 1.342693e-02 3.047647e+00
1047 4.525393e-09 1.227914e-02 3.016238e+00
1048 4.451633e-09 1.629918e-02 3.079332e+00
1049 4.589466e-09 3.096239e-02 3.280226e+00
1050 4.692270e-09 2.239987e-02 3.200305e+00
1051 4.600015e-09 1.966101e-02 3.344204e+00
1052 4.204590e-09 8.596173e-02 3.135410e+00
1053 4.102215e-09 2.434839e-02 3.055415e+00
1054 4.495378e-09 9.584163e-02 3.063233e+00
1055 4.120556e-09 8.337944e-02 2.998648e+00
1056 4.107383e-09 3.196796e-03 3.024007e+00
1057 3.849213e-09 6.285514e-02 3.127251e+00
1058 4.661448e-09 2.110134e-01 3.136664e+00
1059 4.355326e-09 6.567099e-02 3.175369e+00
1060 3.907087e-09 1.029176e-01 3.072144e+00
1061 3.994902e-09 2.247593e-02 3.071633e+00
1062 3.535897e-09 1.148978e-01 3.182508e+00
1063 3.353314e-09 5.163699e-02 3.175241e+00
1064 3.458359e-09 3.132589e-02 3.301420e+00
1065 3.751262e-09 8.469406e-02 3.167416e+00
1066 3.925782e-09 4.652309e-02 3.032463e+00
1067 3.716028e-09 5.342986e-02 3.140466e+00
1068 3.827870e-09 3.009728e-02 3.103152e+00
1069 3.594645e-09 6.092808e-02 3.093640e+00
1070 3.674181e-09 2.212607e-02 2.999792e+00
1071 3.851023e-09 4.813097e-02 3.024009e+00
1072 3.663632e-09 4.866006e-02 3.071138e+00
1073 3.661854e-09 4.851956e-04 3.064490e+00
1074 3.711625e-09 1.359162e-02 3.111448e+00
1075 3.425391e-09 7.711814e-02 3.176015e+00
1076 3.722216e-09 8.665447e-02 3.111198e+00
1077 3.669904e-09 1.405421e-02 3.199911e+00
1078 3.772610e-09 2.798616e-02 3.143173e+00
1079 3.719206e-09 1.415567e-02 3.040281e+00
1080 3.550282e-09 4.541948e-02 3.119521e+00
1081 3.403868e-09 4.123998e-02 3.103781e+00
1082 3.548774e-09 4.257084e-02 3.239599e+00
1083 3.600751e-09 1.464656e-02 3.240097e+00
1084 3.533745e-09 1.860888e-02 3.216255e+00
1085 3.297097e-09 6.696815e-02 3.184092e+00
1086 3.088478e-09 6.327361e-02 3.023948e+00
1087 3.178397e-09 2.911444e-02 3.151452e+00
1088 3.884729e-09 2.222291e-01 3.000396e+00
1089 4.023548e-09 3.573444e-02 3.167743e+00
1090 4.362708e-09 8.429369e-02 3.399306e+00
1091 4.128598e-09 5.366154e-02 3.064039e+00
1092 3.726206e-09 9.746465e-02 3.135282e+00
1093 3.918403e-09 5.157986e-02 3.064022e+00
1094 3.718292e-09 5.106943e-02 3.046992e+00
1095 3.563365e-09 4.166613e-02 3.256431e+00
1096 3.364283e-09 5.586912e-02 3.142839e+00
1097 3.657413e-09 8.713009e-02 3.310151e+00
1098 3.904961e-09 6.768389e-02 3.110725e+00
1099 3.708105e-09 5.041193e-02 3.047843e+00
1100 3.196872e-09 1.378691e-01 3.160416e+00
1101 3.226809e-09 9.364484e-03 3.271823e+00
1102 3.169892e-09 1.763876e-02 3.199096e+00
1103 2.974913e-09 6.150972e-02 3.183337e+00
1104 3.233262e-09 8.684252e-02 3.103181e+00
1105 3.290136e-09 1.759055e-02 3.088447e+00
1106 3.129945e-09 4.868845e-02 3.039128e+00
1107 3.216729e-09 2.772701e-02 3.128199e+00
1108 3.231366e-09 4.550296e-03 3.071251e+00
1109 2.724765e-09 1.567761e-01 3.008103e+00
1110 3.834408e-09 4.072436e-01 3.072323e+00
1111 3.534828e-09 7.812938e-02 3.167498e+00
1112 3.102083e-09 1.224233e-01 3.223710e+00
1113 3.990427e-09 2.863704e-01 3.231159e+00
1114 3.048255e-09 2.361081e-01 3.151542e+00
1115 5.205764e-09 7.077849e-01 3.159735e+00
1116 3.616707e-09 3.052494e-01 3.071915e+00
1117 5.419988e-09 4.985973e-01 3.072330e+00
1118 6.197935e-09 1.435331e-01 3.095103e+00
1119 6.036267e-09 2.608421e-02 3.271428e+00
1120 4.895174e-09 1.890395e-01 3.216467e+00
1121 4.149091e-09 1.524121e-01 3.671012e+00
1122 3.296611e-09 2.054619e-01 3.207652e+00
1123 3.921648e-09 1.896000e-01 3.047489e+00
1124 2.761611e-09 2.958034e-01 3.056287e+00
1125 3.358378e-09 2.160939e-01 3.151411e+00
1126 2.493531e-09 2.575194e-01 3.119987e+00
1127 3.980275e-09 5.962405e-01 3.159493e+00
1128 2.624152e-09 3.407109e-01 3.103521e+00
1129 2.828015e-09 7.768717e-02 3.048163e+00
1130 2.332818e-09 1.751039e-01 3.087911e+00
1131 1.925424e-09 1.746361e-01 3.015196e+00
1132 1.609015e-09 1.643319e-01 3.128233e+00
1133 1.631006e-09 1.366734e-02 3.143770e+00
1134 1.566226e-09 3.971779e-02 3.447412e+00
1135 1.408418e-09 1.007568e-01 3.055742e+00
1136 1.219589e-09 1.340722e-01 3.079580e+00
1137 1.550521e-09 2.713475e-01 3.095397e+00
1138 1.151097e-09 2.576063e-01 3.160173e+00
1139 1.181472e-09 2.638761e-02 3.071324e+00
1140 1.192676e-09 9.482931e-03 3.103994e+00
1141 1.194336e-09 1.392112e-03 3.159902e+00
1142 1.074886e-09 1.000141e-01 3.072113e+00
1143 8.576315e-10 2.021183e-01 3.039105e+00
1144 1.848541e-09 1.155403e+00 3.016135e+00
1145 9.576024e-10 4.819686e-01 3.047240e+00
1146 7.829345e-10 1.824013e-01 3.111839e+00
1147 8.035829e-10 2.637305e-02 3.192061e+00
1148 1.116272e-09 3.891185e-01 3.151609e+00
1149 7.115273e-10 3.625860e-01 3.135587e+00
1150 5.440927e-10 2.353172e-01 3.081363e+00
1151 6.593504e-10 2.118347e-01 3.008199e+00
1152 4.855664e-10 2.635685e-01 3.055589e+00
1153 5.015051e-10 3.282496e-02 2.968246e+00
1154 4.679787e-10 6.685158e-02 3.119222e+00
1155 4.822872e-10 3.057523e-02 3.104430e+00
1156 4.026349e-10 1.651553e-01 3.055936e+00
1157 3.881369e-10 3.600798e-02 3.127136e+00
1158 4.437846e-10 1.433714e-01 3.167445e+00
1159 4.145425e-10 6.589245e-02 3.120038e+00
1160 3.504911e-10 1.545111e-01 3.190352e+00
1161 3.344299e-10 4.582471e-02 3.175429e+00
1162 3.473826e-10 3.873050e-02 3.296147e+00
1163 3.544151e-10 2.024421e-02 3.071314e+00
1164 3.446428e-10 2.757302e-02 3.127667e+00
1165 3.204774e-10 7.011706e-02 3.079921e+00
1166 3.087665e-10 3.654225e-02 3.135348e+00
1167 3.372511e-10 9.225309e-02 3.119670e+00
1168 4.011542e-10 1.894823e-01 3.071244e+00
1169 3.087349e-10 2.303835e-01 3.080158e+00
1170 2.986751e-10 3.258407e-02 3.039677e+00
1171 2.936683e-10 1.676328e-02 3.095798e+00
1172 2.932350e-10 1.475542e-03 3.119460e+00
1173 2.844741e-10 2.987666e-02 3.208626e+00
1174 2.734780e-10 3.865411e-02 3.198957e+00
1175 2.823651e-10 3.249663e-02 3.255509e+00
1176 2.659812e-10 5.802379e-02 3.088447e+00
1177 2.666295e-10 2.437237e-03 3.063608e+00
1178 2.575807e-10 3.393759e-02 3.103553e+00
1179 2.683463e-10 4.179509e-02 3.047686e+00
1180 2.547788e-10 5.056000e-02 3.119561e+00
1181 2.617697e-10 2.743935e-02 3.024631e+00
1182 2.650010e-10 1.234407e-02 3.031383e+00
1183 2.546588e-10 3.902691e-02 2.935879e+00
1184 2.551578e-10 1.959226e-03 2.983975e+00
1185 2.459748e-10 3.598945e-02 3.087493e+00
1186 3.036404e-10 2.344372e-01 3.008108e+00
1187 2.474745e-10 1.849752e-01 3.167108e+00
1188 2.425512e-10 1.989411e-02 3.465444e+00
1189 2.453844e-10 1.168074e-02 2.935866e+00
1190 2.399227e-10 2.225745e-02 2.967651e+00
1191 2.456103e-10 2.370580e-02 3.023046e+00
1192 2.419466e-10 1.491687e-02 3.119708e+00
1193 2.328026e-10 3.779355e-02 3.095743e+00
1194 2.491936e-10 7.040730e-02 3.327734e+00
1195 2.321536e-10 6.838028e-02 3.127920e+00
1196 2.324904e-10 1.450465e-03 3.015474e+00
1197 2.278180e-10 2.009706e-02 2.999818e+00
1198 2.273655e-10 1.986353e-03 3.071601e+00
1199 2.271939e-10 7.544218e-04 3.048121e+00
1200 2.358522e-10 3.810972e-02 3.263455e+00
1201 2.814516e-10 1.933389e-01 3.340746e+00
1202 1.935504e-10 3.123138e-01 3.151189e+00
1203 2.512800e-10 2.982665e-01 3.120217e+00
1204 2.741107e-10 9.085776e-02 3.055245e+00
1205 2.537204e-10 7.438730e-02 3.192028e+00
1206 3.449731e-10 3.596584e-01 3.045695e+00
1207 1.998538e-10 4.206684e-01 3.064159e+00
1208 2.004046e-10 2.755923e-03 3.096066e+00
1209 1.779273e-10 1.121593e-01 3.135650e+00
1210 2.562772e-10 4.403476e-01 3.119726e+00
1211 2.313436e-10 9.729156e-02 3.087705e+00
1212 2.015810e-10 1.286512e-01 3.079222e+00
1213 1.749269e-10 1.322254e-01 3.168279e+00
1214 1.840746e-10 5.229497e-02 3.152079e+00
1215 1.939042e-10 5.339998e-02 3.383325e+00
1216 1.480205e-10 2.366310e-01 3.455731e+00
1217 1.280429e-10 1.349649e-01 3.030910e+00
1218 1.799348e-10 4.052699e-01 3.040343e+00
1219 1.072085e-10 4.041818e-01 2.983116e+00
1220 1.323622e-10 2.346248e-01 3.102717e+00
1221 1.091629e-10 1.752715e-01 3.135765e+00
1222 9.086532e-11 1.676173e-01 3.103145e+00
