1 8.112607e-01 1.000000e+00 3.878964e+00
2 1.842800e-01 7.728473e-01 3.983172e+00
3 5.252927e-02 7.149487e-01 3.960224e+00
4 3.121085e-02 4.058390e-01 4.071631e+00
5 1.714878e-02 4.505507e-01 3.862657e+00
6 1.224414e-02 2.860050e-01 3.823300e+00
7 1.021045e-02 1.660948e-01 3.672184e+00
8 9.507384e-03 6.885785e-02 3.863895e+00
9 8.368650e-03 1.197736e-01 3.727321e+00
10 8.039267e-03 3.935909e-02 3.823947e+00
11 7.044991e-03 1.236775e-01 3.830470e+00
12 6.744817e-03 4.260811e-02 4.031607e+00
13 6.674543e-03 1.041901e-02 3.656083e+00
14 6.661612e-03 1.937298e-03 3.711024e+00
15 6.555329e-03 1.595463e-02 3.696119e+00
16 6.514316e-03 6.256464e-03 3.734654e+00
17 6.346323e-03 2.578823e-02 3.782546e+00
18 6.222463e-03 1.951674e-02 3.719237e+00
19 6.081849e-03 2.259793e-02 3.887090e+00
20 5.629217e-03 7.442343e-02 3.736279e+00
21 5.296586e-03 5.908999e-02 3.527268e+00
22 5.175973e-03 2.277197e-02 3.391688e+00
23 5.041622e-03 2.595662e-02 3.496272e+00
24 5.056038e-03 2.859443e-03 3.582839e+00
25 5.026209e-03 5.899731e-03 3.368094e+00
26 4.998643e-03 5.484395e-03 3.719272e+00
27 4.998989e-03 6.926316e-05 3.376484e+00
28 5.010009e-03 2.204403e-03 3.615366e+00
29 4.981654e-03 5.659655e-03 3.983865e+00
30 4.858779e-03 2.466555e-02 3.823107e+00
31 4.837682e-03 4.342077e-03 3.655943e+00
32 4.680634e-03 3.246341e-02 3.719348e+00
33 3.660561e-03 2.179347e-01 3.640103e+00
34 3.400733e-03 7.098058e-02 3.903739e+00
35 3.386221e-03 4.267041e-03 3.711233e+00
36 3.285669e-03 2.969474e-02 3.535419e+00
37 3.212391e-03 2.230202e-02 3.511983e+00
38 3.220306e-03 2.463683e-03 3.456187e+00
39 3.151590e-03 2.133837e-02 4.182874e+00
40 3.144429e-03 2.272083e-03 3.904107e+00
41 3.019231e-03 3.981593e-02 3.679157e+00
42 2.978595e-03 1.345884e-02 3.695163e+00
43 2.982711e-03 1.381783e-03 3.704223e+00
44 2.922105e-03 2.031899e-02 3.599059e+00
45 2.743401e-03 6.115608e-02 3.656085e+00
46 2.711840e-03 1.150431e-02 3.886898e+00
47 2.646064e-03 2.425517e-02 3.656412e+00
48 2.658792e-03 4.810095e-03 3.814509e+00
49 2.656863e-03 7.254822e-04 3.575387e+00
50 2.615977e-03 1.538865e-02 3.535582e+00
51 2.582383e-03 1.284191e-02 3.543179e+00
52 2.666430e-03 3.254639e-02 3.722380e+00
53 2.598610e-03 2.543499e-02 3.559582e+00
54 2.503379e-03 3.664672e-02 3.679730e+00
55 2.417848e-03 3.416614e-02 3.670026e+00
56 2.359082e-03 2.430529e-02 3.574444e+00
57 2.352227e-03 2.905690e-03 3.535182e+00
58 2.334298e-03 7.622132e-03 3.623551e+00
59 2.293441e-03 1.750304e-02 3.632162e+00
60 2.299700e-03 2.729283e-03 3.639490e+00
61 2.288051e-03 5.065612e-03 3.694931e+00
62 2.276552e-03 5.025565e-03 3.688069e+00
63 2.244895e-03 1.390570e-02 3.669678e+00
64 2.126208e-03 5.286960e-02 3.453637e+00
65 2.126555e-03 1.632612e-04 3.631920e+00
66 2.123434e-03 1.467905e-03 3.573461e+00
67 2.130378e-03 3.270317e-03 3.597717e+00
68 2.111713e-03 8.761517e-03 3.342166e+00
69 2.126793e-03 7.141114e-03 3.399849e+00
70 2.097813e-03 1.362613e-02 3.623614e+00
71 2.090732e-03 3.375392e-03 3.863670e+00
72 2.080934e-03 4.686238e-03 3.743313e+00
73 2.027610e-03 2.562519e-02 3.695190e+00
74 2.017474e-03 4.999093e-03 3.575644e+00
75 2.016315e-03 5.742308e-04 3.623932e+00
76 2.008227e-03 4.011575e-03 3.799582e+00
77 2.005676e-03 1.269853e-03 3.950574e+00
78 1.901130e-03 5.212519e-02 3.931587e+00
79 1.109499e-04 9.416400e-01 3.496117e+00
80 1.077605e-04 2.874587e-02 3.607503e+00
81 1.403775e-04 3.026798e-01 3.615874e+00
82 1.297946e-04 7.538865e-02 3.687687e+00
83 6.712617e-05 4.828277e-01 3.679392e+00
84 6.128070e-05 8.708186e-02 3.591646e+00
85 5.814117e-05 5.123192e-02 3.653501e+00
86 8.320555e-05 4.310953e-01 3.583864e+00
87 5.877011e-05 2.936756e-01 3.631065e+00
88 5.214751e-05 1.126865e-01 4.095060e+00
89 4.732374e-05 9.250249e-02 3.852867e+00
90 4.637435e-05 2.006153e-02 3.597974e+00
91 5.162566e-05 1.132373e-01 3.679797e+00
92 6.057551e-05 1.733605e-01 3.487323e+00
93 6.337901e-05 4.628112e-02 3.367292e+00
94 4.070886e-05 3.576918e-01 3.350755e+00
95 3.123362e-05 2.327563e-01 3.319892e+00
96 3.841397e-05 2.298920e-01 3.527673e+00
97 4.030099e-05 4.912308e-02 3.607812e+00
98 2.403125e-05 4.037056e-01 3.631084e+00
99 2.702830e-05 1.247145e-01 3.599519e+00
100 2.375929e-05 1.209476e-01 3.592666e+00
101 2.696013e-05 1.347196e-01 3.950287e+00
102 2.764338e-05 2.534296e-02 3.704337e+00
103 2.121278e-05 2.326272e-01 3.881331e+00
104 1.418196e-05 3.314425e-01 3.615219e+00
105 1.186906e-05 1.630877e-01 3.559974e+00
106 1.115290e-05 6.033814e-02 3.599605e+00
107 1.072261e-05 3.858138e-02 3.408090e+00
108 1.037862e-05 3.208021e-02 3.679405e+00
109 8.184045e-06 2.114518e-01 3.576015e+00
110 6.987015e-06 1.462639e-01 3.583464e+00
111 6.247835e-06 1.057933e-01 3.623661e+00
112 5.997748e-06 4.002789e-02 3.623510e+00
113 4.025788e-06 3.287834e-01 3.583047e+00
114 4.043484e-06 4.395757e-03 3.527974e+00
115 3.492507e-06 1.362631e-01 3.583573e+00
116 3.337296e-06 4.444105e-02 3.415103e+00
117 3.316817e-06 6.136451e-03 3.335287e+00
118 3.116506e-06 6.039260e-02 3.487851e+00
119 3.183820e-06 2.159916e-02 3.575942e+00
120 2.488515e-06 2.183868e-01 3.575541e+00
121 2.182757e-06 1.228678e-01 3.599275e+00
122 2.757362e-06 2.632472e-01 3.728052e+00
123 2.428743e-06 1.191786e-01 4.271513e+00
124 2.110238e-06 1.311397e-01 3.903714e+00
125 1.994388e-06 5.489936e-02 3.374909e+00
126 1.727173e-06 1.339832e-01 3.680074e+00
127 2.137953e-06 2.378338e-01 3.535245e+00
128 2.051588e-06 4.039624e-02 3.590073e+00
129 1.956942e-06 4.613303e-02 3.551537e+00
130 1.474557e-06 2.464993e-01 3.646132e+00
131 1.400403e-06 5.028912e-02 3.679961e+00
132 1.371295e-06 2.078567e-02 3.680152e+00
133 1.195587e-06 1.281331e-01 3.575682e+00
134 1.218047e-06 1.878637e-02 3.791275e+00
135 1.055200e-06 1.336952e-01 3.855399e+00
136 9.989931e-07 5.326669e-02 3.592013e+00
137 9.803206e-07 1.869128e-02 3.575053e+00
138 8.662170e-07 1.163942e-01 3.582653e+00
139 8.675644e-07 1.555540e-03 3.367966e+00
140 7.795704e-07 1.014265e-01 3.367451e+00
141 8.258510e-07 5.936688e-02 3.390790e+00
142 7.336518e-07 1.116415e-01 3.503356e+00
143 6.692770e-07 8.774572e-02 3.583390e+00
144 7.429148e-07 1.100259e-01 3.631934e+00
145 6.427057e-07 1.348863e-01 3.600236e+00
146 6.891774e-07 7.230626e-02 3.502971e+00
147 6.431973e-07 6.671739e-02 3.575956e+00
148 6.358169e-07 1.147446e-02 3.575254e+00
149 5.690703e-07 1.049778e-01 3.710630e+00
150 5.559093e-07 2.312711e-02 3.567840e+00
151 5.708092e-07 2.680262e-02 3.559763e+00
152 5.379104e-07 5.763525e-02 3.552424e+00
153 5.941652e-07 1.045802e-01 3.607634e+00
154 5.299068e-07 1.081490e-01 3.495514e+00
155 5.517973e-07 4.131002e-02 3.559106e+00
156 5.166549e-07 6.368714e-02 3.567388e+00
157 5.288209e-07 2.354767e-02 3.536480e+00
158 5.082709e-07 3.886014e-02 3.591652e+00
159 5.338547e-07 5.033493e-02 3.703700e+00
160 4.968086e-07 6.939343e-02 3.743469e+00
161 5.191106e-07 4.489046e-02 3.631750e+00
162 4.921455e-07 5.194485e-02 3.671534e+00
163 4.973178e-07 1.050978e-02 3.535945e+00
164 4.603257e-07 7.438337e-02 3.543343e+00
165 5.089627e-07 1.056580e-01 3.776775e+00
166 4.536118e-07 1.087524e-01 3.584398e+00
167 5.119873e-07 1.286904e-01 3.647327e+00
168 4.501229e-07 1.208318e-01 3.591745e+00
169 5.029603e-07 1.173843e-01 3.535913e+00
170 4.454391e-07 1.143654e-01 3.557933e+00
171 4.835235e-07 8.549858e-02 3.568412e+00
172 4.366944e-07 9.684963e-02 3.599134e+00
173 4.762283e-07 9.052989e-02 3.631565e+00
174 4.355325e-07 8.545454e-02 3.639476e+00
175 4.695259e-07 7.805022e-02 3.536281e+00
176 4.333999e-07 7.694128e-02 3.623285e+00
177 4.700837e-07 8.464173e-02 4.249450e+00
178 4.298532e-07 8.558142e-02 3.656296e+00
179 4.642445e-07 8.000712e-02 3.590877e+00
180 4.271266e-07 7.995342e-02 3.560393e+00
181 4.690987e-07 9.826622e-02 3.559523e+00
182 4.295498e-07 8.430827e-02 3.599507e+00
183 4.666999e-07 8.648609e-02 3.607712e+00
184 4.297777e-07 7.911337e-02 3.631788e+00
185 4.550854e-07 5.888544e-02 3.575330e+00
186 4.267208e-07 6.232793e-02 4.424471e+00
187 4.306844e-07 9.288512e-03 3.478669e+00
188 4.331233e-07 5.662797e-03 3.879762e+00
189 4.524352e-07 4.458760e-02 3.647466e+00
190 4.397478e-07 2.804257e-02 3.680622e+00
191 4.300674e-07 2.201359e-02 3.598863e+00
192 4.190693e-07 2.557282e-02 3.600389e+00
193 4.199948e-07 2.208534e-03 3.583621e+00
194 4.065875e-07 3.192263e-02 3.599611e+00
195 4.068136e-07 5.561525e-04 3.719755e+00
196 4.067412e-07 1.779676e-04 3.558711e+00
197 4.023080e-07 1.089937e-02 3.734561e+00
198 4.033448e-07 2.577058e-03 3.704389e+00
199 4.032009e-07 3.567739e-04 3.836420e+00
200 4.001039e-07 7.680988e-03 3.606964e+00
201 3.973543e-07 6.872187e-03 3.656077e+00
202 3.970185e-07 8.451018e-04 3.639697e+00
203 3.958550e-07 2.930616e-03 3.519367e+00
204 3.966482e-07 2.003839e-03 3.583792e+00
205 3.969730e-07 8.187941e-04 3.550181e+00
206 3.959418e-07 2.597667e-03 3.600412e+00
207 3.953342e-07 1.534515e-03 3.495486e+00
208 3.950964e-07 6.015846e-04 3.599274e+00
209 3.945451e-07 1.395359e-03 3.566629e+00
210 3.940318e-07 1.301025e-03 3.607234e+00
211 3.926814e-07 3.427195e-03 3.624127e+00
212 3.926290e-07 1.333007e-04 3.615491e+00
213 3.935247e-07 2.281350e-03 3.711449e+00
214 3.916801e-07 4.687413e-03 3.783627e+00
215 3.917560e-07 1.936509e-04 3.623644e+00
216 3.909132e-07 2.151200e-03 3.567879e+00
217 3.924071e-07 3.821528e-03 3.583431e+00
218 3.901985e-07 5.628282e-03 3.592040e+00
219 3.909138e-07 1.833005e-03 3.583756e+00
220 3.895284e-07 3.544025e-03 3.567558e+00
221 3.908615e-07 3.422566e-03 3.664009e+00
222 3.893117e-07 3.965247e-03 3.591196e+00
223 3.915486e-07 5.745751e-03 3.567210e+00
224 3.890003e-07 6.508107e-03 3.727785e+00
225 3.909707e-07 5.065295e-03 3.858354e+00
226 3.893554e-07 4.131589e-03 3.583419e+00
227 3.884777e-07 2.254348e-03 3.560150e+00
228 3.890720e-07 1.529921e-03 3.583409e+00
229 3.900438e-07 2.497784e-03 3.551201e+00
230 3.891738e-07 2.230485e-03 3.551504e+00
231 3.885638e-07 1.567564e-03 3.534612e+00
232 3.883485e-07 5.539784e-04 3.599185e+00
233 3.901042e-07 4.520814e-03 3.695573e+00
234 3.886910e-07 3.622530e-03 3.574783e+00
235 3.884527e-07 6.132132e-04 3.631824e+00
236 3.880985e-07 9.117179e-04 3.605717e+00
237 3.897287e-07 4.200427e-03 3.589492e+00
238 3.884978e-07 3.158295e-03 3.559619e+00
239 3.879204e-07 1.486187e-03 3.591458e+00
240 3.877443e-07 4.539812e-04 3.606010e+00
241 3.899886e-07 5.788069e-03 3.551848e+00
242 3.881111e-07 4.814354e-03 3.592079e+00
243 3.893671e-07 3.236424e-03 3.592727e+00
244 3.882455e-07 2.880577e-03 3.726399e+00
245 3.885913e-07 8.906519e-04 3.623326e+00
246 3.880690e-07 1.344063e-03 3.664220e+00
247 3.879388e-07 3.355109e-04 3.607931e+00
248 3.879596e-07 5.343647e-05 3.575312e+00
249 3.895835e-07 4.185806e-03 3.614731e+00
250 3.881642e-07 3.643214e-03 3.743994e+00
251 3.881093e-07 1.413311e-04 3.912013e+00
252 3.877107e-07 1.027019e-03 3.559384e+00
253 3.893286e-07 4.173012e-03 3.583713e+00
254 3.879935e-07 3.429249e-03 3.607475e+00
255 3.883641e-07 9.550472e-04 3.624002e+00
256 3.878609e-07 1.295597e-03 3.591008e+00
257 3.893811e-07 3.919475e-03 3.680119e+00
258 3.880786e-07 3.345147e-03 3.583195e+00
259 3.880528e-07 6.640536e-05 3.640073e+00
260 3.875598e-07 1.270381e-03 3.543298e+00
261 3.892098e-07 4.257256e-03 3.672435e+00
262 3.879258e-07 3.298979e-03 3.655278e+00
263 3.878826e-07 1.112839e-04 3.679258e+00
264 3.883298e-07 1.152883e-03 3.503057e+00
265 3.884998e-07 4.378935e-04 3.416053e+00
266 3.885965e-07 2.488755e-04 3.335338e+00
267 3.886125e-07 4.112604e-05 3.440625e+00
268 3.877841e-07 2.131780e-03 3.399186e+00
269 3.878700e-07 2.216389e-04 3.519787e+00
270 3.871630e-07 1.822964e-03 3.415737e+00
271 3.873488e-07 4.801385e-04 3.366195e+00
272 3.872084e-07 3.626930e-04 3.487529e+00
273 3.871911e-07 4.452065e-05 4.343776e+00
274 3.871253e-07 1.699991e-04 3.663209e+00
275 3.870927e-07 8.412021e-05 3.722447e+00
276 3.870427e-07 1.291675e-04 3.663425e+00
277 3.871291e-07 2.230556e-04 3.647310e+00
278 3.870025e-07 3.268345e-04 3.583781e+00
279 3.869999e-07 6.776619e-06 3.599320e+00
280 3.868638e-07 3.518068e-04 3.576463e+00
281 3.868689e-07 1.326021e-05 3.559335e+00
282 3.868311e-07 9.768223e-05 3.696298e+00
283 3.868940e-07 1.626266e-04 3.870954e+00
284 3.868102e-07 2.167086e-04 3.583516e+00
285 3.868730e-07 1.623489e-04 3.576224e+00
286 3.867973e-07 1.956893e-04 3.607816e+00
287 3.868775e-07 2.074955e-04 3.591149e+00
288 3.868270e-07 1.305132e-04 3.543869e+00
289 3.867675e-07 1.538886e-04 3.591079e+00
290 3.867941e-07 6.877904e-05 3.608441e+00
291 3.868857e-07 2.367745e-04 3.663603e+00
292 3.868182e-07 1.744509e-04 3.831298e+00
293 3.867620e-07 1.452900e-04 4.295253e+00
294 3.867858e-07 6.150603e-05 3.791093e+00
295 3.868713e-07 2.209870e-04 3.639000e+00
296 3.867584e-07 2.916264e-04 3.359169e+00
297 3.868769e-07 3.063586e-04 3.391647e+00
298 3.867615e-07 2.984635e-04 3.358824e+00
299 3.868461e-07 2.187441e-04 3.615736e+00
300 3.867474e-07 2.550081e-04 3.583210e+00
301 3.868237e-07 1.972260e-04 3.503987e+00
302 3.867854e-07 9.898232e-05 3.574116e+00
303 3.867368e-07 1.256313e-04 3.647512e+00
304 3.867383e-07 3.876081e-06 3.695395e+00
305 3.868407e-07 2.647859e-04 4.126013e+00
306 3.352092e-06 7.665304e+00 3.551661e+00
307 8.260029e-06 1.464141e+00 3.534974e+00
308 4.733476e-06 4.269419e-01 3.551404e+00
309 2.974274e-06 3.716513e-01 3.728609e+00
310 2.509560e-06 1.562443e-01 3.647202e+00
311 2.446572e-06 2.509957e-02 3.616114e+00
312 2.391599e-06 2.246935e-02 3.599450e+00
313 1.858332e-06 2.229751e-01 3.584076e+00
314 1.598717e-06 1.397030e-01 3.703494e+00
315 1.546003e-06 3.297299e-02 3.919014e+00
316 1.119665e-06 2.757674e-01 3.822878e+00
317 1.059302e-06 5.391249e-02 3.815726e+00
318 1.194409e-06 1.275441e-01 3.759681e+00
319 9.341525e-07 2.178957e-01 3.590696e+00
320 6.856782e-07 2.659891e-01 3.542870e+00
321 7.452448e-07 8.687256e-02 3.584042e+00
322 4.519379e-07 3.935711e-01 3.671848e+00
323 4.671410e-07 3.363969e-02 3.501640e+00
324 4.826156e-07 3.312616e-02 3.455540e+00
325 3.482430e-07 2.784257e-01 3.448733e+00
326 2.910992e-07 1.640916e-01 3.606912e+00
327 3.068978e-07 5.427208e-02 3.560051e+00
328 2.896106e-07 5.632894e-02 3.551412e+00
329 2.279665e-07 2.128514e-01 3.511735e+00
330 1.890401e-07 1.707549e-01 3.447831e+00
331 1.857594e-07 1.735463e-02 3.408194e+00
332 1.611475e-07 1.324935e-01 3.383598e+00
333 1.736206e-07 7.740187e-02 3.527907e+00
334 1.283527e-07 2.607287e-01 3.735612e+00
335 1.168141e-07 8.989773e-02 3.951466e+00
336 8.355247e-08 2.847399e-01 3.639490e+00
337 7.793691e-08 6.720997e-02 3.487815e+00
338 8.961274e-08 1.498113e-01 3.351502e+00
339 6.559364e-08 2.680322e-01 3.487809e+00
340 6.223974e-08 5.113154e-02 3.568208e+00
341 4.781864e-08 2.317023e-01 3.599678e+00
342 6.453939e-08 3.496700e-01 3.598988e+00
343 5.114497e-08 2.075386e-01 3.694955e+00
344 4.977561e-08 2.677420e-02 3.599280e+00
345 3.754709e-08 2.456728e-01 3.719644e+00
346 5.413521e-08 4.417951e-01 3.551055e+00
347 3.482305e-08 3.567395e-01 3.640069e+00
348 4.190549e-08 2.033839e-01 3.623728e+00
349 3.108599e-08 2.581882e-01 3.599590e+00
350 3.716053e-08 1.954108e-01 3.599236e+00
351 3.122669e-08 1.596813e-01 3.693644e+00
352 3.139062e-08 5.249651e-03 4.009790e+00
353 2.002639e-08 3.620263e-01 3.614761e+00
354 2.418898e-08 2.078552e-01 3.631704e+00
355 1.803503e-08 2.544112e-01 3.568047e+00
356 2.224904e-08 2.336571e-01 3.567717e+00
357 1.545793e-08 3.052315e-01 3.575712e+00
358 1.931349e-08 2.494223e-01 3.567140e+00
359 1.217204e-08 3.697649e-01 3.647386e+00
360 1.280341e-08 5.187073e-02 3.664116e+00
361 1.288268e-08 6.191079e-03 3.663545e+00
362 1.017432e-08 2.102321e-01 3.647561e+00
363 1.434990e-08 4.104030e-01 3.664460e+00
364 9.356040e-09 3.480065e-01 3.567686e+00
365 1.187346e-08 2.690689e-01 3.623242e+00
366 9.220382e-09 2.234460e-01 3.711482e+00
367 1.037486e-08 1.252097e-01 3.735518e+00
368 9.201548e-09 1.130921e-01 4.383557e+00
369 1.005708e-08 9.297740e-02 3.965233e+00
370 7.073955e-09 2.966197e-01 3.383644e+00
371 7.481208e-09 5.757075e-02 3.607527e+00
372 1.047954e-08 4.007824e-01 3.599652e+00
373 6.867330e-09 3.446919e-01 3.607881e+00
374 8.787822e-09 2.796563e-01 3.695924e+00
375 6.758691e-09 2.309026e-01 3.711055e+00
376 9.424237e-09 3.943879e-01 3.752264e+00
377 6.855327e-09 2.725854e-01 3.623208e+00
378 7.921036e-09 1.554570e-01 3.471492e+00
379 6.318027e-09 2.023737e-01 3.623247e+00
380 8.324930e-09 3.176472e-01 3.664111e+00
381 6.713781e-09 1.935331e-01 3.621550e+00
382 7.151320e-09 6.517042e-02 3.694317e+00
383 5.748862e-09 1.961119e-01 3.687862e+00
384 6.975628e-09 2.133929e-01 3.647436e+00
385 6.403312e-09 8.204513e-02 3.846983e+00
386 6.187941e-09 3.363424e-02 3.615936e+00
387 5.814682e-09 6.032051e-02 3.759749e+00
388 5.506993e-09 5.291576e-02 3.621756e+00
389 5.410305e-09 1.755737e-02 3.839708e+00
390 6.653197e-09 2.297269e-01 3.624082e+00
391 4.416153e-09 3.362360e-01 3.783162e+00
392 5.499224e-09 2.452523e-01 3.711864e+00
393 3.644085e-09 3.373456e-01 3.399765e+00
394 5.334269e-09 4.638156e-01 3.359781e+00
395 3.136014e-09 4.121004e-01 3.455892e+00
396 4.257340e-09 3.575639e-01 3.511700e+00
397 2.853528e-09 3.297393e-01 3.447436e+00
398 3.939947e-09 3.807284e-01 3.575641e+00
399 3.763370e-09 4.481710e-02 3.758728e+00
400 3.618483e-09 3.849930e-02 3.950029e+00
401 3.217101e-09 1.109255e-01 3.533924e+00
402 4.115775e-09 2.793429e-01 3.679142e+00
403 2.311513e-09 4.383771e-01 3.622008e+00
404 3.726708e-09 6.122372e-01 3.607664e+00
405 2.602303e-09 3.017154e-01 3.560562e+00
406 3.364437e-09 2.928692e-01 3.527615e+00
407 2.337586e-09 3.052073e-01 3.575718e+00
408 3.059608e-09 3.088749e-01 3.565206e+00
409 2.193929e-09 2.829379e-01 3.527541e+00
410 2.005964e-09 8.567485e-02 3.568418e+00
411 2.330642e-09 1.618560e-01 3.599058e+00
412 2.014163e-09 1.357905e-01 3.591951e+00
413 2.407522e-09 1.952964e-01 3.558955e+00
414 1.906394e-09 2.081507e-01 3.550568e+00
415 1.753249e-09 8.033260e-02 3.583757e+00
416 1.575526e-09 1.013676e-01 3.584464e+00
417 1.567696e-09 4.970024e-03 3.765677e+00
418 1.381776e-09 1.185941e-01 4.576130e+00
419 1.803099e-09 3.049139e-01 4.054103e+00
420 1.184550e-09 3.430475e-01 3.671091e+00
421 1.447142e-09 2.216802e-01 3.576440e+00
422 1.204806e-09 1.674582e-01 3.592632e+00
423 1.387046e-09 1.512610e-01 3.630784e+00
424 1.060902e-09 2.351355e-01 3.592316e+00
425 1.235709e-09 1.647721e-01 3.653983e+00
426 1.106190e-09 1.048138e-01 3.655744e+00
427 1.007269e-09 8.942474e-02 3.711634e+00
428 9.967619e-10 1.043154e-02 3.624361e+00
429 8.962600e-10 1.008284e-01 3.662906e+00
430 8.825181e-10 1.533249e-02 3.624011e+00
431 8.465435e-10 4.076354e-02 3.608139e+00
432 8.117216e-10 4.113424e-02 3.591648e+00
433 8.621642e-10 6.214280e-02 3.647269e+00
434 7.729997e-10 1.034195e-01 3.631188e+00
435 8.682032e-10 1.231611e-01 3.647571e+00
436 7.076913e-10 1.848782e-01 3.680062e+00
437 6.942984e-10 1.892485e-02 3.775930e+00
438 6.402009e-10 7.791679e-02 3.774492e+00
439 6.863395e-10 7.206902e-02 3.565251e+00
440 5.743562e-10 1.631602e-01 3.551286e+00
441 4.589034e-10 2.010127e-01 3.583626e+00
442 4.258918e-10 7.193583e-02 3.607624e+00
443 4.544327e-10 6.701456e-02 3.647784e+00
444 4.579015e-10 7.633211e-03 3.557776e+00
445 3.881990e-10 1.522215e-01 3.599942e+00
446 2.818243e-10 2.740210e-01 3.559287e+00
447 3.217793e-10 1.417725e-01 3.647415e+00
448 2.612210e-10 1.881980e-01 3.767591e+00
449 2.968088e-10 1.362362e-01 3.871985e+00
450 2.675709e-10 9.850768e-02 3.527744e+00
451 2.782022e-10 3.973297e-02 3.702825e+00
452 2.194943e-10 2.110261e-01 3.560111e+00
453 2.580428e-10 1.756241e-01 3.560074e+00
454 2.266950e-10 1.214830e-01 3.503611e+00
455 2.065480e-10 8.887269e-02 3.584116e+00
456 1.814969e-10 1.212845e-01 3.574692e+00
457 2.156838e-10 1.883606e-01 3.600330e+00
458 1.669030e-10 2.261679e-01 3.567342e+00
459 1.983748e-10 1.885628e-01 3.552157e+00
460 1.620553e-10 1.830853e-01 3.550750e+00
461 2.108621e-10 3.011741e-01 3.903921e+00
462 1.545718e-10 2.669532e-01 3.551715e+00
463 1.956725e-10 2.659002e-01 3.511684e+00
464 1.439507e-10 2.643281e-01 3.695317e+00
465 1.826989e-10 2.691762e-01 3.726527e+00
466 1.260919e-10 3.098374e-01 3.696254e+00
467 1.690627e-10 3.407890e-01 3.614951e+00
468 1.546604e-10 8.518887e-02 3.623563e+00
469 1.532439e-10 9.158993e-03 3.654905e+00
470 1.139182e-10 2.566214e-01 3.599805e+00
471 1.476402e-10 2.960196e-01 3.600475e+00
472 1.001651e-10 3.215596e-01 3.582812e+00
473 1.447487e-10 4.451007e-01 3.543464e+00
474 8.078105e-11 4.419220e-01 3.607056e+00
