1 9.834204e-01 1.000000e+00 4.047089e+00
2 9.599167e-01 2.389991e-02 3.695056e+00
3 9.290504e-01 3.215522e-02 4.080486e+00
4 9.253360e-01 3.998076e-03 3.647072e+00
5 9.148417e-01 1.134099e-02 3.918116e+00
6 8.952775e-01 2.138534e-02 3.503814e+00
7 8.749138e-01 2.274576e-02 3.599084e+00
8 8.445308e-01 3.472686e-02 3.783913e+00
9 5.596300e-01 3.373480e-01 3.496095e+00
10 5.549954e-01 8.281484e-03 3.486708e+00
11 5.129891e-01 7.568781e-02 3.838144e+00
12 4.030798e-01 2.142527e-01 3.887638e+00
13 3.892971e-01 3.419339e-02 3.655260e+00
14 3.678817e-01 5.501049e-02 3.688146e+00
15 3.626286e-01 1.427939e-02 4.207558e+00
16 3.543841e-01 2.273519e-02 3.743756e+00
17 3.520778e-01 6.508086e-03 3.655618e+00
18 3.501151e-01 5.574591e-03 3.454962e+00
19 3.470115e-01 8.864600e-03 3.608388e+00
20 3.231803e-01 6.867532e-02 3.615769e+00
21 2.970236e-01 8.093541e-02 3.591733e+00
22 2.512371e-01 1.541511e-01 3.663171e+00
23 2.401978e-01 4.393983e-02 3.890823e+00
24 2.123057e-01 1.161213e-01 3.455891e+00
25 2.104760e-01 8.618334e-03 3.304045e+00
26 2.080521e-01 1.151608e-02 3.399817e+00
27 2.028132e-01 2.518075e-02 3.463256e+00
28 1.960324e-01 3.343373e-02 3.320526e+00
29 1.750011e-01 1.072847e-01 3.312169e+00
30 1.593558e-01 8.940153e-02 3.335994e+00
31 1.592428e-01 7.087813e-04 3.288104e+00
32 1.457430e-01 8.477488e-02 3.255755e+00
33 1.427595e-01 2.047089e-02 3.368372e+00
34 1.275812e-01 1.063206e-01 3.566963e+00
35 1.265278e-01 8.257167e-03 3.826650e+00
36 1.126433e-01 1.097349e-01 3.408067e+00
37 1.106630e-01 1.758025e-02 3.326986e+00
38 1.046310e-01 5.450753e-02 3.384126e+00
39 7.630497e-02 2.707231e-01 3.414320e+00
40 7.509299e-02 1.588339e-02 3.599840e+00
41 7.220100e-02 3.851213e-02 3.615575e+00
42 6.321370e-02 1.244761e-01 3.655785e+00
43 5.410632e-02 1.440729e-01 3.631081e+00
44 5.947376e-02 9.920187e-02 3.720069e+00
45 5.352843e-02 9.996569e-02 3.679621e+00
46 4.342763e-02 1.886997e-01 3.615564e+00
47 3.758142e-02 1.346196e-01 3.820393e+00
48 3.471033e-02 7.639668e-02 3.839865e+00
49 3.192568e-02 8.022521e-02 3.535150e+00
50 3.280475e-02 2.753473e-02 3.647795e+00
51 2.482105e-02 2.433702e-01 3.576230e+00
52 2.157347e-02 1.308398e-01 3.526732e+00
53 2.160275e-02 1.357421e-03 3.648239e+00
54 2.506528e-02 1.602817e-01 3.662525e+00
55 1.752515e-02 3.008195e-01 3.512131e+00
56 1.745939e-02 3.752389e-03 3.614322e+00
57 1.599718e-02 8.374916e-02 3.463884e+00
58 1.578737e-02 1.311578e-02 3.463717e+00
59 1.344524e-02 1.483546e-01 3.447852e+00
60 1.382070e-02 2.792561e-02 3.455874e+00
61 1.283587e-02 7.125803e-02 3.446181e+00
62 1.231217e-02 4.079945e-02 3.389820e+00
63 1.200177e-02 2.521086e-02 3.488078e+00
64 1.203771e-02 2.994686e-03 3.496342e+00
65 1.123724e-02 6.649718e-02 3.598840e+00
66 1.058100e-02 5.839857e-02 3.528526e+00
67 1.013297e-02 4.234247e-02 3.527817e+00
68 9.871893e-03 2.576553e-02 3.551152e+00
69 9.742466e-03 1.311065e-02 3.552303e+00
70 8.968125e-03 7.948100e-02 3.519469e+00
71 8.523493e-03 4.957912e-02 3.295457e+00
72 7.657643e-03 1.015839e-01 3.503299e+00
73 7.080781e-03 7.533157e-02 3.503720e+00
74 6.904911e-03 2.483763e-02 3.479816e+00
75 6.570681e-03 4.840465e-02 3.487669e+00
76 6.664320e-03 1.425100e-02 3.472442e+00
77 6.530135e-03 2.013485e-02 3.558772e+00
78 6.380568e-03 2.290406e-02 3.496525e+00
79 8.959812e-03 4.042342e-01 3.423187e+00
80 5.175245e-03 4.223936e-01 3.319495e+00
81 6.605141e-03 2.762954e-01 3.344065e+00
82 4.935696e-03 2.527495e-01 3.279600e+00
83 4.714930e-03 4.472826e-02 3.535701e+00
84 4.780341e-03 1.387317e-02 3.624298e+00
85 5.189667e-03 8.562679e-02 3.663014e+00
86 3.894934e-03 2.494829e-01 3.560442e+00
87 2.006497e-03 4.848444e-01 3.503390e+00
88 1.482517e-03 2.611418e-01 3.455306e+00
89 1.271709e-03 1.421963e-01 3.544060e+00
90 9.400984e-04 2.607595e-01 3.551053e+00
91 8.871532e-04 5.631877e-02 3.560478e+00
92 9.325130e-04 5.112958e-02 3.463352e+00
93 6.138216e-04 3.417554e-01 3.511691e+00
94 6.330119e-04 3.126365e-02 3.407796e+00
95 7.318125e-04 1.560801e-01 3.383638e+00
96 1.492574e-03 1.039558e+00 3.487759e+00
97 1.006729e-03 3.255085e-01 3.909862e+00
98 6.049598e-04 3.990835e-01 3.662859e+00
99 5.833915e-04 3.565243e-02 3.439541e+00
100 4.791547e-04 1.786738e-01 3.536391e+00
101 5.918399e-04 2.351749e-01 3.567056e+00
102 4.043456e-04 3.167990e-01 3.431996e+00
103 4.261718e-04 5.397917e-02 3.488152e+00
104 6.465057e-04 5.170072e-01 3.471940e+00
105 5.810707e-04 1.012134e-01 3.439014e+00
106 4.575781e-04 2.125258e-01 3.464199e+00
107 3.881626e-04 1.517021e-01 3.503212e+00
108 3.124148e-04 1.951444e-01 3.608018e+00
109 4.601642e-04 4.729272e-01 3.875401e+00
110 4.015343e-04 1.274110e-01 3.455667e+00
111 4.854300e-04 2.089380e-01 3.487619e+00
112 5.023078e-04 3.476874e-02 3.399796e+00
113 3.577794e-04 2.877288e-01 3.520632e+00
114 3.901922e-04 9.059450e-02 3.399836e+00
115 3.158961e-04 1.904092e-01 3.470901e+00
116 3.669091e-04 1.614867e-01 3.327765e+00
117 3.416624e-04 6.880917e-02 3.295977e+00
118 2.959400e-04 1.338231e-01 3.424209e+00
119 4.539605e-04 5.339609e-01 3.519421e+00
120 2.683494e-04 4.088706e-01 3.560041e+00
121 3.106070e-04 1.574723e-01 3.822901e+00
122 3.261625e-04 5.008116e-02 3.455522e+00
123 2.881105e-04 1.166658e-01 3.360284e+00
124 2.117223e-04 2.651351e-01 3.415571e+00
125 1.764418e-04 1.666355e-01 3.439179e+00
126 2.245418e-04 2.726108e-01 3.415983e+00
127 1.598575e-04 2.880727e-01 3.351541e+00
128 1.510117e-04 5.533521e-02 3.448306e+00
129 1.413036e-04 6.428693e-02 3.391644e+00
130 1.342521e-04 4.990322e-02 3.479261e+00
131 1.605335e-04 1.957616e-01 3.544485e+00
132 1.211798e-04 2.451433e-01 3.575198e+00
133 2.458688e-04 1.028958e+00 3.727318e+00
134 1.433673e-04 4.168950e-01 3.280478e+00
135 1.501901e-04 4.758963e-02 3.335234e+00
136 1.202371e-04 1.994339e-01 3.463997e+00
137 2.137680e-04 7.778869e-01 3.215335e+00
138 1.576911e-04 2.623258e-01 3.343587e+00
139 1.177018e-04 2.535927e-01 3.479454e+00
140 9.510999e-05 1.919412e-01 3.407294e+00
141 1.521901e-04 6.001480e-01 3.495710e+00
142 1.269803e-04 1.656467e-01 3.471922e+00
143 1.293775e-04 1.887834e-02 3.559532e+00
144 1.065722e-04 1.762695e-01 3.431787e+00
145 1.367039e-04 2.827359e-01 3.424069e+00
146 9.964640e-05 2.710788e-01 3.463300e+00
147 8.832993e-05 1.135662e-01 3.496575e+00
148 1.019520e-04 1.542177e-01 3.447285e+00
149 8.335056e-05 1.824527e-01 3.408270e+00
150 1.026588e-04 2.316509e-01 3.551612e+00
151 6.484737e-05 3.683213e-01 3.495429e+00
152 6.860811e-05 5.799369e-02 3.512214e+00
153 7.621905e-05 1.109335e-01 3.623791e+00
154 6.032756e-05 2.084976e-01 3.735179e+00
155 4.493409e-05 2.551648e-01 3.544046e+00
156 7.338281e-05 6.331210e-01 3.488010e+00
157 5.339542e-05 2.723715e-01 3.503247e+00
158 7.510255e-05 4.065353e-01 3.521223e+00
159 6.733678e-05 1.034021e-01 3.534601e+00
160 6.658651e-05 1.114218e-02 3.407752e+00
161 6.210842e-05 6.725212e-02 3.447695e+00
162 6.232875e-05 3.547477e-03 3.415256e+00
163 6.083775e-05 2.392151e-02 3.383767e+00
164 6.072944e-05 1.780308e-03 3.576150e+00
165 5.398461e-05 1.110637e-01 3.559464e+00
166 5.797208e-05 7.386305e-02 3.675259e+00
167 4.895295e-05 1.555770e-01 3.415092e+00
168 3.997031e-05 1.834955e-01 3.423950e+00
169 3.987107e-05 2.482827e-03 3.487593e+00
170 5.282820e-05 3.249758e-01 3.304149e+00
171 5.108877e-05 3.292608e-02 3.247263e+00
172 4.798627e-05 6.072767e-02 3.231839e+00
173 4.638080e-05 3.345685e-02 3.279951e+00
174 4.707816e-05 1.503551e-02 3.263173e+00
175 7.637130e-05 6.222234e-01 3.320594e+00
176 6.342084e-05 1.695722e-01 3.366137e+00
177 6.368970e-05 4.239257e-03 3.360282e+00
178 7.637885e-05 1.992340e-01 3.831156e+00
179 6.156784e-05 1.939151e-01 3.448055e+00
180 6.935752e-05 1.265218e-01 3.335572e+00
181 7.415519e-05 6.917305e-02 3.843649e+00
182 5.288055e-05 2.868934e-01 3.703845e+00
183 4.252092e-05 1.959063e-01 3.492885e+00
184 5.006765e-05 1.774827e-01 3.559698e+00
185 5.669657e-05 1.323993e-01 3.519509e+00
186 4.465030e-05 2.124690e-01 3.343711e+00
187 3.573039e-05 1.997728e-01 3.335144e+00
188 4.608317e-05 2.897472e-01 3.416368e+00
189 3.893998e-05 1.550065e-01 3.319113e+00
190 3.498698e-05 1.015152e-01 3.399694e+00
191 2.798692e-05 2.000761e-01 3.343776e+00
192 2.823997e-05 9.041949e-03 3.480422e+00
193 2.574614e-05 8.830884e-02 3.591657e+00
194 2.799971e-05 8.753045e-02 3.860223e+00
195 2.587802e-05 7.577536e-02 3.503778e+00
196 2.713707e-05 4.865323e-02 3.519582e+00
197 2.180257e-05 1.965760e-01 3.543958e+00
198 1.986221e-05 8.899681e-02 3.463045e+00
199 2.263050e-05 1.393744e-01 3.463737e+00
200 2.551122e-05 1.272941e-01 3.455738e+00
201 2.429557e-05 4.765157e-02 3.528377e+00
202 2.401502e-05 1.154767e-02 3.455727e+00
203 2.107577e-05 1.223919e-01 3.487242e+00
204 1.958146e-05 7.090169e-02 3.599364e+00
205 1.838130e-05 6.129062e-02 3.656422e+00
206 2.032825e-05 1.059199e-01 3.729104e+00
207 1.530986e-05 2.468678e-01 3.471437e+00
208 1.528439e-05 1.663834e-03 3.529309e+00
209 3.150238e-05 1.061082e+00 3.559745e+00
210 2.148037e-05 3.181351e-01 3.528260e+00
211 2.062633e-05 3.975915e-02 3.359974e+00
212 2.538105e-05 2.305174e-01 3.438981e+00
213 1.266169e-04 3.988637e+00 3.479398e+00
214 1.991205e-04 5.726227e-01 3.464139e+00
215 9.410902e-05 5.273766e-01 3.463388e+00
216 6.635245e-05 2.949406e-01 3.503239e+00
217 4.448313e-05 3.295932e-01 3.591313e+00
218 5.096905e-05 1.458062e-01 3.663281e+00
219 3.700048e-05 2.740599e-01 3.487754e+00
220 3.288174e-05 1.113159e-01 3.408269e+00
221 2.803801e-05 1.473074e-01 3.535678e+00
222 2.476052e-05 1.168946e-01 3.543873e+00
223 1.985254e-05 1.982182e-01 3.520051e+00
224 1.868586e-05 5.876720e-02 3.519625e+00
225 1.511577e-05 1.910585e-01 3.520554e+00
226 1.226027e-05 1.889086e-01 3.583206e+00
227 1.438551e-05 1.733438e-01 3.511317e+00
228 1.267875e-05 1.186442e-01 3.743752e+00
229 1.200118e-05 5.344159e-02 3.600027e+00
230 1.119704e-05 6.700495e-02 3.655774e+00
231 9.613054e-06 1.414649e-01 3.519084e+00
232 8.497561e-06 1.160393e-01 3.527521e+00
233 7.650479e-06 9.968531e-02 3.408088e+00
234 7.256205e-06 5.153592e-02 3.423776e+00
235 7.698748e-06 6.098825e-02 3.503569e+00
236 5.128245e-06 3.338858e-01 3.463954e+00
237 6.286520e-06 2.258619e-01 3.487314e+00
238 5.299291e-06 1.570390e-01 3.487883e+00
239 5.821227e-06 9.849163e-02 3.560282e+00
240 4.719204e-06 1.893111e-01 3.519137e+00
241 4.155646e-06 1.194180e-01 3.495562e+00
242 4.267133e-06 2.682770e-02 3.391979e+00
243 4.255360e-06 2.758931e-03 3.463851e+00
244 3.610019e-06 1.516538e-01 3.471395e+00
245 3.485372e-06 3.452804e-02 3.448382e+00
246 3.473360e-06 3.446365e-03 3.479904e+00
247 3.556569e-06 2.395649e-02 3.543344e+00
248 3.546643e-06 2.791092e-03 3.480098e+00
249 3.868041e-06 9.062056e-02 3.567067e+00
250 3.117119e-06 1.941350e-01 3.528026e+00
251 2.927849e-06 6.071939e-02 4.045118e+00
252 2.783276e-06 4.937884e-02 3.576065e+00
253 2.867504e-06 3.026238e-02 3.735368e+00
254 2.889168e-06 7.555016e-03 3.758455e+00
255 2.975193e-06 2.977483e-02 3.431787e+00
256 2.967733e-06 2.507263e-03 3.383671e+00
257 2.794614e-06 5.833368e-02 3.519782e+00
258 2.890514e-06 3.431578e-02 3.568309e+00
259 2.558007e-06 1.150338e-01 3.527837e+00
260 2.675809e-06 4.605233e-02 3.591109e+00
261 2.705654e-06 1.115366e-02 3.592388e+00
262 2.670538e-06 1.297880e-02 3.631253e+00
263 2.628129e-06 1.588040e-02 3.511447e+00
264 2.535955e-06 3.507214e-02 3.735902e+00
265 2.329024e-06 8.159887e-02 3.536367e+00
266 2.390836e-06 2.653995e-02 3.535092e+00
267 2.366676e-06 1.010511e-02 3.688360e+00
268 2.315434e-06 2.165157e-02 4.751431e+00
269 2.296958e-06 7.979668e-03 3.431523e+00
270 2.254688e-06 1.840259e-02 3.432153e+00
271 2.205034e-06 2.202218e-02 3.295121e+00
272 2.258003e-06 2.402151e-02 3.340348e+00
273 2.213162e-06 1.985855e-02 3.383828e+00
274 2.241700e-06 1.289457e-02 3.416473e+00
275 2.193562e-06 2.147368e-02 3.407823e+00
276 2.194585e-06 4.664271e-04 3.406812e+00
277 2.201834e-06 3.302861e-03 3.559317e+00
278 2.200958e-06 3.975780e-04 3.568086e+00
279 2.172675e-06 1.285073e-02 4.230117e+00
280 2.178940e-06 2.883947e-03 4.692290e+00
281 2.132952e-06 2.110594e-02 3.616155e+00
282 2.144961e-06 5.630304e-03 3.527294e+00
283 2.101948e-06 2.005320e-02 3.600220e+00
284 2.095013e-06 3.299148e-03 3.623394e+00
285 2.113061e-06 8.614656e-03 3.495629e+00
286 2.110890e-06 1.027330e-03 3.592170e+00
287 2.083859e-06 1.280565e-02 3.487450e+00
288 2.092986e-06 4.379858e-03 3.655730e+00
289 2.093654e-06 3.192821e-04 3.521275e+00
290 2.080924e-06 6.080189e-03 4.144450e+00
291 2.082321e-06 6.713152e-04 4.111248e+00
292 2.100066e-06 8.521877e-03 3.607602e+00
293 2.057620e-06 2.021211e-02 3.443504e+00
294 2.073319e-06 7.630059e-03 3.551835e+00
295 2.059623e-06 6.605891e-03 3.480201e+00
296 2.059575e-06 2.334342e-05 3.536120e+00
297 2.062892e-06 1.610522e-03 3.631507e+00
298 2.054245e-06 4.191681e-03 3.519306e+00
299 2.053628e-06 3.003158e-04 3.607354e+00
300 2.049702e-06 1.912047e-03 3.502451e+00
301 2.046814e-06 1.408565e-03 3.695156e+00
302 2.043816e-06 1.465158e-03 3.599966e+00
303 2.056928e-06 6.415543e-03 3.821771e+00
304 2.035426e-06 1.045323e-02 3.463245e+00
305 2.238060e-06 9.955357e-02 3.536628e+00
306 2.273373e-06 1.577832e-02 3.598917e+00
307 8.658790e-05 3.708785e+01 3.495551e+00
308 8.479217e-05 2.073876e-02 3.639958e+00
309 3.803241e-05 5.514632e-01 3.487277e+00
310 4.125488e-05 8.472959e-02 3.408172e+00
311 3.471113e-05 1.586177e-01 3.463197e+00
312 3.325670e-05 4.190087e-02 3.416565e+00
313 3.022590e-05 9.113367e-02 3.615623e+00
314 2.198358e-05 2.726906e-01 3.567395e+00
315 2.107797e-05 4.119503e-02 3.502027e+00
316 1.613798e-05 2.343674e-01 3.503102e+00
317 1.321495e-05 1.811273e-01 3.567778e+00
318 1.562380e-05 1.822820e-01 3.407894e+00
319 1.168275e-05 2.522461e-01 3.559920e+00
320 9.881496e-06 1.541810e-01 3.439653e+00
321 1.004493e-05 1.653945e-02 3.439832e+00
322 1.093058e-05 8.816869e-02 3.408081e+00
323 9.841186e-06 9.966468e-02 3.551818e+00
324 8.195948e-06 1.671789e-01 3.783791e+00
325 7.947683e-06 3.029109e-02 3.703480e+00
326 6.216205e-06 2.178595e-01 3.797521e+00
327 5.624035e-06 9.526224e-02 3.487358e+00
328 5.169050e-06 8.090018e-02 3.488055e+00
329 3.619615e-06 2.997524e-01 3.414574e+00
330 3.823209e-06 5.624752e-02 3.471057e+00
331 3.330220e-06 1.289464e-01 3.383825e+00
332 3.616531e-06 8.597361e-02 3.327945e+00
333 2.884204e-06 2.024943e-01 3.327665e+00
334 2.639644e-06 8.479289e-02 3.392037e+00
335 2.734976e-06 3.611544e-02 3.376596e+00
336 2.385229e-06 1.278796e-01 3.358831e+00
337 2.143385e-06 1.013923e-01 3.479816e+00
338 2.062228e-06 3.786396e-02 3.487001e+00
339 2.049846e-06 6.004296e-03 3.486422e+00
340 2.109894e-06 2.929426e-02 3.416675e+00
341 2.078367e-06 1.494259e-02 3.647078e+00
342 1.868903e-06 1.007829e-01 3.448426e+00
343 1.649744e-06 1.172664e-01 3.269384e+00
344 1.845675e-06 1.187649e-01 3.311409e+00
345 1.676695e-06 9.155460e-02 3.495940e+00
346 1.516422e-06 9.558893e-02 3.456139e+00
347 1.469961e-06 3.063837e-02 3.503064e+00
348 1.344855e-06 8.510854e-02 3.480193e+00
349 1.369350e-06 1.821394e-02 3.559444e+00
350 1.292349e-06 5.623209e-02 3.495963e+00
351 1.546960e-06 1.970142e-01 3.415873e+00
352 1.266990e-06 1.809805e-01 3.415480e+00
353 1.271190e-06 3.314582e-03 3.335608e+00
354 1.342436e-06 5.604727e-02 3.272541e+00
355 1.279811e-06 4.665057e-02 3.382751e+00
356 1.315359e-06 2.777593e-02 3.496095e+00
357 1.140860e-06 1.326624e-01 3.431452e+00
358 1.249462e-06 9.519322e-02 3.440351e+00
359 1.119199e-06 1.042554e-01 3.423815e+00
360 1.096141e-06 2.060230e-02 3.407371e+00
361 1.086936e-06 8.397698e-03 3.440004e+00
362 1.125348e-06 3.533964e-02 3.440089e+00
363 1.061112e-06 5.708050e-02 3.463400e+00
364 1.096396e-06 3.325109e-02 3.455683e+00
365 1.060520e-06 3.272133e-02 3.368244e+00
366 1.057793e-06 2.571087e-03 3.343213e+00
367 1.058740e-06 8.946100e-04 3.549869e+00
368 1.059899e-06 1.094778e-03 3.407906e+00
369 1.033626e-06 2.478813e-02 3.799852e+00
370 1.039615e-06 5.793967e-03 3.488326e+00
371 1.006338e-06 3.200902e-02 3.287946e+00
372 1.001197e-06 5.108338e-03 3.351695e+00
373 9.978987e-07 3.294272e-03 3.343791e+00
374 1.000861e-06 2.968652e-03 3.375445e+00
375 9.885930e-07 1.225752e-02 3.392016e+00
376 9.761551e-07 1.258150e-02 3.360004e+00
377 9.756328e-07 5.350540e-04 3.335137e+00
378 9.616108e-07 1.437222e-02 3.319737e+00
379 9.579903e-07 3.764936e-03 3.543470e+00
380 9.648242e-07 7.133502e-03 3.463889e+00
381 9.559221e-07 9.226648e-03 3.423400e+00
382 9.616805e-07 6.023916e-03 3.408303e+00
383 9.691840e-07 7.802513e-03 3.399538e+00
384 9.438306e-07 2.615958e-02 3.392168e+00
385 9.506058e-07 7.178423e-03 3.368508e+00
386 9.338425e-07 1.763436e-02 3.343272e+00
387 9.363731e-07 2.709939e-03 3.344265e+00
388 9.279173e-07 9.030419e-03 3.375665e+00
389 9.167193e-07 1.206782e-02 3.455847e+00
390 9.166869e-07 3.531590e-05 3.567276e+00
391 9.184495e-07 1.922762e-03 3.655422e+00
392 9.174911e-07 1.043496e-03 3.751635e+00
393 9.438492e-07 2.872844e-02 4.047170e+00
394 9.274200e-07 1.740664e-02 3.415643e+00
395 9.247466e-07 2.882619e-03 3.511622e+00
396 9.122438e-07 1.352021e-02 3.431945e+00
397 9.025492e-07 1.062717e-02 3.392259e+00
398 8.992927e-07 3.608200e-03 3.391461e+00
399 8.931584e-07 6.821256e-03 3.471667e+00
400 8.923630e-07 8.904531e-04 3.279946e+00
401 8.995883e-07 8.096767e-03 3.404605e+00
402 8.902104e-07 1.042468e-02 3.423557e+00
403 8.879770e-07 2.508806e-03 3.663765e+00
404 8.822581e-07 6.440369e-03 3.414453e+00
405 8.870230e-07 5.400763e-03 3.440681e+00
406 8.863131e-07 8.003083e-04 3.423313e+00
407 8.852687e-07 1.178307e-03 3.575762e+00
408 8.843934e-07 9.887448e-04 3.502645e+00
409 8.856586e-07 1.430541e-03 3.367535e+00
410 8.797674e-07 6.651717e-03 3.464192e+00
411 9.059128e-07 2.971844e-02 3.216076e+00
412 8.892756e-07 1.836510e-02 3.455044e+00
413 8.811019e-07 9.191336e-03 3.519914e+00
414 8.766803e-07 5.018368e-03 3.383467e+00
415 8.770586e-07 4.315190e-04 3.463908e+00
416 8.725378e-07 5.154428e-03 3.423442e+00
417 8.848808e-07 1.414603e-02 3.503840e+00
418 8.740041e-07 1.229172e-02 3.431913e+00
419 8.701747e-07 4.381457e-03 3.855744e+00
420 8.668600e-07 3.809172e-03 3.519397e+00
421 8.742955e-07 8.577462e-03 3.552233e+00
422 1.584467e-05 1.712278e+01 3.487816e+00
423 2.601359e-05 6.417884e-01 3.463621e+00
424 1.316920e-05 4.937568e-01 3.431948e+00
425 4.634678e-05 2.519331e+00 3.279975e+00
426 3.670331e-05 2.080721e-01 3.407442e+00
427 2.522907e-05 3.126214e-01 3.391957e+00
428 4.485128e-05 7.777619e-01 3.375158e+00
429 3.358647e-05 2.511591e-01 3.735674e+00
430 3.181085e-05 5.286719e-02 3.536571e+00
431 2.869579e-05 9.792434e-02 3.535151e+00
432 2.339597e-05 1.846900e-01 3.503625e+00
433 3.543877e-05 5.147383e-01 3.312596e+00
434 3.046503e-05 1.403473e-01 3.375647e+00
435 2.104535e-05 3.091967e-01 3.439635e+00
436 3.573067e-05 6.977944e-01 3.502029e+00
437 3.388779e-05 5.157713e-02 3.462991e+00
438 1.927496e-05 4.312121e-01 3.463696e+00
439 1.745545e-05 9.439791e-02 3.599696e+00
440 1.649346e-05 5.511103e-02 3.495276e+00
441 2.736294e-05 6.590177e-01 3.416387e+00
442 2.502031e-05 8.561336e-02 3.647417e+00
443 1.675296e-05 3.304254e-01 3.743842e+00
444 1.413922e-05 1.560168e-01 3.735592e+00
445 1.539367e-05 8.872113e-02 3.559136e+00
446 1.248727e-05 1.888049e-01 3.503698e+00
447 1.146703e-05 8.170177e-02 3.367716e+00
448 8.590169e-06 2.508814e-01 3.447286e+00
449 1.587417e-05 8.479465e-01 3.543858e+00
450 1.288991e-05 1.879946e-01 3.495485e+00
451 1.042311e-05 1.913747e-01 3.400645e+00
452 8.624322e-06 1.725770e-01 3.454842e+00
453 1.129648e-05 3.098395e-01 3.600258e+00
454 8.506293e-06 2.469960e-01 3.535570e+00
455 7.389380e-06 1.313043e-01 3.755048e+00
456 1.626623e-05 1.201299e+00 3.711722e+00
457 1.102319e-05 3.223267e-01 3.575108e+00
458 8.969610e-06 1.862964e-01 3.591540e+00
459 1.084824e-05 2.094439e-01 3.375127e+00
460 1.054404e-05 2.804152e-02 3.432035e+00
461 6.516766e-06 3.819479e-01 3.383203e+00
462 6.901934e-06 5.910425e-02 3.376072e+00
463 7.287999e-06 5.593580e-02 3.791666e+00
464 6.521456e-06 1.051789e-01 3.535554e+00
465 8.073999e-06 2.380671e-01 3.463514e+00
466 6.260670e-06 2.245887e-01 3.584713e+00
467 4.928750e-06 2.127441e-01 3.663603e+00
468 6.921988e-06 4.044106e-01 3.649522e+00
469 5.862538e-06 1.530557e-01 3.504100e+00
470 5.191172e-06 1.145181e-01 3.391779e+00
471 5.144012e-06 9.084596e-03 3.511787e+00
472 4.571703e-06 1.112574e-01 3.527396e+00
473 4.474316e-06 2.130212e-02 3.503925e+00
474 4.246368e-06 5.094588e-02 3.463476e+00
475 3.392774e-06 2.010175e-01 3.472003e+00
476 3.503382e-06 3.260125e-02 3.502910e+00
477 4.211158e-06 2.020264e-01 3.550727e+00
478 4.306870e-06 2.272824e-02 3.624554e+00
479 3.998148e-06 7.168131e-02 3.795588e+00
480 3.555965e-06 1.105970e-01 3.503898e+00
481 3.616819e-06 1.711307e-02 3.528241e+00
482 3.100805e-06 1.426706e-01 3.605371e+00
483 3.020516e-06 2.589290e-02 3.415855e+00
484 2.871058e-06 4.948106e-02 3.375229e+00
485 2.535450e-06 1.168935e-01 3.336279e+00
486 2.585112e-06 1.958698e-02 3.255189e+00
487 2.192570e-06 1.518470e-01 3.391874e+00
488 2.400092e-06 9.464763e-02 3.256035e+00
489 1.815835e-06 2.434308e-01 3.279922e+00
490 1.996854e-06 9.968903e-02 3.463168e+00
491 1.829643e-06 8.373731e-02 3.584034e+00
492 1.837014e-06 4.028875e-03 3.527652e+00
493 1.279023e-06 3.037493e-01 3.455782e+00
494 2.427773e-06 8.981472e-01 3.390958e+00
495 1.695776e-06 3.015096e-01 3.463684e+00
496 1.351623e-06 2.029472e-01 3.552372e+00
497 1.025461e-06 2.413118e-01 3.511076e+00
498 1.024660e-06 7.808813e-04 3.536393e+00
499 1.017298e-06 7.184717e-03 3.527836e+00
500 7.846584e-07 2.286838e-01 3.550983e+00
501 8.542756e-07 8.872291e-02 3.431838e+00
502 7.203014e-07 1.568278e-01 3.598678e+00
503 6.432697e-07 1.069437e-01 3.977961e+00
504 1.940433e-06 2.016515e+00 3.599696e+00
505 1.331885e-06 3.136146e-01 3.447940e+00
506 8.860138e-07 3.347669e-01 3.487360e+00
507 6.884496e-07 2.229809e-01 3.576014e+00
508 6.297322e-07 8.528936e-02 3.503433e+00
509 6.175688e-07 1.931511e-02 3.503291e+00
510 5.515577e-07 1.068887e-01 3.423754e+00
511 5.319207e-07 3.560282e-02 3.432166e+00
512 3.726893e-07 2.993517e-01 3.511626e+00
513 4.397958e-07 1.800599e-01 3.479404e+00
514 1.498471e-06 2.407198e+00 3.408224e+00
515 9.680312e-07 3.539875e-01 3.519577e+00
516 6.347187e-07 3.443200e-01 3.479516e+00
517 4.757898e-07 2.503926e-01 3.487958e+00
518 5.590133e-07 1.749164e-01 3.487540e+00
519 4.290564e-07 2.324755e-01 3.447895e+00
520 1.283930e-06 1.992451e+00 3.471483e+00
521 8.085619e-07 3.702447e-01 3.559564e+00
522 7.638607e-07 5.528479e-02 3.504206e+00
523 6.246705e-07 1.822194e-01 3.677462e+00
524 1.212706e-06 9.413532e-01 3.503782e+00
525 9.048073e-07 2.538940e-01 3.639492e+00
526 1.214941e-06 3.427618e-01 3.471004e+00
527 6.704261e-07 4.481820e-01 3.456363e+00
528 5.061553e-07 2.450245e-01 3.431387e+00
529 5.510303e-07 8.865850e-02 3.399879e+00
530 1.334104e-06 1.421108e+00 3.479154e+00
531 9.887257e-07 2.588838e-01 3.480548e+00
532 6.204433e-07 3.724818e-01 3.455706e+00
533 6.090196e-07 1.841215e-02 3.471296e+00
534 8.578339e-07 4.085489e-01 3.399748e+00
535 8.760349e-07 2.121734e-02 3.695666e+00
536 6.295407e-07 2.813748e-01 3.735791e+00
537 5.301821e-07 1.578271e-01 3.512146e+00
538 5.028404e-07 5.157050e-02 3.559558e+00
539 5.503124e-07 9.440772e-02 3.327997e+00
540 4.227358e-07 2.318257e-01 3.311948e+00
541 5.543900e-07 3.114336e-01 3.367724e+00
542 3.640240e-07 3.433793e-01 3.487045e+00
543 3.506684e-07 3.668867e-02 3.440330e+00
544 4.607016e-07 3.137812e-01 3.439544e+00
545 4.541443e-07 1.423317e-02 3.479839e+00
546 3.644552e-07 1.974903e-01 3.432066e+00
547 8.015871e-07 1.199412e+00 4.103083e+00
548 6.408510e-07 2.005223e-01 3.591344e+00
549 4.474586e-07 3.017745e-01 3.375982e+00
550 5.386444e-07 2.037862e-01 3.319585e+00
551 4.496662e-07 1.651893e-01 3.343692e+00
552 4.394607e-07 2.269567e-02 3.375374e+00
553 4.251732e-07 3.251135e-02 3.328135e+00
554 4.210193e-07 9.769977e-03 3.319945e+00
555 4.984490e-07 1.839100e-01 3.335204e+00
556 3.478267e-07 3.021820e-01 3.256145e+00
557 3.243784e-07 6.741353e-02 3.455641e+00
558 4.574825e-07 4.103359e-01 3.351678e+00
559 3.158089e-07 3.096810e-01 3.671035e+00
560 2.954512e-07 6.446220e-02 3.774222e+00
561 3.445875e-07 1.663096e-01 3.479769e+00
562 2.685985e-07 2.205218e-01 3.471321e+00
563 2.536859e-07 5.551994e-02 3.383190e+00
564 2.264604e-07 1.073198e-01 3.367659e+00
565 2.157859e-07 4.713629e-02 3.479944e+00
566 1.830242e-07 1.518249e-01 3.479502e+00
567 1.882234e-07 2.840713e-02 3.440001e+00
568 1.641753e-07 1.277634e-01 3.532110e+00
569 1.625173e-07 1.009926e-02 3.343675e+00
570 1.501776e-07 7.592840e-02 3.287194e+00
571 1.425333e-07 5.090180e-02 3.791937e+00
572 1.287550e-07 9.666725e-02 3.678154e+00
573 9.935151e-08 2.283678e-01 3.439451e+00
574 9.967657e-08 3.271902e-03 3.543521e+00
575 8.680712e-08 1.291121e-01 3.423701e+00
576 1.124537e-07 2.954428e-01 3.295583e+00
577 9.240804e-08 1.782568e-01 3.311348e+00
578 7.659418e-08 1.711307e-01 3.567990e+00
579 6.166874e-08 1.948640e-01 3.264521e+00
580 5.833902e-08 5.399353e-02 3.430954e+00
581 6.302524e-08 8.032733e-02 3.416156e+00
582 5.360639e-08 1.494457e-01 3.711607e+00
583 8.951179e-08 6.697970e-01 4.367619e+00
584 1.318684e-07 4.731956e-01 3.948197e+00
585 1.429443e-07 8.399226e-02 3.431954e+00
586 9.399906e-08 3.424078e-01 3.511474e+00
587 8.534122e-08 9.210560e-02 3.472277e+00
588 8.590984e-08 6.662894e-03 3.487280e+00
589 9.632994e-08 1.212911e-01 3.383791e+00
590 7.671093e-08 2.036647e-01 3.495468e+00
591 7.468298e-08 2.643623e-02 3.479720e+00
592 5.959513e-08 2.020253e-01 3.488194e+00
593 7.065254e-08 1.855422e-01 3.511904e+00
594 8.892394e-08 2.586093e-01 3.743236e+00
595 6.029595e-08 3.219380e-01 4.393484e+00
596 5.739164e-08 4.816758e-02 3.400558e+00
597 5.760582e-08 3.731922e-03 3.479612e+00
598 3.565385e-08 3.810721e-01 3.447021e+00
599 3.947950e-08 1.072999e-01 3.631872e+00
600 3.039790e-08 2.300334e-01 3.416158e+00
601 3.066416e-08 8.759202e-03 3.471113e+00
602 2.620187e-08 1.455214e-01 3.456077e+00
603 3.263452e-08 2.455037e-01 3.399729e+00
604 2.188607e-08 3.293585e-01 3.479028e+00
605 2.827440e-08 2.918904e-01 3.512283e+00
606 1.519604e-08 4.625511e-01 3.319873e+00
607 1.341723e-08 1.170575e-01 3.199580e+00
608 1.245644e-08 7.160901e-02 3.208037e+00
609 2.624767e-08 1.107156e+00 3.391755e+00
610 1.646118e-08 3.728516e-01 3.319470e+00
611 1.465023e-08 1.100137e-01 3.383669e+00
612 1.602639e-08 9.393449e-02 3.352165e+00
613 3.869914e-08 1.414714e+00 3.359323e+00
614 2.145255e-08 4.456581e-01 3.527482e+00
615 1.716852e-08 1.996982e-01 3.719686e+00
616 1.456659e-08 1.515520e-01 3.736124e+00
617 1.397916e-08 4.032741e-02 3.951430e+00
618 1.184719e-08 1.525107e-01 3.655027e+00
619 1.215735e-08 2.617982e-02 3.375347e+00
620 1.237629e-08 1.800878e-02 3.399969e+00
621 9.541023e-09 2.290884e-01 3.359689e+00
622 9.028964e-09 5.366920e-02 3.424063e+00
623 1.770657e-08 9.610858e-01 3.334780e+00
624 1.347506e-08 2.389799e-01 3.343962e+00
625 1.010365e-08 2.501959e-01 3.231742e+00
626 9.962429e-09 1.397749e-02 3.287981e+00
627 8.420677e-09 1.547566e-01 3.263876e+00
628 8.212518e-09 2.471999e-02 3.365919e+00
629 7.754502e-09 5.577043e-02 3.416053e+00
630 8.152385e-09 5.130991e-02 3.478667e+00
631 5.230072e-09 3.584611e-01 3.279636e+00
632 6.885993e-09 3.166152e-01 3.199588e+00
633 5.107371e-09 2.582956e-01 3.320195e+00
634 4.835695e-09 5.319280e-02 3.303997e+00
635 1.052546e-08 1.176617e+00 3.335713e+00
636 7.124972e-09 3.230724e-01 3.343085e+00
637 6.351935e-09 1.084968e-01 3.415749e+00
638 6.000649e-09 5.530378e-02 3.440101e+00
639 6.871053e-09 1.450516e-01 3.455390e+00
640 5.843878e-09 1.494930e-01 3.440176e+00
641 4.692646e-09 1.969980e-01 4.103514e+00
642 4.987860e-09 6.291003e-02 4.091609e+00
643 3.979620e-09 2.021389e-01 3.231758e+00
644 3.642810e-09 8.463367e-02 3.263537e+00
645 3.106680e-09 1.471749e-01 3.296119e+00
646 3.408784e-09 9.724348e-02 3.375967e+00
647 3.171426e-09 6.963129e-02 3.543769e+00
648 2.448708e-09 2.278841e-01 3.751189e+00
649 9.472943e-09 2.868547e+00 3.352401e+00
650 5.402582e-09 4.296828e-01 3.503157e+00
651 3.631824e-09 3.277615e-01 3.384288e+00
652 3.177932e-09 1.249763e-01 3.511444e+00
653 2.665541e-09 1.612340e-01 3.728303e+00
654 3.061828e-09 1.486701e-01 3.758223e+00
655 6.469240e-09 1.112869e+00 3.519337e+00
656 4.233064e-09 3.456628e-01 3.350505e+00
657 3.545895e-09 1.623338e-01 3.519993e+00
658 2.917137e-09 1.773201e-01 3.463679e+00
659 4.899021e-09 6.793938e-01 3.488241e+00
660 4.142012e-09 1.545226e-01 3.487184e+00
661 4.021745e-09 2.903582e-02 3.416164e+00
662 2.293471e-09 4.297324e-01 3.391674e+00
663 2.258971e-09 1.504269e-02 3.351761e+00
664 4.669098e-09 1.066914e+00 3.543379e+00
665 2.978341e-09 3.621166e-01 3.672188e+00
666 2.091259e-09 2.978441e-01 4.015478e+00
667 2.342402e-09 1.200916e-01 3.471232e+00
668 1.918400e-09 1.810118e-01 3.399859e+00
669 2.057195e-09 7.234970e-02 3.398915e+00
670 4.388592e-09 1.133289e+00 3.328370e+00
671 3.459643e-09 2.116736e-01 3.422999e+00
672 2.092707e-09 3.951090e-01 3.447293e+00
673 2.613209e-09 2.487220e-01 3.503913e+00
674 2.065559e-09 2.095698e-01 3.399092e+00
675 2.175573e-09 5.326101e-02 3.535727e+00
676 1.911196e-09 1.215207e-01 3.807720e+00
677 2.468017e-09 2.913473e-01 4.328126e+00
678 1.956164e-09 2.073944e-01 3.399075e+00
679 1.541715e-09 2.118684e-01 3.431497e+00
680 2.622044e-09 7.007320e-01 3.447284e+00
681 2.110201e-09 1.952077e-01 3.384456e+00
682 1.806131e-09 1.440950e-01 3.447060e+00
683 1.376749e-09 2.377362e-01 3.360251e+00
684 1.366912e-09 7.144867e-03 3.471720e+00
685 1.871383e-09 3.690588e-01 3.495175e+00
686 1.513842e-09 1.910571e-01 3.495858e+00
687 1.152480e-09 2.387052e-01 3.496116e+00
688 1.089494e-09 5.465244e-02 3.574991e+00
689 1.203384e-09 1.045342e-01 3.789764e+00
690 1.105695e-09 8.117802e-02 3.424483e+00
691 9.376447e-10 1.519863e-01 3.480024e+00
692 7.766678e-10 1.716822e-01 3.351717e+00
693 8.801730e-10 1.332683e-01 3.456007e+00
694 9.753790e-10 1.081673e-01 3.303468e+00
695 9.450128e-10 3.113267e-02 3.472307e+00
696 7.047481e-10 2.542449e-01 3.503340e+00
697 1.426824e-09 1.024587e+00 3.399767e+00
698 1.652681e-09 1.582938e-01 3.359278e+00
699 1.299949e-09 2.134302e-01 3.342888e+00
700 8.980835e-10 3.091396e-01 3.511487e+00
701 1.324320e-09 4.746068e-01 3.447981e+00
702 1.142207e-09 1.375141e-01 3.400441e+00
703 6.975065e-10 3.893346e-01 3.479116e+00
704 7.283449e-10 4.421241e-02 3.543733e+00
705 1.081734e-09 4.851941e-01 3.304385e+00
706 6.965195e-10 3.561081e-01 3.319534e+00
707 7.015504e-10 7.222862e-03 3.311489e+00
708 8.046690e-10 1.469868e-01 3.295609e+00
709 9.638993e-10 1.978830e-01 3.239917e+00
710 5.870120e-10 3.910028e-01 3.327318e+00
711 5.820049e-10 8.529819e-03 3.511668e+00
712 1.023489e-09 7.585569e-01 3.352506e+00
713 6.442635e-10 3.705221e-01 3.431549e+00
714 8.369566e-10 2.990905e-01 3.311324e+00
715 5.887734e-10 2.965306e-01 3.904031e+00
716 5.960029e-10 1.227900e-02 4.338933e+00
717 5.359684e-10 1.007286e-01 3.479295e+00
718 5.915239e-10 1.036545e-01 3.488493e+00
719 4.723640e-10 2.014456e-01 3.431382e+00
720 4.916656e-10 4.086162e-02 3.375467e+00
721 4.213868e-10 1.429402e-01 3.367885e+00
722 4.303948e-10 2.137707e-02 3.479861e+00
723 3.875965e-10 9.943967e-02 3.375006e+00
724 3.918487e-10 1.097057e-02 3.375174e+00
725 4.481983e-10 1.438045e-01 3.391961e+00
726 4.094250e-10 8.650905e-02 3.367276e+00
727 3.791005e-10 7.406611e-02 3.335848e+00
728 4.170675e-10 1.001501e-01 3.335671e+00
729 3.830792e-10 8.149342e-02 3.464491e+00
730 3.875062e-10 1.155639e-02 3.383612e+00
731 2.668330e-10 3.114098e-01 3.511999e+00
732 3.134544e-10 1.747212e-01 3.399673e+00
733 3.052643e-10 2.612857e-02 3.726879e+00
734 3.803865e-10 2.460892e-01 3.480060e+00
735 2.953831e-10 2.234660e-01 3.336223e+00
736 3.291025e-10 1.141551e-01 3.663096e+00
737 2.744746e-10 1.659907e-01 3.487735e+00
738 2.231730e-10 1.869081e-01 3.415115e+00
739 2.749704e-10 2.320950e-01 3.390188e+00
740 2.933849e-10 6.696900e-02 3.583926e+00
741 2.486940e-10 1.523286e-01 3.383629e+00
742 2.276129e-10 8.476694e-02 3.440323e+00
743 1.588101e-10 3.022801e-01 3.518917e+00
744 1.604006e-10 1.001514e-02 3.744364e+00
745 1.442896e-10 1.004423e-01 3.519034e+00
746 1.363027e-10 5.535281e-02 3.416100e+00
747 2.237713e-10 6.417229e-01 3.399275e+00
748 1.765608e-10 2.109768e-01 3.352161e+00
749 1.556919e-10 1.181965e-01 3.400044e+00
750 1.039309e-10 3.324581e-01 3.399222e+00
751 1.299764e-10 2.506041e-01 3.479829e+00
752 1.179475e-10 9.254623e-02 3.408443e+00
753 1.460300e-10 2.380925e-01 3.399020e+00
754 1.204714e-10 1.750227e-01 3.503662e+00
755 8.725476e-11 2.757223e-01 3.423082e+00
