1 9.991186e-01 1.000000e+00 3.590934e+00
2 9.987870e-01 3.318446e-04 3.799803e+00
3 9.986777e-01 1.094752e-04 3.822687e+00
4 9.972853e-01 1.394183e-03 3.944140e+00
5 9.968185e-01 4.680803e-04 3.759854e+00
6 9.967550e-01 6.374326e-05 3.791066e+00
7 9.928314e-01 3.936323e-03 4.047421e+00
8 9.927974e-01 3.423948e-05 3.806054e+00
9 9.926779e-01 1.203957e-04 3.535519e+00
10 9.888337e-01 3.872607e-03 3.472281e+00
11 9.858143e-01 3.053490e-03 3.943606e+00
12 9.838283e-01 2.014523e-03 3.719767e+00
13 9.783016e-01 5.617599e-03 3.752424e+00
14 9.752687e-01 3.100091e-03 3.559277e+00
15 9.712264e-01 4.144850e-03 3.456051e+00
16 9.703539e-01 8.983897e-04 3.623353e+00
17 9.612906e-01 9.340128e-03 3.599268e+00
18 9.600693e-01 1.270536e-03 3.975902e+00
19 9.436242e-01 1.712906e-02 3.940978e+00
20 9.181633e-01 2.698202e-02 3.575628e+00
21 8.734091e-01 4.874317e-02 3.399474e+00
22 7.931453e-01 9.189712e-02 3.526880e+00
23 7.377831e-01 6.980092e-02 3.576673e+00
24 5.558143e-01 2.466427e-01 3.600587e+00
25 4.553450e-01 1.807605e-01 4.095180e+00
26 4.457646e-01 2.103982e-02 3.391693e+00
27 4.448028e-01 2.157801e-03 3.663956e+00
28 4.460839e-01 2.880174e-03 3.551442e+00
29 4.091755e-01 8.273867e-02 3.582773e+00
30 3.891172e-01 4.902127e-02 3.781812e+00
31 3.124508e-01 1.970266e-01 3.767809e+00
32 1.929495e-01 3.824642e-01 3.502934e+00
33 8.337941e-02 5.678693e-01 3.800330e+00
34 7.729261e-02 7.300118e-02 3.758935e+00
35 7.480584e-02 3.217348e-02 3.591592e+00
36 7.822616e-02 4.572257e-02 3.526643e+00
37 4.442389e-02 4.321095e-01 3.637361e+00
38 4.705284e-02 5.917869e-02 3.503839e+00
39 4.094899e-02 1.297234e-01 3.479608e+00
40 4.132038e-02 9.069588e-03 3.600142e+00
41 3.637859e-02 1.195970e-01 3.455261e+00
42 3.444254e-02 5.321953e-02 3.552013e+00
43 3.063377e-02 1.105833e-01 3.759257e+00
44 2.924768e-02 4.524698e-02 3.652020e+00
45 2.746926e-02 6.080548e-02 3.464364e+00
46 2.828943e-02 2.985759e-02 3.430878e+00
47 2.666443e-02 5.744175e-02 3.343601e+00
48 2.437354e-02 8.591578e-02 3.400137e+00
49 2.133911e-02 1.244969e-01 3.541982e+00
50 1.881921e-02 1.180881e-01 3.366007e+00
51 1.872655e-02 4.923736e-03 3.471621e+00
52 1.807899e-02 3.457979e-02 3.463912e+00
53 1.603760e-02 1.129148e-01 3.504512e+00
54 1.689744e-02 5.361384e-02 4.232250e+00
55 1.315720e-02 2.213494e-01 4.130405e+00
56 1.289762e-02 1.972964e-02 3.487395e+00
57 1.119007e-02 1.323921e-01 3.576029e+00
58 1.205433e-02 7.723463e-02 3.415623e+00
59 1.128706e-02 6.365087e-02 3.431708e+00
60 1.058722e-02 6.200417e-02 3.463188e+00
61 1.078415e-02 1.860099e-02 3.598113e+00
62 8.435827e-03 2.177571e-01 3.400261e+00
63 1.000998e-02 1.866039e-01 3.478935e+00
64 7.287075e-03 2.720193e-01 3.480590e+00
65 8.150034e-03 1.184232e-01 3.559574e+00
66 9.659049e-03 1.851545e-01 3.582269e+00
67 7.446489e-03 2.290660e-01 3.503463e+00
68 5.922414e-03 2.046703e-01 3.504133e+00
69 7.763388e-03 3.108486e-01 3.551109e+00
70 5.321390e-03 3.145531e-01 3.528183e+00
71 5.095593e-03 4.243203e-02 3.511672e+00
72 5.234246e-03 2.721041e-02 3.543891e+00
73 6.054477e-03 1.567047e-01 3.639127e+00
74 5.990034e-03 1.064376e-02 3.519750e+00
75 5.155299e-03 1.393540e-01 3.440167e+00
76 5.112519e-03 8.298242e-03 3.551246e+00
77 6.456203e-03 2.628222e-01 3.488346e+00
78 6.202180e-03 3.934547e-02 3.519048e+00
79 5.693926e-03 8.194766e-02 3.599392e+00
80 5.484170e-03 3.683860e-02 3.495502e+00
81 3.554242e-03 3.519088e-01 3.528121e+00
82 6.694751e-03 8.835944e-01 3.455271e+00
83 2.577851e-03 6.149445e-01 3.621345e+00
84 3.753361e-03 4.560041e-01 3.471116e+00
85 1.796947e-03 5.212433e-01 3.496455e+00
86 2.502088e-03 3.924108e-01 3.534183e+00
87 2.056351e-03 1.781461e-01 3.462217e+00
88 2.999654e-03 4.587269e-01 3.568061e+00
89 2.128494e-03 2.904203e-01 3.488120e+00
90 1.871445e-03 1.207657e-01 3.478895e+00
91 1.968201e-03 5.170113e-02 3.440257e+00
92 2.196921e-03 1.162078e-01 3.463308e+00
93 2.252016e-03 2.507858e-02 3.496337e+00
94 1.750699e-03 2.226084e-01 3.831325e+00
95 2.154218e-03 2.304903e-01 3.671631e+00
96 1.647796e-03 2.350838e-01 3.588391e+00
97 1.888892e-03 1.463139e-01 3.470679e+00
98 1.591264e-03 1.575675e-01 3.519459e+00
99 1.837154e-03 1.545250e-01 3.407663e+00
100 1.848153e-03 5.986906e-03 3.438903e+00
101 1.272036e-03 3.117255e-01 3.423694e+00
102 1.537800e-03 2.089278e-01 3.487469e+00
103 1.374783e-03 1.060068e-01 3.480695e+00
104 1.440010e-03 4.744536e-02 3.495172e+00
105 1.408126e-03 2.214118e-02 3.439807e+00
106 1.116401e-03 2.071729e-01 3.702501e+00
107 5.507436e-04 5.066793e-01 3.598041e+00
108 9.976706e-04 8.114975e-01 3.592342e+00
109 5.029743e-04 4.958513e-01 3.581773e+00
110 4.887824e-04 2.821599e-02 3.576214e+00
111 5.274366e-04 7.908270e-02 3.407939e+00
112 3.736105e-04 2.916485e-01 3.334873e+00
113 4.773335e-04 2.776233e-01 3.311479e+00
114 3.223075e-04 3.247751e-01 3.326555e+00
115 2.018672e-04 3.736814e-01 3.440182e+00
116 2.366844e-04 1.724761e-01 3.454130e+00
117 1.847833e-04 2.192840e-01 3.503169e+00
118 1.678356e-04 9.171706e-02 3.703992e+00
119 1.500786e-04 1.057999e-01 3.743653e+00
120 1.694920e-04 1.293548e-01 3.527637e+00
121 1.141083e-04 3.267626e-01 3.455495e+00
122 1.571908e-04 3.775576e-01 3.488358e+00
123 1.623387e-04 3.274977e-02 3.462455e+00
124 1.652481e-04 1.792127e-02 3.463127e+00
125 1.369817e-04 1.710544e-01 3.455673e+00
126 1.702115e-04 2.425860e-01 3.375616e+00
127 1.084619e-04 3.627816e-01 3.464051e+00
128 1.280059e-04 1.801925e-01 3.519971e+00
129 8.866777e-05 3.073151e-01 3.463507e+00
130 8.713964e-05 1.723438e-02 3.384237e+00
131 8.838725e-05 1.431743e-02 3.351705e+00
132 8.686959e-05 1.717059e-02 3.390941e+00
133 6.591763e-05 2.411887e-01 3.496495e+00
134 6.256861e-05 5.080613e-02 3.622052e+00
135 5.044104e-05 1.938283e-01 3.527838e+00
136 5.207360e-05 3.236573e-02 3.439652e+00
137 4.064179e-05 2.195319e-01 3.528070e+00
138 4.934156e-05 2.140598e-01 3.552239e+00
139 4.513303e-05 8.529377e-02 3.542847e+00
140 6.597051e-05 4.616901e-01 3.535241e+00
141 4.285370e-05 3.504112e-01 3.512242e+00
142 5.689993e-05 3.277717e-01 3.431416e+00
143 3.737875e-05 3.430793e-01 3.495708e+00
144 3.816451e-05 2.102160e-02 3.527314e+00
145 4.420290e-05 1.582201e-01 3.407951e+00
146 2.218443e-05 4.981227e-01 3.551264e+00
147 3.986351e-05 7.969135e-01 3.510930e+00
148 2.265700e-05 4.316356e-01 3.438175e+00
149 3.337254e-05 4.729463e-01 3.520346e+00
150 1.438174e-05 5.690546e-01 3.494979e+00
151 3.464649e-05 1.409061e+00 3.486971e+00
152 1.771486e-05 4.886967e-01 3.471168e+00
153 3.272848e-05 8.475150e-01 3.376111e+00
154 1.537037e-05 5.303672e-01 3.472103e+00
155 3.255268e-05 1.117886e+00 3.454706e+00
156 1.513556e-05 5.350442e-01 3.533517e+00
157 3.042584e-05 1.010223e+00 3.397830e+00
158 1.396567e-05 5.409929e-01 3.478507e+00
159 3.595536e-05 1.574552e+00 3.503570e+00
160 1.540808e-05 5.714665e-01 3.463756e+00
161 2.892922e-05 8.775360e-01 3.767692e+00
162 1.465342e-05 4.934734e-01 3.671478e+00
163 2.910675e-05 9.863449e-01 3.972579e+00
164 1.755009e-05 3.970438e-01 3.470836e+00
165 7.467244e-06 5.745183e-01 3.382796e+00
166 6.674663e-06 1.061410e-01 3.518889e+00
167 7.519182e-06 1.265260e-01 3.496341e+00
168 6.231364e-06 1.712709e-01 3.439632e+00
169 6.309202e-06 1.249131e-02 3.515655e+00
170 5.912828e-06 6.282474e-02 3.441433e+00
171 4.261507e-06 2.792778e-01 3.447211e+00
172 4.810348e-06 1.287905e-01 3.439917e+00
173 4.484080e-06 6.782633e-02 3.471469e+00
174 4.469309e-06 3.294110e-03 3.487448e+00
175 3.674971e-06 1.777316e-01 3.326378e+00
176 3.969629e-06 8.017963e-02 3.416042e+00
177 3.294493e-06 1.700755e-01 3.661261e+00
178 3.257442e-06 1.124611e-02 3.579275e+00
179 2.941578e-06 9.696709e-02 3.569412e+00
180 3.378948e-06 1.486855e-01 3.400072e+00
181 2.197541e-06 3.496374e-01 3.526853e+00
182 2.369778e-06 7.837692e-02 3.416275e+00
183 1.747801e-06 2.624619e-01 3.430363e+00
184 2.011254e-06 1.507335e-01 3.335192e+00
185 1.538266e-06 2.351704e-01 3.463744e+00
186 1.579857e-06 2.703746e-02 3.415726e+00
187 1.496998e-06 5.244695e-02 3.503364e+00
188 1.541460e-06 2.970046e-02 3.551503e+00
189 1.449619e-06 5.958017e-02 4.319907e+00
190 1.635199e-06 1.280197e-01 4.138730e+00
191 1.382384e-06 1.546085e-01 3.342948e+00
192 1.407265e-06 1.799880e-02 3.448385e+00
193 1.150128e-06 1.827211e-01 3.392151e+00
194 9.814392e-07 1.466695e-01 3.391230e+00
195 1.095921e-06 1.166470e-01 3.399153e+00
196 9.542266e-07 1.292926e-01 3.440168e+00
197 1.068670e-06 1.199333e-01 3.439830e+00
198 8.298592e-07 2.234655e-01 3.568027e+00
199 9.496421e-07 1.443412e-01 3.800355e+00
200 8.286680e-07 1.273892e-01 3.718534e+00
201 8.395028e-07 1.307497e-02 3.616094e+00
202 7.954563e-07 5.246726e-02 3.901864e+00
203 6.036308e-07 2.411515e-01 3.575678e+00
204 6.662355e-07 1.037135e-01 3.431623e+00
205 3.997956e-07 3.999186e-01 3.526901e+00
206 3.386378e-07 1.529727e-01 3.464049e+00
207 3.748548e-07 1.069492e-01 3.391684e+00
208 2.787961e-07 2.562557e-01 3.480011e+00
209 3.488383e-07 2.512306e-01 3.383277e+00
210 2.906632e-07 1.667680e-01 3.392238e+00
211 2.302833e-07 2.077316e-01 3.399660e+00
212 2.868555e-07 2.456634e-01 3.598745e+00
213 1.916395e-07 3.319302e-01 3.559711e+00
214 2.345913e-07 2.241281e-01 3.731403e+00
215 2.025142e-07 1.367360e-01 3.535272e+00
216 2.406472e-07 1.882981e-01 3.480243e+00
217 1.650290e-07 3.142284e-01 3.551390e+00
218 1.775762e-07 7.603007e-02 3.319857e+00
219 1.683343e-07 5.204469e-02 3.438080e+00
220 1.443902e-07 1.422411e-01 3.366687e+00
221 1.550035e-07 7.350431e-02 3.488201e+00
222 1.240801e-07 1.995016e-01 3.527497e+00
223 8.284861e-08 3.322973e-01 3.663830e+00
224 1.026568e-07 2.390892e-01 4.463596e+00
225 9.021461e-08 1.212020e-01 3.918743e+00
226 9.248140e-08 2.512662e-02 3.519166e+00
227 6.413715e-08 3.064859e-01 3.422899e+00
228 7.129248e-08 1.115628e-01 3.367504e+00
229 5.497424e-08 2.288915e-01 3.383355e+00
230 6.297031e-08 1.454514e-01 3.328291e+00
231 4.450601e-08 2.932223e-01 3.358515e+00
232 4.879531e-08 9.637577e-02 3.359700e+00
233 5.498363e-08 1.268219e-01 3.359309e+00
234 4.406342e-08 1.986084e-01 3.352167e+00
235 4.485768e-08 1.802539e-02 3.584183e+00
236 3.935590e-08 1.226496e-01 3.495526e+00
237 4.016654e-08 2.059764e-02 3.715279e+00
238 3.544989e-08 1.174273e-01 3.431368e+00
239 3.287567e-08 7.261570e-02 3.455648e+00
240 2.954945e-08 1.011757e-01 3.535418e+00
241 2.342930e-08 2.071155e-01 3.566190e+00
242 2.397038e-08 2.309417e-02 3.535419e+00
243 2.256065e-08 5.881148e-02 3.456357e+00
244 1.900308e-08 1.576891e-01 3.567534e+00
245 1.379764e-08 2.739260e-01 3.591348e+00
246 2.637791e-08 9.117689e-01 3.607703e+00
247 1.772553e-08 3.280161e-01 3.503670e+00
248 1.938105e-08 9.339735e-02 3.480428e+00
249 1.503951e-08 2.240096e-01 3.446896e+00
250 2.071674e-08 3.774883e-01 3.391930e+00
251 1.742496e-08 1.588948e-01 3.504097e+00
252 1.211874e-08 3.045182e-01 3.509920e+00
253 9.856608e-09 1.866641e-01 3.703815e+00
254 1.221557e-08 2.393279e-01 3.319715e+00
255 1.102381e-08 9.756061e-02 3.383506e+00
256 9.880098e-09 1.037494e-01 3.415373e+00
257 7.825079e-09 2.079958e-01 3.511662e+00
258 1.349357e-08 7.244010e-01 3.551780e+00
259 1.064920e-08 2.107948e-01 3.399827e+00
260 7.462003e-09 2.992897e-01 3.512317e+00
261 8.196023e-09 9.836767e-02 3.566590e+00
262 7.590454e-09 7.388566e-02 3.415137e+00
263 6.796763e-09 1.045644e-01 3.448463e+00
264 7.495024e-09 1.027345e-01 3.598839e+00
265 5.989637e-09 2.008516e-01 3.479209e+00
266 9.646139e-09 6.104714e-01 3.343344e+00
267 6.785663e-09 2.965410e-01 3.383846e+00
268 6.306517e-09 7.061153e-02 3.495224e+00
269 4.866488e-09 2.283399e-01 3.687427e+00
270 5.738810e-09 1.792509e-01 3.392377e+00
271 4.133302e-09 2.797632e-01 3.437976e+00
272 4.257591e-09 3.007007e-02 3.432391e+00
273 3.152211e-09 2.596257e-01 3.487947e+00
274 4.103131e-09 3.016676e-01 3.447116e+00
275 3.527240e-09 1.403540e-01 3.351643e+00
276 3.826471e-09 8.483429e-02 3.416600e+00
277 3.797957e-09 7.451680e-03 3.462787e+00
278 3.392499e-09 1.067570e-01 3.606879e+00
279 2.143737e-09 3.680948e-01 3.647561e+00
280 3.013412e-09 4.056816e-01 3.790524e+00
281 3.666073e-09 2.165854e-01 3.432257e+00
282 3.407534e-09 7.052216e-02 3.375640e+00
283 2.841991e-09 1.659686e-01 3.407609e+00
284 2.067458e-09 2.725316e-01 3.343437e+00
285 2.356670e-09 1.398875e-01 3.407009e+00
286 2.693528e-09 1.429383e-01 3.399907e+00
287 1.561032e-09 4.204511e-01 3.374860e+00
288 1.753137e-09 1.230632e-01 3.487377e+00
289 1.685134e-09 3.878935e-02 3.301548e+00
290 1.705865e-09 1.230227e-02 3.448135e+00
291 2.013718e-09 1.804676e-01 3.446940e+00
292 1.117838e-09 4.448888e-01 3.359422e+00
293 1.712084e-09 5.316031e-01 3.327235e+00
294 1.043601e-09 3.904499e-01 3.352119e+00
295 1.162979e-09 1.143902e-01 3.359481e+00
296 1.302738e-09 1.201736e-01 3.375505e+00
297 1.257695e-09 3.457579e-02 3.399650e+00
298 1.475077e-09 1.728414e-01 3.359867e+00
299 1.009556e-09 3.155905e-01 3.407979e+00
300 7.083423e-10 2.983629e-01 3.399909e+00
301 7.423763e-10 4.804739e-02 3.383690e+00
302 7.977176e-10 7.454614e-02 3.766044e+00
303 6.414010e-10 1.959547e-01 3.624102e+00
304 6.067116e-10 5.408391e-02 3.668633e+00
305 6.290672e-10 3.684728e-02 3.511151e+00
306 6.419644e-10 2.050199e-02 3.431043e+00
307 6.726757e-10 4.783961e-02 3.399739e+00
308 6.042585e-10 1.017090e-01 3.319651e+00
309 6.276077e-10 3.864110e-02 3.367540e+00
310 5.944431e-10 5.284303e-02 3.376362e+00
311 4.041009e-10 3.202026e-01 3.430586e+00
312 3.191133e-10 2.103128e-01 3.431577e+00
313 5.025838e-10 5.749383e-01 3.455934e+00
314 2.950052e-10 4.130227e-01 3.407346e+00
315 4.587760e-10 5.551453e-01 3.391609e+00
316 2.843038e-10 3.802993e-01 3.319756e+00
317 3.302620e-10 1.616519e-01 3.320564e+00
318 3.440571e-10 4.177009e-02 3.367150e+00
319 4.121716e-10 1.979744e-01 3.272023e+00
320 4.263986e-10 3.451706e-02 3.327315e+00
321 3.006961e-10 2.948003e-01 3.367478e+00
322 3.471859e-10 1.546073e-01 3.296405e+00
323 2.292333e-10 3.397391e-01 3.360009e+00
324 2.332545e-10 1.754208e-02 3.455212e+00
325 3.402081e-10 4.585273e-01 3.487389e+00
326 3.393646e-10 2.479178e-03 3.527105e+00
327 2.668413e-10 2.137032e-01 3.415613e+00
328 1.806012e-10 3.231888e-01 3.424512e+00
329 2.136124e-10 1.827848e-01 3.495136e+00
330 1.623246e-10 2.400973e-01 3.432440e+00
331 1.620316e-10 1.804950e-03 3.470937e+00
332 1.620040e-10 1.706121e-04 3.360169e+00
333 1.220092e-10 2.468753e-01 3.487312e+00
334 1.257923e-10 3.100656e-02 3.480491e+00
335 1.458168e-10 1.591874e-01 3.391891e+00
336 1.641954e-10 1.260392e-01 3.511854e+00
337 1.097169e-10 3.317908e-01 3.472314e+00
338 9.174939e-11 1.637625e-01 3.639628e+00
