1 9.982687e-01 1.000000e+00 3.510869e+00
2 9.943231e-01 3.952444e-03 3.293831e+00
3 9.862844e-01 8.084604e-03 3.037754e+00
4 9.842620e-01 2.050465e-03 3.002096e+00
5 9.833500e-01 9.266636e-04 2.890503e+00
6 9.828043e-01 5.548755e-04 2.785905e+00
7 9.808130e-01 2.026150e-03 3.261600e+00
8 9.705055e-01 1.050915e-02 3.079791e+00
9 8.681279e-01 1.054890e-01 3.129113e+00
10 6.835695e-01 2.125936e-01 3.205273e+00
11 6.299580e-01 7.842875e-02 3.009793e+00
12 5.790877e-01 8.075181e-02 2.875553e+00
13 5.561458e-01 3.961737e-02 3.716547e+00
14 5.357536e-01 3.666704e-02 3.358933e+00
15 5.368834e-01 2.108954e-03 2.945437e+00
16 4.921010e-01 8.341187e-02 2.953579e+00
17 4.791252e-01 2.636806e-02 2.862330e+00
18 4.713117e-01 1.630783e-02 2.918583e+00
19 5.013830e-01 6.380323e-02 2.897958e+00
20 3.228517e-01 3.560776e-01 2.896994e+00
21 2.868508e-01 1.115091e-01 2.932299e+00
22 2.807849e-01 2.114666e-02 2.926104e+00
23 2.770413e-01 1.333270e-02 2.966757e+00
24 2.700576e-01 2.520817e-02 2.869167e+00
25 2.634025e-01 2.464322e-02 3.128006e+00
26 2.584250e-01 1.889682e-02 3.128190e+00
27 2.564858e-01 7.504141e-03 2.821430e+00
28 2.579607e-01 5.750472e-03 2.798856e+00
29 2.513983e-01 2.543942e-02 2.807546e+00
30 2.497790e-01 6.441276e-03 2.862835e+00
31 2.507839e-01 4.023100e-03 2.841175e+00
32 2.518318e-01 4.178486e-03 2.904819e+00
33 2.394385e-01 4.921226e-02 2.806730e+00
34 2.368221e-01 1.092759e-02 2.849410e+00
35 2.557456e-01 7.990601e-02 2.861064e+00
36 2.299447e-01 1.008850e-01 2.819151e+00
37 2.314143e-01 6.391396e-03 3.016603e+00
38 2.285877e-01 1.221468e-02 3.092794e+00
39 2.341216e-01 2.420895e-02 2.876972e+00
40 2.272259e-01 2.945322e-02 2.806556e+00
41 2.274725e-01 1.085297e-03 2.799478e+00
42 2.266109e-01 3.787615e-03 2.772205e+00
43 2.193715e-01 3.194669e-02 2.806415e+00
44 2.174716e-01 8.660717e-03 2.827832e+00
45 2.150085e-01 1.132581e-02 2.819725e+00
46 2.138839e-01 5.230576e-03 2.673609e+00
47 2.136050e-01 1.303949e-03 2.785898e+00
48 2.124339e-01 5.482453e-03 2.778552e+00
49 2.120505e-01 1.804787e-03 2.616779e+00
50 2.119108e-01 6.590174e-04 2.902977e+00
51 2.110706e-01 3.964852e-03 3.153313e+00
52 2.112431e-01 8.171782e-04 2.845669e+00
53 2.093694e-01 8.869689e-03 2.763743e+00
54 2.088537e-01 2.463181e-03 2.844838e+00
55 2.081052e-01 3.584020e-03 2.875243e+00
56 2.070981e-01 4.839149e-03 2.788955e+00
57 2.581392e-01 2.464587e-01 2.850697e+00
58 2.045855e-01 2.074607e-01 2.816642e+00
59 1.760226e-01 1.396134e-01 2.631953e+00
60 1.267715e-01 2.798000e-01 2.880217e+00
61 1.287723e-01 1.578259e-02 2.660092e+00
62 1.201462e-01 6.698712e-02 2.890250e+00
63 1.382530e-01 1.507061e-01 2.869848e+00
64 1.399036e-01 1.193953e-02 3.051537e+00
65 1.086222e-01 2.235929e-01 2.908248e+00
66 9.529683e-02 1.226761e-01 2.930604e+00
67 1.424531e-01 4.948354e-01 3.013289e+00
68 9.268087e-02 3.493937e-01 2.949510e+00
69 9.475206e-02 2.234756e-02 2.834990e+00
70 1.057132e-01 1.156827e-01 2.748979e+00
71 8.604199e-02 1.860812e-01 2.894804e+00
72 8.279165e-02 3.777612e-02 2.927617e+00
73 7.611790e-02 8.060906e-02 2.881367e+00
74 8.834251e-02 1.606010e-01 2.949580e+00
75 6.966427e-02 2.114297e-01 2.929692e+00
76 6.742014e-02 3.221360e-02 2.992264e+00
77 7.865676e-02 1.666656e-01 2.893734e+00
78 6.844159e-02 1.298702e-01 2.809611e+00
79 1.057402e-01 5.449700e-01 2.852345e+00
80 7.017926e-02 3.363049e-01 2.829957e+00
81 7.350953e-02 4.745391e-02 3.036934e+00
82 7.766492e-02 5.652850e-02 3.044793e+00
83 7.108956e-02 8.466312e-02 3.307663e+00
84 6.065320e-02 1.468059e-01 2.902970e+00
85 5.578400e-02 8.027938e-02 2.817372e+00
86 6.182530e-02 1.082980e-01 2.964995e+00
87 5.822764e-02 5.819061e-02 2.917431e+00
88 5.343059e-02 8.238451e-02 3.033615e+00
89 4.801894e-02 1.012837e-01 2.915779e+00
90 5.004400e-02 4.217198e-02 2.961443e+00
91 4.714597e-02 5.790956e-02 2.909483e+00
92 5.070241e-02 7.543453e-02 3.032736e+00
93 4.817956e-02 4.975793e-02 2.990308e+00
94 4.360946e-02 9.485566e-02 3.182877e+00
95 3.962218e-02 9.143140e-02 3.194082e+00
96 3.671112e-02 7.347055e-02 3.060546e+00
97 3.660612e-02 2.860234e-03 2.977858e+00
98 3.420075e-02 6.570939e-02 2.921709e+00
99 3.550269e-02 3.806767e-02 2.900610e+00
100 3.397127e-02 4.313542e-02 2.827060e+00
101 2.834059e-02 1.657482e-01 3.034506e+00
102 2.858454e-02 8.607649e-03 2.874178e+00
103 2.293007e-02 1.978154e-01 2.941714e+00
104 2.385056e-02 4.014305e-02 2.902127e+00
105 2.629631e-02 1.025449e-01 2.990552e+00
106 2.188318e-02 1.678230e-01 2.995800e+00
107 3.043494e-02 3.907912e-01 3.092334e+00
108 2.023244e-02 3.352233e-01 2.852537e+00
109 1.695741e-02 1.618702e-01 2.948525e+00
110 1.679230e-02 9.736861e-03 2.854590e+00
111 1.525565e-02 9.150886e-02 2.901984e+00
112 1.516333e-02 6.051858e-03 2.928080e+00
113 1.437787e-02 5.179996e-02 2.889464e+00
114 1.548164e-02 7.676880e-02 2.925784e+00
115 1.567578e-02 1.253976e-02 2.825602e+00
116 1.172496e-02 2.520330e-01 2.902221e+00
117 1.196434e-02 2.041596e-02 2.880866e+00
118 8.701145e-03 2.727434e-01 3.096610e+00
119 7.013792e-03 1.939231e-01 3.218954e+00
120 6.695082e-03 4.544041e-02 3.074450e+00
121 8.768909e-03 3.097537e-01 2.861459e+00
122 7.943350e-03 9.414621e-02 2.879767e+00
123 6.574945e-03 1.722705e-01 2.791199e+00
124 5.338024e-03 1.881264e-01 2.832373e+00
125 5.940204e-03 1.128095e-01 2.928442e+00
126 4.848506e-03 1.837812e-01 2.888712e+00
127 4.519512e-03 6.785468e-02 2.929763e+00
128 4.983514e-03 1.026662e-01 2.909550e+00
129 4.506387e-03 9.574110e-02 2.902064e+00
130 5.464084e-03 2.125201e-01 2.923541e+00
131 4.775407e-03 1.260371e-01 3.239007e+00
132 5.490086e-03 1.496582e-01 2.904938e+00
133 3.737551e-03 3.192180e-01 2.795114e+00
134 3.505976e-03 6.195911e-02 2.766613e+00
135 3.387702e-03 3.373497e-02 2.803219e+00
136 3.238557e-03 4.402545e-02 2.809979e+00
137 3.480213e-03 7.461858e-02 2.691430e+00
138 4.479057e-03 2.870066e-01 2.832494e+00
139 3.521949e-03 2.136853e-01 2.932301e+00
140 2.887327e-03 1.801904e-01 2.905153e+00
141 2.481299e-03 1.406241e-01 2.877622e+00
142 2.515809e-03 1.390800e-02 2.930347e+00
143 2.194964e-03 1.275318e-01 2.901750e+00
144 2.368455e-03 7.904082e-02 3.079532e+00
145 2.455321e-03 3.667596e-02 2.839662e+00
146 3.172008e-03 2.918916e-01 2.687431e+00
147 2.436214e-03 2.319647e-01 2.687075e+00
148 2.852231e-03 1.707636e-01 2.700721e+00
149 1.475458e-03 4.827003e-01 2.651995e+00
150 1.914540e-03 2.975902e-01 2.658671e+00
151 1.166486e-03 3.907224e-01 2.602685e+00
152 2.279379e-03 9.540552e-01 2.603360e+00
153 1.412818e-03 3.801739e-01 2.651766e+00
154 2.285684e-03 6.178186e-01 2.602694e+00
155 1.308182e-03 4.276629e-01 2.637923e+00
156 1.999172e-03 5.282069e-01 2.834746e+00
157 1.159276e-03 4.201220e-01 2.904702e+00
158 1.095657e-03 5.487837e-02 2.673825e+00
159 1.619428e-03 4.780433e-01 2.609566e+00
160 1.409706e-03 1.295038e-01 2.645728e+00
161 1.298035e-03 7.921560e-02 2.645062e+00
162 1.632424e-03 2.576112e-01 2.553716e+00
163 1.127746e-03 3.091587e-01 2.617663e+00
164 1.020391e-03 9.519369e-02 2.588968e+00
165 7.973047e-04 2.186287e-01 2.617546e+00
166 9.240684e-04 1.589904e-01 2.596624e+00
167 1.182324e-03 2.794772e-01 2.547503e+00
168 1.028335e-03 1.302431e-01 2.561110e+00
169 9.178063e-04 1.074830e-01 2.593621e+00
170 8.443347e-04 8.005131e-02 2.701891e+00
171 1.197701e-03 4.185143e-01 2.921464e+00
172 8.598097e-04 2.821164e-01 2.757663e+00
173 7.580604e-04 1.183394e-01 2.603061e+00
174 7.522674e-04 7.641906e-03 2.567241e+00
175 1.031619e-03 3.713468e-01 2.589587e+00
176 8.143227e-04 2.106365e-01 2.645466e+00
177 5.478529e-04 3.272287e-01 2.590504e+00
178 5.178922e-04 5.468751e-02 2.518594e+00
179 6.001927e-04 1.589143e-01 2.582883e+00
180 5.493331e-04 8.473879e-02 2.658826e+00
181 4.167927e-04 2.412751e-01 2.611329e+00
182 3.226485e-04 2.258777e-01 2.645350e+00
183 4.589704e-04 4.225088e-01 2.681114e+00
184 3.232311e-04 2.957474e-01 2.687115e+00
185 3.014308e-04 6.744474e-02 2.609501e+00
186 2.704116e-04 1.029066e-01 2.589436e+00
187 3.695820e-04 3.667385e-01 2.603881e+00
188 3.384585e-04 8.421268e-02 2.617221e+00
189 2.792186e-04 1.750285e-01 2.638690e+00
190 3.525848e-04 2.627555e-01 2.624319e+00
191 2.452849e-04 3.043238e-01 2.623982e+00
192 2.618540e-04 6.755060e-02 2.659909e+00
193 2.269418e-04 1.333271e-01 2.519830e+00
194 1.859130e-04 1.807899e-01 2.595875e+00
195 1.914311e-04 2.968113e-02 2.617203e+00
196 2.342351e-04 2.236003e-01 2.601795e+00
197 1.662517e-04 2.902358e-01 2.966752e+00
198 1.795236e-04 7.983004e-02 2.923786e+00
199 2.397386e-04 3.354157e-01 2.561512e+00
200 1.681261e-04 2.987109e-01 2.588679e+00
201 1.830954e-04 8.903609e-02 2.770554e+00
202 1.623434e-04 1.133398e-01 2.716035e+00
203 1.519472e-04 6.403796e-02 2.763680e+00
204 1.661169e-04 9.325352e-02 2.692779e+00
205 1.707848e-04 2.810059e-02 2.644079e+00
206 1.454955e-04 1.480771e-01 2.617498e+00
207 1.317191e-04 9.468594e-02 2.567393e+00
208 9.413215e-05 2.853571e-01 2.672746e+00
209 1.380990e-04 4.670753e-01 2.609116e+00
210 1.943416e-04 4.072635e-01 2.736536e+00
211 1.102412e-04 4.327452e-01 2.939617e+00
212 1.706334e-04 5.478191e-01 2.650803e+00
213 1.280593e-04 2.495067e-01 2.638444e+00
214 2.021945e-04 5.789133e-01 2.637219e+00
215 1.116722e-04 4.476988e-01 2.623873e+00
216 9.900555e-05 1.134273e-01 2.636676e+00
217 9.985641e-05 8.594027e-03 2.615505e+00
218 1.066646e-04 6.818018e-02 2.631938e+00
219 1.646072e-04 5.432218e-01 2.644513e+00
220 8.579800e-05 4.787712e-01 2.590182e+00
221 1.181416e-04 3.769742e-01 2.559791e+00
222 1.130703e-04 4.292629e-02 2.665594e+00
223 1.137006e-04 5.575210e-03 2.743379e+00
224 7.775084e-05 3.161794e-01 2.842277e+00
225 9.938498e-05 2.782496e-01 3.075212e+00
226 8.552602e-05 1.394472e-01 2.664863e+00
227 1.185919e-04 3.866172e-01 2.659326e+00
228 6.949124e-05 4.140302e-01 2.512286e+00
229 1.218906e-04 7.540426e-01 2.580897e+00
230 9.197311e-05 2.454454e-01 2.751350e+00
231 1.174406e-04 2.769018e-01 2.729118e+00
232 7.630400e-05 3.502760e-01 2.638698e+00
233 1.161688e-04 5.224474e-01 2.609214e+00
234 6.940503e-05 4.025503e-01 2.674496e+00
235 1.298780e-04 8.713052e-01 2.644085e+00
236 1.014990e-04 2.185054e-01 2.644601e+00
237 6.867073e-05 3.234341e-01 2.876336e+00
238 5.516733e-05 1.966398e-01 2.819206e+00
239 8.198789e-05 4.861676e-01 2.603556e+00
240 5.838694e-05 2.878590e-01 2.700327e+00
241 1.089450e-04 8.659131e-01 2.708094e+00
242 5.414662e-05 5.029911e-01 2.701138e+00
243 6.735597e-05 2.439553e-01 2.637727e+00
244 5.982270e-05 1.118427e-01 2.631398e+00
245 8.218520e-05 3.738130e-01 2.735942e+00
246 6.630451e-05 1.932306e-01 2.707272e+00
247 1.040302e-04 5.689761e-01 2.673799e+00
248 5.839359e-05 4.386861e-01 2.589760e+00
249 1.024122e-04 7.538259e-01 2.531663e+00
250 5.839660e-05 4.297885e-01 2.568432e+00
251 1.011549e-04 7.322054e-01 2.629972e+00
252 5.275703e-05 4.784531e-01 2.631399e+00
253 9.950384e-05 8.860773e-01 2.623730e+00
254 5.516845e-05 4.455646e-01 2.615924e+00
255 9.670803e-05 7.529590e-01 2.665350e+00
256 4.977236e-05 4.853337e-01 2.617153e+00
257 9.556893e-05 9.201204e-01 2.490164e+00
258 4.594177e-05 5.192814e-01 2.602874e+00
259 9.005718e-05 9.602463e-01 2.651466e+00
260 4.488881e-05 5.015521e-01 2.674291e+00
261 8.929919e-05 9.893417e-01 2.694546e+00
262 4.874657e-05 4.541208e-01 2.694634e+00
263 8.079626e-05 6.574758e-01 2.631576e+00
264 6.690657e-05 1.719101e-01 2.624615e+00
265 6.644843e-05 6.847502e-03 2.672628e+00
266 4.297287e-05 3.532900e-01 2.518871e+00
267 5.165736e-05 2.020923e-01 2.566368e+00
268 6.642767e-05 2.859286e-01 2.596347e+00
269 5.341785e-05 1.958494e-01 2.624323e+00
270 4.956936e-05 7.204503e-02 2.435706e+00
271 6.470189e-05 3.052800e-01 2.559457e+00
272 4.123667e-05 3.626667e-01 2.631012e+00
273 5.164084e-05 2.523037e-01 2.573007e+00
274 3.598635e-05 3.031417e-01 2.658844e+00
275 6.198593e-05 7.224846e-01 2.581646e+00
276 3.785275e-05 3.893333e-01 2.499241e+00
277 4.249360e-05 1.226028e-01 2.504519e+00
278 3.023104e-05 2.885742e-01 2.573536e+00
279 5.015157e-05 6.589429e-01 2.762758e+00
280 3.926359e-05 2.171015e-01 2.897173e+00
281 4.145783e-05 5.588474e-02 2.747789e+00
282 3.499905e-05 1.557915e-01 2.658019e+00
283 5.378884e-05 5.368657e-01 2.638953e+00
284 3.314375e-05 3.838174e-01 2.638364e+00
285 4.326488e-05 3.053707e-01 2.673719e+00
286 3.222164e-05 2.552472e-01 2.686654e+00
287 4.339139e-05 3.466539e-01 2.665326e+00
288 3.056976e-05 2.954880e-01 2.665779e+00
289 4.047025e-05 3.238657e-01 2.653119e+00
290 2.919298e-05 2.786559e-01 2.757832e+00
291 4.142501e-05 4.190059e-01 2.776521e+00
292 2.855506e-05 3.106805e-01 2.694760e+00
293 4.049533e-05 4.181490e-01 2.771885e+00
294 2.816508e-05 3.044859e-01 2.692563e+00
295 4.080018e-05 4.486090e-01 2.462970e+00
296 2.731117e-05 3.306116e-01 2.455681e+00
297 4.000085e-05 4.646332e-01 2.497852e+00
298 2.727206e-05 3.182130e-01 2.611025e+00
299 3.945749e-05 4.468102e-01 2.692259e+00
300 2.629324e-05 3.336313e-01 2.659785e+00
301 3.875170e-05 4.738278e-01 2.644215e+00
302 2.576622e-05 3.350944e-01 2.659417e+00
303 3.917763e-05 5.205033e-01 2.646028e+00
304 2.567087e-05 3.447569e-01 2.658753e+00
305 3.906867e-05 5.219066e-01 2.672235e+00
306 2.515187e-05 3.562137e-01 2.833489e+00
307 3.781282e-05 5.033798e-01 2.932708e+00
308 2.487965e-05 3.420313e-01 2.736418e+00
309 3.847897e-05 5.466042e-01 2.687160e+00
310 2.402222e-05 3.757053e-01 2.643367e+00
311 3.780089e-05 5.735804e-01 2.651915e+00
312 2.497787e-05 3.392253e-01 2.616761e+00
313 3.795175e-05 5.194149e-01 2.638887e+00
314 2.382139e-05 3.723243e-01 2.617233e+00
315 3.701940e-05 5.540404e-01 2.602421e+00
316 2.419385e-05 3.464548e-01 2.700679e+00
317 3.754404e-05 5.518008e-01 2.643747e+00
318 2.392404e-05 3.627741e-01 2.611159e+00
319 3.677627e-05 5.372100e-01 2.680167e+00
320 2.349560e-05 3.611207e-01 2.901560e+00
321 3.684675e-05 5.682406e-01 2.868754e+00
322 2.297374e-05 3.765056e-01 2.610081e+00
323 3.622505e-05 5.768023e-01 2.583040e+00
324 2.258841e-05 3.764422e-01 2.623416e+00
325 3.641416e-05 6.120728e-01 2.617635e+00
326 2.202384e-05 3.951849e-01 2.582159e+00
327 3.573494e-05 6.225575e-01 2.554865e+00
328 2.261133e-05 3.672486e-01 2.645560e+00
329 3.595172e-05 5.899866e-01 2.686835e+00
330 2.166328e-05 3.974340e-01 2.610789e+00
331 3.438790e-05 5.873816e-01 2.694034e+00
332 2.064213e-05 3.997269e-01 2.748688e+00
333 3.490478e-05 6.909489e-01 2.630283e+00
334 2.081654e-05 4.036193e-01 2.650895e+00
335 3.794046e-05 8.226115e-01 2.659727e+00
336 2.178321e-05 4.258582e-01 2.666131e+00
337 3.506693e-05 6.098151e-01 2.623889e+00
338 2.074428e-05 4.084376e-01 2.770803e+00
339 3.431565e-05 6.542220e-01 2.785809e+00
340 2.052606e-05 4.018456e-01 2.715804e+00
341 3.486188e-05 6.984208e-01 2.660084e+00
342 2.022355e-05 4.198949e-01 2.692539e+00
343 3.439270e-05 7.006262e-01 2.554079e+00
344 2.165576e-05 3.703385e-01 2.623946e+00
345 3.611958e-05 6.678969e-01 2.652793e+00
346 2.013485e-05 4.425502e-01 2.588363e+00
347 3.337192e-05 6.574207e-01 2.603151e+00
348 1.990727e-05 4.034724e-01 2.686306e+00
349 3.339518e-05 6.775367e-01 2.616882e+00
350 1.909804e-05 4.281197e-01 2.666959e+00
351 3.311460e-05 7.339261e-01 2.666153e+00
352 1.891789e-05 4.287144e-01 2.799289e+00
353 3.382938e-05 7.882213e-01 2.956054e+00
354 1.847364e-05 4.539172e-01 2.895888e+00
355 3.312339e-05 7.930083e-01 2.650113e+00
356 1.783909e-05 4.614353e-01 2.575820e+00
357 3.301117e-05 8.504960e-01 2.540447e+00
358 1.708542e-05 4.824350e-01 2.657661e+00
359 3.110678e-05 8.206617e-01 2.674045e+00
360 1.818728e-05 4.153275e-01 2.652665e+00
361 3.286219e-05 8.068777e-01 2.659107e+00
362 1.722017e-05 4.759885e-01 2.643841e+00
363 3.176709e-05 8.447610e-01 2.615292e+00
364 1.756830e-05 4.469654e-01 2.652647e+00
365 3.107797e-05 7.689799e-01 2.750774e+00
366 1.728233e-05 4.439041e-01 2.849351e+00
367 3.288162e-05 9.026146e-01 2.839559e+00
368 1.672188e-05 4.914521e-01 2.714012e+00
369 3.149139e-05 8.832452e-01 2.665913e+00
370 1.658962e-05 4.732013e-01 2.699909e+00
371 3.125595e-05 8.840660e-01 2.721839e+00
372 1.615192e-05 4.832370e-01 2.670826e+00
373 3.042720e-05 8.838138e-01 2.665906e+00
374 1.693578e-05 4.434002e-01 2.624613e+00
375 3.136365e-05 8.519167e-01 2.589370e+00
376 1.637326e-05 4.779542e-01 2.650475e+00
377 3.137540e-05 9.162584e-01 2.713424e+00
378 1.610590e-05 4.866712e-01 2.673263e+00
379 3.119464e-05 9.368458e-01 2.638446e+00
380 1.607910e-05 4.845556e-01 2.671966e+00
381 3.095062e-05 9.248975e-01 2.813209e+00
382 1.565394e-05 4.942284e-01 2.799140e+00
383 2.990073e-05 9.101082e-01 2.707596e+00
384 1.500322e-05 4.982323e-01 2.714312e+00
385 2.858097e-05 9.049891e-01 2.504060e+00
386 1.468238e-05 4.862881e-01 2.532965e+00
387 2.818309e-05 9.195173e-01 2.512632e+00
388 1.472798e-05 4.774179e-01 2.484606e+00
389 2.989528e-05 1.029830e+00 2.484484e+00
390 1.437949e-05 5.190047e-01 2.470874e+00
391 2.875475e-05 9.997057e-01 2.559289e+00
392 1.570737e-05 4.537471e-01 2.595400e+00
393 2.880178e-05 8.336478e-01 2.791968e+00
394 1.506517e-05 4.769362e-01 2.617430e+00
395 2.734028e-05 8.148011e-01 2.876872e+00
396 2.714199e-05 7.252889e-03 2.869032e+00
397 2.504877e-05 7.712084e-02 2.875583e+00
398 3.378093e-05 3.486061e-01 2.511263e+00
399 3.297732e-05 2.378890e-02 2.483829e+00
400 2.156640e-05 3.460233e-01 2.671782e+00
401 3.158797e-05 4.646846e-01 2.659141e+00
402 2.486951e-05 2.126904e-01 2.652913e+00
403 4.594358e-05 8.473856e-01 2.644635e+00
404 1.384783e-05 6.985906e-01 2.673817e+00
405 2.339128e-05 6.891663e-01 2.680063e+00
406 1.925911e-05 1.766545e-01 2.639001e+00
407 3.220254e-05 6.720682e-01 2.589284e+00
408 1.574563e-05 5.110439e-01 2.631056e+00
409 3.495834e-05 1.220194e+00 2.761222e+00
410 2.178361e-05 3.768695e-01 2.594824e+00
411 3.463519e-05 5.899656e-01 2.700396e+00
412 1.764992e-05 4.904050e-01 2.631420e+00
413 3.189392e-05 8.070288e-01 2.686632e+00
414 1.724444e-05 4.593189e-01 2.623572e+00
415 3.097411e-05 7.961797e-01 2.609200e+00
416 1.406205e-05 5.460062e-01 2.666831e+00
417 2.823391e-05 1.007808e+00 2.636215e+00
418 1.428041e-05 4.942105e-01 2.645886e+00
419 2.810274e-05 9.679220e-01 2.631692e+00
420 1.352429e-05 5.187555e-01 2.645551e+00
421 2.607492e-05 9.280064e-01 2.658272e+00
422 1.271321e-05 5.124354e-01 2.862058e+00
423 2.516491e-05 9.794303e-01 2.831276e+00
424 1.274323e-05 4.936112e-01 2.687897e+00
425 2.449153e-05 9.219256e-01 2.616763e+00
426 1.243843e-05 4.921336e-01 2.552755e+00
427 2.490773e-05 1.002482e+00 2.617345e+00
428 1.244725e-05 5.002654e-01 2.652237e+00
429 2.495203e-05 1.004621e+00 2.701992e+00
430 1.301183e-05 4.785262e-01 2.679316e+00
431 2.483106e-05 9.083453e-01 2.639050e+00
432 1.253061e-05 4.953657e-01 2.622790e+00
433 2.421392e-05 9.323820e-01 2.630355e+00
434 1.281430e-05 4.707880e-01 2.729605e+00
435 2.407511e-05 8.787692e-01 2.762583e+00
436 1.234027e-05 4.874259e-01 3.028182e+00
437 2.276574e-05 8.448324e-01 2.644448e+00
438 1.221548e-05 4.634271e-01 2.617652e+00
439 2.366102e-05 9.369704e-01 2.562522e+00
440 1.207432e-05 4.896959e-01 2.628077e+00
441 2.321567e-05 9.227314e-01 2.638627e+00
442 1.197916e-05 4.840053e-01 2.618204e+00
443 2.281009e-05 9.041479e-01 2.602959e+00
444 1.194375e-05 4.763830e-01 2.617481e+00
445 2.205661e-05 8.467072e-01 2.665183e+00
446 1.187390e-05 4.616624e-01 2.651915e+00
447 2.247728e-05 8.929982e-01 2.652364e+00
448 1.187094e-05 4.718695e-01 2.596046e+00
449 2.201583e-05 8.545993e-01 2.617952e+00
450 1.169648e-05 4.687242e-01 2.881594e+00
451 2.164668e-05 8.507009e-01 2.617226e+00
452 1.149785e-05 4.688401e-01 2.610433e+00
453 2.041259e-05 7.753397e-01 2.665474e+00
454 1.120894e-05 4.508811e-01 2.659515e+00
455 2.042559e-05 8.222588e-01 2.652485e+00
456 1.208810e-05 4.081884e-01 2.616041e+00
457 2.224847e-05 8.405267e-01 2.589573e+00
458 1.190196e-05 4.650437e-01 2.632033e+00
459 2.113074e-05 7.754006e-01 2.629332e+00
460 1.187928e-05 4.378198e-01 2.610118e+00
461 2.118134e-05 7.830481e-01 2.666868e+00
462 1.157504e-05 4.535266e-01 2.881938e+00
463 2.153190e-05 8.602016e-01 2.836262e+00
464 1.277563e-05 4.066652e-01 2.616553e+00
465 2.535657e-05 9.847613e-01 2.617034e+00
466 2.484104e-05 2.033110e-02 2.616179e+00
467 3.458367e-05 3.921988e-01 2.509578e+00
468 1.688369e-05 5.118018e-01 2.572104e+00
469 3.084294e-05 8.267896e-01 2.623566e+00
470 1.427019e-05 5.373270e-01 2.607711e+00
471 2.687280e-05 8.831420e-01 2.666513e+00
472 1.302138e-05 5.154437e-01 2.666328e+00
473 2.187838e-05 6.801885e-01 2.609685e+00
474 1.278842e-05 4.154767e-01 2.658789e+00
475 2.267050e-05 7.727362e-01 2.834239e+00
476 1.234448e-05 4.554827e-01 2.750335e+00
477 2.260364e-05 8.310730e-01 2.685440e+00
478 1.856095e-05 1.788513e-01 2.476192e+00
479 2.204718e-05 1.878258e-01 2.652879e+00
480 1.340562e-05 3.919573e-01 2.680354e+00
481 2.163307e-05 6.137308e-01 2.701279e+00
482 1.387256e-05 3.587334e-01 2.518942e+00
483 2.026878e-05 4.610695e-01 2.568021e+00
484 1.424246e-05 2.973204e-01 2.694298e+00
485 1.686191e-05 1.839187e-01 2.616536e+00
486 1.857041e-05 1.013229e-01 2.694771e+00
487 1.373447e-05 2.604112e-01 2.827344e+00
488 1.402823e-05 2.138836e-02 2.593300e+00
489 1.613973e-05 1.505184e-01 2.727554e+00
490 2.001486e-05 2.400988e-01 2.981769e+00
491 1.073399e-05 4.636993e-01 2.666589e+00
492 1.190095e-05 1.087172e-01 2.757178e+00
493 1.420608e-05 1.936926e-01 2.643060e+00
494 1.201583e-05 1.541767e-01 2.650749e+00
495 1.829518e-05 5.225889e-01 2.687911e+00
496 1.032472e-05 4.356590e-01 2.602796e+00
497 1.578859e-05 5.292031e-01 2.603585e+00
498 1.395433e-05 1.161766e-01 2.638109e+00
499 1.377641e-05 1.274975e-02 2.596673e+00
500 1.566438e-05 1.370433e-01 2.651324e+00
501 1.614402e-05 3.061987e-02 2.518818e+00
502 9.659788e-06 4.016491e-01 2.672947e+00
503 8.715977e-06 9.770515e-02 2.764428e+00
504 8.835007e-06 1.365661e-02 2.847108e+00
505 7.215328e-06 1.833252e-01 2.597099e+00
506 1.226401e-05 6.997166e-01 2.652125e+00
507 1.759974e-05 4.350716e-01 2.624442e+00
508 9.438731e-06 4.637005e-01 2.639084e+00
509 1.019268e-05 7.987837e-02 2.609860e+00
510 8.659069e-06 1.504620e-01 2.617055e+00
511 7.067886e-06 1.837591e-01 2.498586e+00
512 5.280852e-06 2.528386e-01 2.539345e+00
513 6.274291e-06 1.881210e-01 2.609904e+00
514 9.241061e-06 4.728455e-01 2.596826e+00
515 9.310965e-06 7.564492e-03 2.596997e+00
516 1.248945e-05 3.413703e-01 2.729508e+00
517 6.474369e-06 4.816131e-01 2.882761e+00
518 6.374537e-06 1.541956e-02 2.770608e+00
519 6.411588e-06 5.812305e-03 2.924797e+00
520 6.247369e-06 2.561278e-02 2.609553e+00
521 9.182473e-06 4.698143e-01 2.652687e+00
522 8.784945e-06 4.329203e-02 2.610349e+00
523 5.779316e-06 3.421341e-01 2.631125e+00
524 7.572731e-06 3.103162e-01 2.743068e+00
525 5.127451e-06 3.229060e-01 2.658701e+00
526 6.487090e-06 2.651687e-01 2.658777e+00
527 6.979423e-06 7.589424e-02 2.609515e+00
528 6.538547e-06 6.316791e-02 2.611393e+00
529 7.571035e-06 1.579078e-01 2.621574e+00
530 5.564981e-06 2.649643e-01 2.678302e+00
531 7.377138e-06 3.256358e-01 2.652963e+00
532 5.506671e-06 2.535492e-01 2.666703e+00
533 8.178112e-06 4.851282e-01 2.602369e+00
534 5.376276e-06 3.426018e-01 2.637490e+00
535 6.701981e-06 2.465841e-01 2.469323e+00
536 6.501320e-06 2.994050e-02 2.484018e+00
537 4.666350e-06 2.822458e-01 2.637948e+00
538 1.158614e-05 1.482913e+00 2.631145e+00
539 5.417937e-06 5.323777e-01 2.645594e+00
540 6.047675e-06 1.162319e-01 2.798726e+00
541 6.332682e-06 4.712677e-02 2.931633e+00
542 4.570130e-06 2.783263e-01 2.645840e+00
543 4.002116e-06 1.242883e-01 2.603121e+00
544 4.125557e-06 3.084394e-02 2.651869e+00
545 4.096119e-06 7.135678e-03 2.653168e+00
546 5.851289e-06 4.284959e-01 2.600585e+00
547 4.954912e-06 1.531930e-01 2.645794e+00
548 4.245686e-06 1.431359e-01 2.631075e+00
549 7.095730e-06 6.712799e-01 2.650926e+00
550 5.896354e-06 1.690279e-01 2.667005e+00
551 4.033322e-06 3.159634e-01 2.603703e+00
552 5.274265e-06 3.076729e-01 2.602361e+00
553 4.615559e-06 1.248906e-01 2.616970e+00
554 3.981762e-06 1.373175e-01 2.590047e+00
555 5.082024e-06 2.763254e-01 2.651048e+00
556 4.189487e-06 1.756264e-01 2.623752e+00
557 4.659394e-06 1.121635e-01 2.743333e+00
558 4.023948e-06 1.363795e-01 2.909674e+00
559 3.381712e-06 1.596036e-01 2.639080e+00
560 5.929488e-06 7.533985e-01 2.621834e+00
561 3.291104e-06 4.449599e-01 2.721905e+00
562 3.248516e-06 1.294019e-02 2.636461e+00
563 3.463263e-06 6.610616e-02 2.666044e+00
564 3.276102e-06 5.404192e-02 2.631968e+00
565 5.311611e-06 6.213204e-01 2.664976e+00
566 3.116582e-06 4.132512e-01 2.644780e+00
567 4.965513e-06 5.932562e-01 2.610145e+00
568 2.894064e-06 4.171671e-01 2.638749e+00
569 5.013303e-06 7.322709e-01 2.603025e+00
570 2.761375e-06 4.491906e-01 2.630669e+00
571 4.801639e-06 7.388582e-01 2.630062e+00
572 2.701504e-06 4.373788e-01 2.743535e+00
573 4.720564e-06 7.473837e-01 2.687513e+00
574 2.648134e-06 4.390217e-01 2.708409e+00
575 4.579030e-06 7.291534e-01 2.666346e+00
576 2.565555e-06 4.397164e-01 2.680404e+00
577 4.423952e-06 7.243643e-01 2.645136e+00
578 2.640317e-06 4.031768e-01 2.624714e+00
579 4.426671e-06 6.765680e-01 2.805548e+00
580 2.663387e-06 3.983319e-01 2.814753e+00
581 4.759520e-06 7.870180e-01 2.665358e+00
582 2.653355e-06 4.425162e-01 2.645835e+00
583 4.197567e-06 5.819847e-01 2.623958e+00
584 2.526092e-06 3.982010e-01 2.617121e+00
585 4.114246e-06 6.287001e-01 2.665799e+00
586 2.531416e-06 3.847193e-01 2.575770e+00
587 4.376069e-06 7.287037e-01 2.568068e+00
588 2.493953e-06 4.300929e-01 2.526515e+00
589 3.883263e-06 5.570717e-01 2.575425e+00
590 2.444931e-06 3.703926e-01 2.504720e+00
591 4.021534e-06 6.448455e-01 2.495770e+00
592 2.398874e-06 4.034926e-01 2.736945e+00
593 3.896239e-06 6.241947e-01 2.883794e+00
594 2.309366e-06 4.072832e-01 2.818855e+00
595 3.962405e-06 7.157973e-01 2.624011e+00
596 2.339419e-06 4.095962e-01 2.518781e+00
597 4.027205e-06 7.214553e-01 2.538451e+00
598 2.336220e-06 4.198904e-01 2.561112e+00
599 3.866395e-06 6.549788e-01 2.583012e+00
600 2.303506e-06 4.042239e-01 2.601687e+00
601 3.758308e-06 6.315602e-01 2.686593e+00
602 2.279440e-06 3.934931e-01 2.659260e+00
603 3.618670e-06 5.875259e-01 2.617499e+00
604 2.203286e-06 3.911337e-01 2.609461e+00
605 3.549460e-06 6.109846e-01 2.693901e+00
606 2.201181e-06 3.798548e-01 2.889796e+00
607 4.052423e-06 8.410223e-01 2.875879e+00
608 2.174530e-06 4.633999e-01 2.849967e+00
609 3.455101e-06 5.888953e-01 2.672383e+00
610 2.099516e-06 3.923431e-01 2.651689e+00
611 3.469117e-06 6.523411e-01 2.658742e+00
612 2.052047e-06 4.084813e-01 2.624849e+00
613 3.464404e-06 6.882671e-01 2.736309e+00
614 1.987758e-06 4.262339e-01 2.680092e+00
615 3.412770e-06 7.168948e-01 2.603558e+00
616 2.089856e-06 3.876366e-01 2.874935e+00
617 3.824911e-06 8.302273e-01 2.652264e+00
618 2.059027e-06 4.616797e-01 2.567555e+00
619 3.296569e-06 6.010320e-01 2.623280e+00
620 2.049307e-06 3.783513e-01 2.622510e+00
621 3.738177e-06 8.241171e-01 2.687346e+00
622 2.018926e-06 4.599170e-01 2.919121e+00
623 3.137527e-06 5.540576e-01 2.651769e+00
624 1.929651e-06 3.849771e-01 2.637285e+00
625 3.625012e-06 8.785841e-01 2.624206e+00
626 1.929209e-06 4.678060e-01 2.674133e+00
627 3.090271e-06 6.018328e-01 2.614216e+00
628 1.898427e-06 3.856760e-01 2.582162e+00
629 3.476877e-06 8.314510e-01 2.554362e+00
630 1.875759e-06 4.605045e-01 2.714790e+00
631 2.880436e-06 5.356108e-01 2.580003e+00
632 1.774723e-06 3.838700e-01 2.533634e+00
633 3.390977e-06 9.107071e-01 2.624376e+00
634 1.774273e-06 4.767665e-01 2.610330e+00
635 2.890193e-06 6.289450e-01 2.540550e+00
636 1.756789e-06 3.921551e-01 2.638673e+00
637 3.330294e-06 8.956708e-01 2.589765e+00
638 1.727104e-06 4.813960e-01 2.601959e+00
639 2.780240e-06 6.097699e-01 2.512013e+00
640 1.662837e-06 4.019088e-01 2.666885e+00
641 3.124936e-06 8.792800e-01 2.764999e+00
642 1.636158e-06 4.764187e-01 2.574766e+00
643 2.751392e-06 6.816177e-01 2.477188e+00
644 1.643798e-06 4.025575e-01 2.561692e+00
645 3.061419e-06 8.624053e-01 2.652915e+00
646 1.599534e-06 4.775188e-01 2.637615e+00
647 3.355158e-06 1.097585e+00 2.673220e+00
648 1.712854e-06 4.894863e-01 2.652022e+00
649 3.075259e-06 7.954002e-01 2.610590e+00
650 1.677522e-06 4.545104e-01 2.686963e+00
651 3.497575e-06 1.084966e+00 2.672949e+00
652 1.790281e-06 4.881364e-01 2.722650e+00
653 2.007325e-06 1.212344e-01 2.693877e+00
654 1.929842e-06 3.860006e-02 2.636173e+00
655 1.688490e-06 1.250630e-01 2.652948e+00
656 2.839943e-06 6.819425e-01 2.673841e+00
657 2.021298e-06 2.882613e-01 2.610021e+00
658 2.815275e-06 3.928057e-01 2.610186e+00
659 1.667330e-06 4.077557e-01 2.637789e+00
660 2.730229e-06 6.374851e-01 2.673838e+00
661 2.020085e-06 2.601041e-01 2.672581e+00
662 1.772190e-06 1.227154e-01 2.624360e+00
663 1.627598e-06 8.158909e-02 2.637917e+00
664 1.753479e-06 7.734164e-02 2.764637e+00
665 1.481645e-06 1.550255e-01 2.777278e+00
666 1.519041e-06 2.523955e-02 2.888555e+00
667 2.079132e-06 3.687129e-01 2.666672e+00
668 2.037625e-06 1.996345e-02 2.643699e+00
669 2.016789e-06 1.022572e-02 2.637945e+00
670 1.986583e-06 1.497705e-02 2.602772e+00
671 2.057897e-06 3.589750e-02 2.701317e+00
672 1.415300e-06 3.122588e-01 2.673762e+00
673 1.123158e-06 2.064170e-01 2.561438e+00
674 1.515765e-06 3.495558e-01 2.454746e+00
675 1.180729e-06 2.210339e-01 2.617556e+00
676 2.145516e-06 8.171107e-01 2.561128e+00
677 1.452743e-06 3.228936e-01 2.589435e+00
678 2.196383e-06 5.118874e-01 2.806476e+00
679 1.035382e-06 5.285966e-01 2.890053e+00
680 1.854502e-06 7.911272e-01 2.573770e+00
681 1.216749e-06 3.438942e-01 2.596164e+00
682 1.158583e-06 4.780453e-02 2.631440e+00
683 1.568234e-06 3.535792e-01 2.618273e+00
684 1.287009e-06 1.793258e-01 2.611223e+00
685 8.659006e-07 3.271995e-01 2.657524e+00
686 1.093423e-06 2.627580e-01 2.609052e+00
687 1.580170e-06 4.451588e-01 2.665409e+00
688 6.710731e-07 5.753158e-01 2.651040e+00
689 8.014411e-07 1.942679e-01 2.568509e+00
690 1.006969e-06 2.564477e-01 2.554955e+00
691 1.040871e-06 3.366740e-02 2.673347e+00
692 1.699148e-06 6.324288e-01 2.807011e+00
693 8.274773e-07 5.130044e-01 2.896627e+00
694 1.139528e-06 3.771109e-01 2.597298e+00
695 8.877490e-07 2.209502e-01 2.715097e+00
696 1.243582e-06 4.008262e-01 2.657268e+00
697 8.356017e-07 3.280688e-01 2.581540e+00
698 7.043448e-07 1.570806e-01 2.637083e+00
699 7.735457e-07 9.824853e-02 2.603243e+00
700 5.735975e-07 2.584827e-01 2.574839e+00
701 5.547676e-07 3.282761e-02 2.518860e+00
702 8.179321e-07 4.743689e-01 2.596058e+00
703 6.327183e-07 2.264416e-01 2.645507e+00
704 4.954193e-07 2.169986e-01 2.672433e+00
705 5.350807e-07 8.005629e-02 2.694653e+00
706 5.411854e-07 1.140889e-02 2.986199e+00
707 5.961330e-07 1.015319e-01 2.630426e+00
708 8.093016e-07 3.575856e-01 2.650251e+00
709 5.800848e-07 2.832279e-01 2.617608e+00
710 5.689622e-07 1.917423e-02 2.580593e+00
711 6.951132e-07 2.217214e-01 2.582519e+00
712 9.130057e-07 3.134634e-01 2.596803e+00
713 6.450998e-07 2.934329e-01 2.581355e+00
714 5.119189e-07 2.064502e-01 2.589474e+00
715 7.568027e-07 4.783646e-01 2.609501e+00
716 4.720214e-07 3.762953e-01 2.617316e+00
717 8.094904e-07 7.149444e-01 2.630986e+00
718 5.799318e-07 2.835842e-01 2.623843e+00
719 7.283963e-07 2.560035e-01 2.630896e+00
720 3.991039e-07 4.520787e-01 2.631476e+00
721 4.235157e-07 6.116660e-02 2.581551e+00
722 4.248017e-07 3.036546e-03 2.638322e+00
723 3.984260e-07 6.208941e-02 2.673422e+00
724 5.234207e-07 3.137212e-01 2.764232e+00
725 4.122566e-07 2.123801e-01 2.799538e+00
726 3.531521e-07 1.433683e-01 2.862941e+00
727 5.438500e-07 5.399881e-01 2.666305e+00
728 2.978453e-07 4.523392e-01 2.692111e+00
729 3.769564e-07 2.656114e-01 2.708606e+00
730 3.866264e-07 2.565287e-02 2.645633e+00
731 2.873786e-07 2.567021e-01 2.645206e+00
732 3.053450e-07 6.251820e-02 2.657762e+00
733 3.110946e-07 1.882970e-02 2.685750e+00
734 3.246003e-07 4.341346e-02 2.659144e+00
735 3.189530e-07 1.739766e-02 2.554732e+00
736 2.482032e-07 2.218187e-01 2.651330e+00
737 4.435926e-07 7.872150e-01 2.805664e+00
738 4.266794e-07 3.812768e-02 3.077207e+00
739 2.880044e-07 3.250099e-01 2.867547e+00
740 2.512214e-07 1.277168e-01 2.673493e+00
741 2.491576e-07 8.214834e-03 2.595749e+00
742 2.191754e-07 1.203343e-01 2.624523e+00
743 2.091957e-07 4.553319e-02 2.636770e+00
744 2.493871e-07 1.921237e-01 2.526498e+00
745 2.097279e-07 1.590265e-01 2.484198e+00
746 2.387773e-07 1.385096e-01 2.638441e+00
747 1.814474e-07 2.400977e-01 2.638108e+00
748 2.229161e-07 2.285441e-01 2.665944e+00
749 1.847437e-07 1.712413e-01 2.637543e+00
750 2.611931e-07 4.138134e-01 2.694758e+00
751 1.771236e-07 3.218672e-01 2.673794e+00
752 2.146838e-07 2.120562e-01 2.987762e+00
753 1.973836e-07 8.058435e-02 2.750660e+00
754 2.147762e-07 8.811581e-02 2.652692e+00
755 1.498487e-07 3.023034e-01 2.638187e+00
756 3.015691e-07 1.012491e+00 2.637399e+00
757 2.189523e-07 2.739563e-01 2.476881e+00
758 1.807604e-07 1.744302e-01 2.631285e+00
759 1.833304e-07 1.421765e-02 2.722354e+00
760 1.497188e-07 1.833389e-01 2.673268e+00
761 1.481530e-07 1.045859e-02 2.674081e+00
762 1.449691e-07 2.149031e-02 2.595590e+00
763 1.633095e-07 1.265120e-01 2.560175e+00
764 2.020692e-07 2.373390e-01 2.638587e+00
765 1.607207e-07 2.046252e-01 2.630658e+00
766 2.250117e-07 4.000167e-01 2.673062e+00
767 1.387378e-07 3.834196e-01 2.722019e+00
768 1.541432e-07 1.110399e-01 2.652323e+00
769 1.128237e-07 2.680590e-01 2.673919e+00
770 1.475831e-07 3.080857e-01 3.023282e+00
771 1.075384e-07 2.713365e-01 2.610419e+00
772 1.896617e-07 7.636646e-01 2.617109e+00
773 9.103351e-08 5.200217e-01 2.625264e+00
774 1.710733e-07 8.792345e-01 2.631372e+00
775 1.001181e-07 4.147648e-01 2.630441e+00
776 1.382560e-07 3.809285e-01 2.657513e+00
777 1.282907e-07 7.207850e-02 2.694559e+00
778 1.903399e-07 4.836610e-01 2.575607e+00
779 1.154986e-07 3.931981e-01 2.645756e+00
780 1.582527e-07 3.701698e-01 2.645070e+00
781 1.070395e-07 3.236169e-01 2.590209e+00
782 1.576485e-07 4.728069e-01 2.757796e+00
783 1.019761e-07 3.531424e-01 2.916250e+00
784 1.559397e-07 5.291784e-01 2.636823e+00
785 9.743159e-08 3.751968e-01 2.631458e+00
786 1.547934e-07 5.887388e-01 2.624452e+00
787 9.691262e-08 3.739226e-01 2.602479e+00
788 1.498986e-07 5.467397e-01 2.664624e+00
789 9.612808e-08 3.587126e-01 2.658849e+00
790 1.484298e-07 5.440832e-01 2.623900e+00
791 9.266569e-08 3.756933e-01 2.623245e+00
792 1.449563e-07 5.642929e-01 2.603166e+00
793 9.023754e-08 3.774845e-01 2.650701e+00
794 1.424277e-07 5.783640e-01 2.638869e+00
795 8.881024e-08 3.764538e-01 2.694508e+00
796 1.390196e-07 5.653555e-01 2.756975e+00
797 8.698827e-08 3.742733e-01 2.861718e+00
798 1.381117e-07 5.877043e-01 2.680805e+00
799 9.097030e-08 3.413278e-01 2.652395e+00
800 1.360291e-07 4.953127e-01 2.665922e+00
801 8.705221e-08 3.600469e-01 2.651929e+00
802 1.354396e-07 5.558435e-01 2.694249e+00
803 8.445460e-08 3.764410e-01 2.638038e+00
804 1.349247e-07 5.976007e-01 2.624339e+00
805 8.489469e-08 3.707996e-01 2.657597e+00
806 1.296061e-07 5.266686e-01 2.695560e+00
807 8.226353e-08 3.652802e-01 2.645747e+00
808 1.285738e-07 5.629502e-01 2.631023e+00
809 8.110369e-08 3.692051e-01 2.874633e+00
810 1.273882e-07 5.706825e-01 2.946805e+00
811 7.934364e-08 3.771506e-01 2.722612e+00
812 1.173916e-07 4.795334e-01 2.672489e+00
813 9.233617e-08 2.134344e-01 2.630741e+00
814 1.369082e-07 4.827148e-01 2.645972e+00
815 8.480384e-08 3.805789e-01 2.610453e+00
816 1.254652e-07 4.794753e-01 2.658551e+00
817 7.889561e-08 3.711753e-01 2.652108e+00
818 1.231440e-07 5.608474e-01 2.707348e+00
819 7.656076e-08 3.782827e-01 2.610971e+00
820 1.103726e-07 4.416339e-01 2.638293e+00
821 8.703896e-08 2.114078e-01 2.617676e+00
822 1.285385e-07 4.767922e-01 2.769406e+00
823 8.678741e-08 3.248136e-01 2.883088e+00
824 1.397071e-07 6.097628e-01 2.759799e+00
825 9.993376e-08 2.846911e-01 2.694291e+00
826 1.435617e-07 4.365684e-01 2.645426e+00
827 8.980215e-08 3.744700e-01 2.616588e+00
828 1.014866e-07 1.301133e-01 2.678484e+00
829 1.095422e-07 7.937632e-02 2.665228e+00
830 6.808273e-08 3.784797e-01 2.652045e+00
831 1.422954e-07 1.090037e+00 2.709194e+00
832 7.887947e-08 4.456639e-01 2.651240e+00
833 1.422311e-07 8.031441e-01 2.560407e+00
834 9.546602e-08 3.287962e-01 2.615828e+00
835 1.053349e-07 1.033753e-01 2.617031e+00
836 1.435478e-07 3.627757e-01 2.820685e+00
837 1.239527e-07 1.365057e-01 2.940343e+00
838 7.877550e-08 3.644713e-01 2.708232e+00
839 1.301085e-07 6.516365e-01 2.597007e+00
840 1.028944e-07 2.091646e-01 2.539854e+00
841 1.043431e-07 1.407995e-02 2.638161e+00
842 7.970638e-08 2.361129e-01 2.533148e+00
843 7.843021e-08 1.601088e-02 2.546799e+00
844 9.242148e-08 1.783913e-01 2.623107e+00
845 7.209852e-08 2.198944e-01 2.702197e+00
846 1.186227e-07 6.452867e-01 2.701320e+00
847 9.207354e-08 2.238120e-01 2.644092e+00
848 8.323338e-08 9.601188e-02 2.589306e+00
849 7.090890e-08 1.480714e-01 2.553727e+00
850 1.128477e-07 5.914463e-01 2.568694e+00
851 6.878756e-08 3.904389e-01 2.575504e+00
852 7.778312e-08 1.307730e-01 2.560661e+00
853 7.975804e-08 2.539016e-02 2.694920e+00
854 7.160543e-08 1.022169e-01 2.635704e+00
855 4.698635e-08 3.438157e-01 2.636696e+00
856 4.143276e-08 1.181958e-01 2.630902e+00
857 4.577189e-08 1.047269e-01 2.609803e+00
858 7.394678e-08 6.155501e-01 3.001635e+00
859 7.143709e-08 3.393919e-02 2.943626e+00
860 7.550125e-08 5.689152e-02 2.748742e+00
861 7.709054e-08 2.104989e-02 2.692835e+00
862 5.550144e-08 2.800486e-01 2.653394e+00
863 5.051943e-08 8.976373e-02 2.701132e+00
864 6.975261e-08 3.807086e-01 2.625399e+00
865 5.069498e-08 2.732174e-01 2.659623e+00
866 6.937247e-08 3.684288e-01 2.674234e+00
867 6.941206e-08 5.707114e-04 2.673139e+00
868 3.281257e-08 5.272786e-01 2.623929e+00
869 4.415421e-08 3.456493e-01 2.645136e+00
870 4.671898e-08 5.808660e-02 2.531829e+00
871 5.206883e-08 1.145115e-01 2.659688e+00
872 5.280146e-08 1.407040e-02 2.763874e+00
873 4.147749e-08 2.144632e-01 2.750553e+00
874 2.525740e-08 3.910577e-01 2.616273e+00
875 3.410783e-08 3.504094e-01 2.631653e+00
876 4.433311e-08 2.997928e-01 2.687972e+00
877 5.134360e-08 1.581321e-01 2.673319e+00
878 4.110599e-08 1.993940e-01 2.609697e+00
879 6.077903e-08 4.785930e-01 2.658722e+00
880 4.277707e-08 2.961871e-01 2.595932e+00
881 3.437798e-08 1.963455e-01 2.586992e+00
882 6.656476e-08 9.362614e-01 2.631705e+00
883 3.778010e-08 4.324308e-01 2.665754e+00
884 3.902584e-08 3.297347e-02 2.762237e+00
885 2.522365e-08 3.536680e-01 2.813401e+00
886 5.642539e-08 1.237003e+00 3.204512e+00
887 2.986795e-08 4.706648e-01 2.693689e+00
888 4.759976e-08 5.936738e-01 2.589090e+00
889 3.136059e-08 3.411608e-01 2.604105e+00
890 3.427604e-08 9.296542e-02 2.554291e+00
891 3.772607e-08 1.006542e-01 2.694231e+00
892 5.096469e-08 3.509145e-01 2.520452e+00
893 2.990070e-08 4.133057e-01 2.462215e+00
894 4.521337e-08 5.121175e-01 2.477737e+00
895 2.755016e-08 3.906633e-01 2.658881e+00
896 4.534452e-08 6.458894e-01 2.588983e+00
897 2.958723e-08 3.475015e-01 2.589037e+00
898 4.808345e-08 6.251419e-01 2.883275e+00
899 2.754142e-08 4.272162e-01 2.834710e+00
900 4.812771e-08 7.474662e-01 2.782897e+00
901 2.612870e-08 4.570964e-01 2.583336e+00
902 4.419738e-08 6.915258e-01 2.644845e+00
903 2.630578e-08 4.048113e-01 2.575591e+00
904 4.353937e-08 6.551257e-01 2.588674e+00
905 2.562237e-08 4.115126e-01 2.581211e+00
906 4.163141e-08 6.248072e-01 2.610616e+00
907 2.458787e-08 4.093913e-01 2.638138e+00
908 4.144870e-08 6.857375e-01 2.638540e+00
909 2.475625e-08 4.027256e-01 2.569188e+00
910 4.168775e-08 6.839285e-01 2.589004e+00
911 2.291332e-08 4.503584e-01 2.659426e+00
912 4.047544e-08 7.664588e-01 2.582694e+00
913 2.226919e-08 4.498098e-01 2.680481e+00
914 4.023314e-08 8.066726e-01 2.603248e+00
915 2.202592e-08 4.525429e-01 2.630138e+00
916 3.925132e-08 7.820517e-01 2.701441e+00
917 2.170267e-08 4.470845e-01 2.469206e+00
918 4.103195e-08 8.906411e-01 2.519231e+00
919 2.144867e-08 4.772690e-01 2.504428e+00
920 3.911696e-08 8.237474e-01 2.561066e+00
921 2.152568e-08 4.497099e-01 2.645082e+00
922 3.822738e-08 7.758965e-01 2.658357e+00
923 2.066142e-08 4.595125e-01 2.603219e+00
924 3.713884e-08 7.974972e-01 2.764822e+00
925 2.060907e-08 4.450805e-01 2.702300e+00
926 3.695547e-08 7.931652e-01 2.603435e+00
927 2.030086e-08 4.506669e-01 2.658530e+00
928 3.611535e-08 7.790062e-01 2.547364e+00
929 1.971159e-08 4.542048e-01 2.568983e+00
930 3.498899e-08 7.750468e-01 2.573127e+00
931 1.938588e-08 4.459435e-01 2.470384e+00
932 3.335712e-08 7.206917e-01 2.737291e+00
933 1.913884e-08 4.262442e-01 2.747562e+00
934 3.461406e-08 8.085770e-01 2.476897e+00
935 1.921458e-08 4.448909e-01 2.470051e+00
936 3.564394e-08 8.550465e-01 2.533941e+00
937 1.817489e-08 4.900988e-01 2.632034e+00
938 3.539843e-08 9.476560e-01 2.630295e+00
939 2.062650e-08 4.173046e-01 2.610609e+00
940 3.664686e-08 7.766882e-01 2.603653e+00
941 1.883742e-08 4.859747e-01 2.601838e+00
942 3.188751e-08 6.927750e-01 2.582912e+00
943 1.767553e-08 4.456912e-01 2.616994e+00
944 2.698606e-08 5.267473e-01 2.575548e+00
945 1.486713e-08 4.490811e-01 2.694385e+00
946 2.723592e-08 8.319552e-01 2.771440e+00
947 1.488857e-08 4.533478e-01 2.848170e+00
948 2.606530e-08 7.506917e-01 2.610034e+00
949 1.435009e-08 4.494562e-01 2.595996e+00
950 2.576312e-08 7.953280e-01 2.665302e+00
951 1.394266e-08 4.588133e-01 2.604673e+00
952 2.550704e-08 8.294241e-01 2.637533e+00
953 1.386674e-08 4.563562e-01 2.625142e+00
954 3.554591e-08 1.563393e+00 2.616574e+00
955 1.614982e-08 5.456631e-01 2.636266e+00
956 2.507715e-08 5.527825e-01 2.637938e+00
957 1.354056e-08 4.600439e-01 2.708905e+00
958 2.207238e-08 6.300937e-01 2.672166e+00
959 1.342071e-08 3.919681e-01 2.666815e+00
960 2.360613e-08 7.589321e-01 2.841141e+00
961 2.076759e-08 1.202457e-01 2.901612e+00
962 2.997439e-08 4.433252e-01 2.638700e+00
963 1.295562e-08 5.677770e-01 2.646552e+00
964 1.373200e-08 5.992647e-02 2.597219e+00
965 1.385433e-08 8.908519e-03 2.607528e+00
966 1.476989e-08 6.608427e-02 2.672909e+00
967 1.506519e-08 1.999352e-02 2.658711e+00
968 1.754997e-08 1.649355e-01 2.757476e+00
969 2.223749e-08 2.670952e-01 2.680633e+00
970 1.949982e-08 1.231106e-01 2.644762e+00
971 2.065220e-08 5.909690e-02 2.543711e+00
972 2.189678e-08 6.026402e-02 2.099699e+00
973 1.404867e-08 3.584141e-01 2.135357e+00
974 2.833469e-08 1.016896e+00 2.170878e+00
975 1.572082e-08 4.451740e-01 2.211854e+00
976 1.472765e-08 6.317581e-02 2.207473e+00
977 1.176815e-08 2.009485e-01 2.148196e+00
978 1.847179e-08 5.696430e-01 2.205670e+00
979 1.646829e-08 1.084627e-01 2.129729e+00
980 2.404470e-08 4.600601e-01 2.165563e+00
981 1.420881e-08 4.090670e-01 2.165136e+00
982 1.256421e-08 1.157446e-01 2.099930e+00
983 1.247536e-08 7.071940e-03 2.037906e+00
984 1.600701e-08 2.830897e-01 2.052392e+00
985 1.432227e-08 1.052498e-01 2.117109e+00
986 1.636901e-08 1.429062e-01 2.069203e+00
987 1.546843e-08 5.501727e-02 2.123552e+00
988 1.534111e-08 8.231303e-03 2.135305e+00
989 1.319637e-08 1.398036e-01 2.177768e+00
990 1.671989e-08 2.670074e-01 2.357291e+00
991 1.141760e-08 3.171251e-01 2.394205e+00
992 1.344559e-08 1.776198e-01 2.247763e+00
993 1.051200e-08 2.181825e-01 2.135701e+00
994 1.207559e-08 1.487443e-01 2.147935e+00
995 9.631071e-09 2.024350e-01 2.224801e+00
996 1.197530e-08 2.434024e-01 2.141571e+00
997 9.054722e-09 2.438833e-01 2.146890e+00
998 1.112240e-08 2.283532e-01 2.110737e+00
999 8.752749e-09 2.130519e-01 2.076392e+00
1000 1.138783e-08 3.010572e-01 2.104582e+00
1001 8.326173e-09 2.688532e-01 2.160184e+00
1002 1.100990e-08 3.223236e-01 2.201148e+00
1003 8.787408e-09 2.018627e-01 2.128748e+00
1004 1.050688e-08 1.956743e-01 2.154248e+00
1005 8.756699e-09 1.665746e-01 2.165126e+00
1006 1.133487e-08 2.944222e-01 2.207102e+00
1007 7.903649e-09 3.027135e-01 2.297988e+00
1008 1.068017e-08 3.512957e-01 2.229733e+00
1009 7.502247e-09 2.975534e-01 2.147284e+00
1010 1.078345e-08 4.373632e-01 2.118518e+00
1011 7.314908e-09 3.216544e-01 2.127808e+00
1012 1.009341e-08 3.798407e-01 2.147672e+00
1013 7.060069e-09 3.005268e-01 2.123449e+00
1014 1.028478e-08 4.567534e-01 2.080646e+00
1015 7.026007e-09 3.168538e-01 2.087381e+00
1016 1.007526e-08 4.339957e-01 2.140747e+00
1017 6.806141e-09 3.244702e-01 2.084972e+00
1018 1.105784e-08 6.246854e-01 2.082149e+00
1019 6.553207e-09 4.073700e-01 2.135783e+00
1020 1.149894e-08 7.547041e-01 2.175958e+00
1021 8.687093e-09 2.445309e-01 2.295705e+00
1022 1.191779e-08 3.718966e-01 2.266913e+00
1023 8.789025e-09 2.625292e-01 2.123924e+00
1024 8.933730e-09 1.646426e-02 2.158744e+00
1025 7.739256e-09 1.337039e-01 2.171042e+00
1026 8.789321e-09 1.356804e-01 2.050524e+00
1027 1.185189e-08 3.484418e-01 2.070046e+00
1028 6.961455e-09 4.126290e-01 2.056882e+00
1029 1.016768e-08 4.605687e-01 2.081619e+00
1030 5.651949e-09 4.441262e-01 2.200924e+00
1031 1.003860e-08 7.761310e-01 2.158830e+00
1032 5.515591e-09 4.505618e-01 2.164674e+00
1033 9.976218e-09 8.087306e-01 2.124329e+00
1034 5.433427e-09 4.553620e-01 2.212991e+00
1035 9.516877e-09 7.515422e-01 2.231830e+00
1036 5.318437e-09 4.411573e-01 2.316032e+00
1037 9.437842e-09 7.745516e-01 2.350738e+00
1038 5.323017e-09 4.359921e-01 2.189200e+00
1039 1.046919e-08 9.667766e-01 2.136019e+00
1040 7.959524e-09 2.397188e-01 2.111225e+00
1041 7.896560e-09 7.910588e-03 2.063883e+00
1042 1.015134e-08 2.855397e-01 2.081407e+00
1043 1.010802e-08 4.267144e-03 2.079837e+00
1044 6.940110e-09 3.134059e-01 2.232071e+00
1045 1.009724e-08 4.549110e-01 2.134972e+00
1046 6.038359e-09 4.019794e-01 2.099572e+00
1047 9.899239e-09 6.393924e-01 2.122493e+00
1048 6.156457e-09 3.780879e-01 2.157553e+00
1049 8.886356e-09 4.434204e-01 2.208387e+00
1050 5.816198e-09 3.454912e-01 2.164691e+00
1051 8.178353e-09 4.061340e-01 2.141529e+00
1052 5.544406e-09 3.220633e-01 2.111973e+00
1053 8.022289e-09 4.469158e-01 2.068809e+00
1054 5.413603e-09 3.251798e-01 2.212666e+00
1055 7.824982e-09 4.454297e-01 2.391598e+00
1056 5.334750e-09 3.182413e-01 2.207213e+00
1057 7.962320e-09 4.925385e-01 2.123271e+00
1058 5.249929e-09 3.406534e-01 2.171120e+00
1059 7.789553e-09 4.837446e-01 2.147000e+00
1060 5.190353e-09 3.336777e-01 2.200328e+00
1061 7.704012e-09 4.842945e-01 2.202044e+00
1062 5.071390e-09 3.417209e-01 2.146835e+00
1063 7.554352e-09 4.896018e-01 2.232376e+00
1064 5.100144e-09 3.248734e-01 2.127822e+00
1065 7.440896e-09 4.589579e-01 2.118168e+00
1066 4.980324e-09 3.306822e-01 2.074969e+00
1067 7.599836e-09 5.259724e-01 2.123891e+00
1068 4.869849e-09 3.592167e-01 2.159445e+00
1069 7.737298e-09 5.888169e-01 2.423472e+00
1070 4.999831e-09 3.538014e-01 2.147443e+00
1071 8.433003e-09 6.866577e-01 2.147636e+00
1072 4.968738e-09 4.107986e-01 2.092754e+00
1073 8.273066e-09 6.650238e-01 2.165247e+00
1074 4.795050e-09 4.204023e-01 2.201113e+00
1075 8.001995e-09 6.688032e-01 2.111840e+00
1076 4.868611e-09 3.915753e-01 2.099685e+00
1077 8.119432e-09 6.677102e-01 2.098405e+00
1078 4.836083e-09 4.043817e-01 2.169059e+00
1079 7.899052e-09 6.333576e-01 2.158750e+00
1080 4.710376e-09 4.036783e-01 2.123633e+00
1081 7.719321e-09 6.387907e-01 2.135322e+00
1082 4.590058e-09 4.053806e-01 2.207729e+00
1083 7.540514e-09 6.427928e-01 2.243599e+00
1084 4.564036e-09 3.947315e-01 2.231322e+00
1085 7.516070e-09 6.468036e-01 2.159241e+00
1086 4.518471e-09 3.988254e-01 2.027482e+00
1087 7.374217e-09 6.320161e-01 2.055278e+00
1088 4.467157e-09 3.942195e-01 2.057806e+00
1089 7.296852e-09 6.334443e-01 2.038393e+00
1090 4.447229e-09 3.905276e-01 2.045117e+00
1091 7.171665e-09 6.126141e-01 2.063555e+00
1092 4.371533e-09 3.904438e-01 2.039022e+00
1093 7.033021e-09 6.088227e-01 1.949372e+00
1094 4.257868e-09 3.945891e-01 2.091914e+00
1095 6.931880e-09 6.280168e-01 1.954616e+00
1096 4.175531e-09 3.976337e-01 1.912838e+00
1097 6.932875e-09 6.603579e-01 2.021534e+00
1098 4.144016e-09 4.022659e-01 2.169686e+00
1099 6.720164e-09 6.216548e-01 2.243261e+00
1100 4.076091e-09 3.934537e-01 2.050842e+00
1101 6.641884e-09 6.294742e-01 2.033667e+00
1102 3.886889e-09 4.147912e-01 2.015074e+00
1103 6.856812e-09 7.640875e-01 2.039695e+00
1104 4.081146e-09 4.048042e-01 2.044889e+00
1105 6.621384e-09 6.224325e-01 2.045297e+00
1106 3.957813e-09 4.022680e-01 2.087585e+00
1107 6.282811e-09 5.874449e-01 1.940643e+00
1108 3.816522e-09 3.925454e-01 2.008839e+00
1109 6.062292e-09 5.884335e-01 1.991744e+00
1110 3.697765e-09 3.900384e-01 2.045434e+00
1111 5.901001e-09 5.958290e-01 2.069759e+00
1112 3.571000e-09 3.948484e-01 2.123417e+00
1113 5.429932e-09 5.205634e-01 2.171081e+00
1114 4.959673e-09 8.660495e-02 2.262042e+00
1115 4.337531e-09 1.254402e-01 2.007784e+00
1116 3.470979e-09 1.997799e-01 1.978729e+00
1117 3.895878e-09 1.224146e-01 2.068243e+00
1118 2.928604e-09 2.482812e-01 2.106290e+00
1119 3.759538e-09 2.837303e-01 2.141027e+00
1120 3.317530e-09 1.175699e-01 2.097479e+00
1121 3.333820e-09 4.910405e-03 2.111097e+00
1122 3.931943e-09 1.794106e-01 2.099810e+00
1123 4.169611e-09 6.044555e-02 2.116628e+00
1124 4.164062e-09 1.330954e-03 2.085443e+00
1125 4.746637e-09 1.399056e-01 2.147733e+00
1126 2.776325e-09 4.150964e-01 2.159411e+00
1127 5.971889e-09 1.151005e+00 2.111226e+00
1128 3.268576e-09 4.526731e-01 2.159707e+00
1129 2.794124e-09 1.451556e-01 2.153761e+00
1130 2.724760e-09 2.482470e-02 2.086597e+00
1131 4.588154e-09 6.838742e-01 2.067743e+00
1132 3.975709e-09 1.334839e-01 2.104055e+00
1133 3.592070e-09 9.649572e-02 2.080234e+00
1134 3.859895e-09 7.456003e-02 2.094151e+00
1135 2.382635e-09 3.827203e-01 2.127705e+00
1136 3.542587e-09 4.868359e-01 2.117315e+00
1137 2.511886e-09 2.909457e-01 2.105694e+00
1138 3.148085e-09 2.532751e-01 2.164982e+00
1139 3.923881e-09 2.464345e-01 2.069710e+00
1140 3.115193e-09 2.060941e-01 2.110972e+00
1141 3.527514e-09 1.323583e-01 2.105104e+00
1142 3.345650e-09 5.155603e-02 2.086848e+00
1143 3.029268e-09 9.456503e-02 2.087387e+00
1144 4.415375e-09 4.575715e-01 2.104804e+00
1145 3.520886e-09 2.025850e-01 2.094141e+00
1146 1.798903e-09 4.890767e-01 2.116973e+00
1147 2.771444e-09 5.406302e-01 2.049773e+00
1148 1.624691e-09 4.137744e-01 2.003844e+00
1149 2.613538e-09 6.086365e-01 2.093191e+00
1150 1.478971e-09 4.341113e-01 2.056719e+00
1151 2.413504e-09 6.318799e-01 2.320745e+00
1152 1.440094e-09 4.033179e-01 2.297122e+00
1153 2.433434e-09 6.897740e-01 2.273510e+00
1154 1.403183e-09 4.233734e-01 2.069023e+00
1155 2.464981e-09 7.567068e-01 2.098385e+00
1156 1.471983e-09 4.028421e-01 2.141326e+00
1157 2.447091e-09 6.624455e-01 2.093621e+00
1158 1.446172e-09 4.090241e-01 2.117695e+00
1159 2.447800e-09 6.926064e-01 2.067986e+00
1160 1.451396e-09 4.070608e-01 2.087174e+00
1161 2.377167e-09 6.378482e-01 2.093126e+00
1162 1.466404e-09 3.831296e-01 2.050845e+00
1163 2.329205e-09 5.883786e-01 2.093247e+00
1164 1.388344e-09 4.039409e-01 2.087334e+00
1165 2.298151e-09 6.553188e-01 2.130249e+00
1166 1.398565e-09 3.914390e-01 1.972820e+00
1167 2.244308e-09 6.047214e-01 2.051108e+00
1168 1.404772e-09 3.740734e-01 2.075584e+00
1169 2.538735e-09 8.072220e-01 2.117780e+00
1170 1.550744e-09 3.891666e-01 2.080464e+00
1171 2.285114e-09 4.735600e-01 2.134747e+00
1172 1.394114e-09 3.899149e-01 2.028277e+00
1173 2.157469e-09 5.475552e-01 2.158840e+00
1174 1.364788e-09 3.674124e-01 2.122222e+00
1175 2.107009e-09 5.438365e-01 1.935873e+00
1176 1.337556e-09 3.651875e-01 2.015703e+00
1177 2.114038e-09 5.805232e-01 2.106029e+00
1178 1.320730e-09 3.752572e-01 1.894991e+00
1179 2.064527e-09 5.631711e-01 1.984691e+00
1180 1.311962e-09 3.645218e-01 1.925754e+00
1181 2.135963e-09 6.280674e-01 1.889502e+00
1182 1.358472e-09 3.640003e-01 1.876642e+00
1183 3.039283e-09 1.237281e+00 1.972421e+00
1184 1.394029e-09 5.413295e-01 2.122287e+00
1185 2.007091e-09 4.397770e-01 2.075921e+00
1186 1.204326e-09 3.999646e-01 2.153027e+00
1187 1.483636e-09 2.319225e-01 2.093784e+00
1188 1.256809e-09 1.528860e-01 2.122261e+00
1189 1.489641e-09 1.852564e-01 2.153250e+00
1190 1.265107e-09 1.507303e-01 2.124274e+00
1191 1.687472e-09 3.338570e-01 2.303492e+00
1192 1.683606e-09 2.290618e-03 2.402220e+00
1193 1.931083e-09 1.469922e-01 2.148311e+00
1194 1.349627e-09 3.011035e-01 2.123717e+00
1195 2.115801e-09 5.676924e-01 2.171326e+00
1196 1.383626e-09 3.460508e-01 2.098821e+00
1197 2.115972e-09 5.292943e-01 2.165039e+00
1198 1.224559e-09 4.212782e-01 2.069192e+00
1199 1.617423e-09 3.208210e-01 2.128162e+00
1200 1.207437e-09 2.534812e-01 2.182871e+00
1201 8.680634e-10 2.810694e-01 2.082402e+00
1202 1.002628e-09 1.550165e-01 2.098167e+00
1203 9.356829e-10 6.676923e-02 2.069925e+00
1204 1.515250e-09 6.194054e-01 2.092562e+00
1205 9.138097e-10 3.969248e-01 2.196129e+00
1206 1.467451e-09 6.058605e-01 2.345477e+00
1207 8.832632e-10 3.980969e-01 2.482283e+00
1208 1.220539e-09 3.818520e-01 2.123346e+00
1209 1.640814e-09 3.443358e-01 2.147722e+00
1210 8.811848e-10 4.629589e-01 2.081802e+00
1211 1.297829e-09 4.728223e-01 2.127787e+00
1212 8.165508e-10 3.708331e-01 2.134729e+00
1213 8.056195e-10 1.338725e-02 2.259907e+00
1214 8.163871e-10 1.336563e-02 2.199621e+00
1215 8.990948e-10 1.013095e-01 2.099356e+00
1216 7.385659e-10 1.785450e-01 2.092903e+00
1217 8.929713e-10 2.090611e-01 2.194159e+00
1218 7.230322e-10 1.903074e-01 2.116125e+00
1219 9.472584e-10 3.101192e-01 2.212856e+00
1220 6.940546e-10 2.673017e-01 2.285720e+00
1221 8.698301e-10 2.532589e-01 2.303263e+00
1222 7.389784e-10 1.504336e-01 2.145160e+00
1223 8.948644e-10 2.109479e-01 2.108762e+00
1224 6.723929e-10 2.486092e-01 2.087332e+00
1225 7.948837e-10 1.821715e-01 2.117811e+00
1226 6.334222e-10 2.031260e-01 2.050477e+00
1227 7.384358e-10 1.657876e-01 2.055535e+00
1228 5.949693e-10 1.942843e-01 2.046621e+00
1229 7.647631e-10 2.853825e-01 2.057151e+00
1230 6.459658e-10 1.553387e-01 1.961603e+00
1231 7.888118e-10 2.211355e-01 2.013883e+00
1232 6.273350e-10 2.047089e-01 2.032732e+00
1233 7.756799e-10 2.364684e-01 2.081016e+00
1234 6.378597e-10 1.776767e-01 2.099682e+00
1235 6.979657e-10 9.423081e-02 2.087070e+00
1236 7.140478e-10 2.304144e-02 2.147199e+00
1237 6.932533e-10 2.912197e-02 2.008851e+00
1238 7.582132e-10 9.370285e-02 2.153327e+00
1239 6.207319e-10 1.813227e-01 2.092589e+00
1240 5.885815e-10 5.179433e-02 2.392219e+00
1241 5.963855e-10 1.325896e-02 2.334411e+00
1242 5.553301e-10 6.884034e-02 2.129251e+00
1243 5.913272e-10 6.482107e-02 2.147138e+00
1244 5.337379e-10 9.738985e-02 2.166074e+00
1245 7.104691e-10 3.311198e-01 2.069180e+00
1246 5.382964e-10 2.423367e-01 2.146029e+00
1247 7.399321e-10 3.745812e-01 2.111759e+00
1248 6.756662e-10 8.685381e-02 2.082002e+00
1249 5.331622e-10 2.109089e-01 2.075323e+00
1250 9.268856e-10 7.384683e-01 2.063787e+00
1251 4.741419e-10 4.884569e-01 2.147209e+00
1252 6.710593e-10 4.153131e-01 2.086474e+00
1253 3.693726e-10 4.495678e-01 2.134468e+00
1254 3.682210e-10 3.117812e-03 2.201066e+00
1255 4.375122e-10 1.881784e-01 2.321732e+00
1256 3.680191e-10 1.588371e-01 2.265481e+00
1257 5.357212e-10 4.556889e-01 2.133259e+00
1258 4.336562e-10 1.905189e-01 2.116359e+00
1259 6.661910e-10 5.362191e-01 2.094365e+00
1260 4.216637e-10 3.670528e-01 2.156710e+00
1261 3.794988e-10 9.999660e-02 2.219820e+00
1262 3.282932e-10 1.349295e-01 2.074552e+00
1263 5.233651e-10 5.942005e-01 2.062831e+00
1264 2.998203e-10 4.271298e-01 2.098767e+00
1265 5.257017e-10 7.533894e-01 2.135520e+00
1266 2.777559e-10 4.716473e-01 2.062030e+00
1267 5.190862e-10 8.688574e-01 2.039720e+00
1268 2.618926e-10 4.954738e-01 2.037943e+00
1269 3.824651e-10 4.603888e-01 2.111006e+00
1270 2.592522e-10 3.221546e-01 2.171936e+00
1271 3.681944e-10 4.202171e-01 2.069494e+00
1272 2.578761e-10 2.996198e-01 2.039562e+00
1273 3.625775e-10 4.060147e-01 2.099322e+00
1274 2.507022e-10 3.085555e-01 2.057296e+00
1275 3.559711e-10 4.198962e-01 2.045936e+00
1276 2.492109e-10 2.999127e-01 2.015111e+00
1277 3.584584e-10 4.383737e-01 1.924227e+00
1278 2.479343e-10 3.083316e-01 1.943124e+00
1279 3.530159e-10 4.238284e-01 1.925552e+00
1280 2.439272e-10 3.090193e-01 2.014665e+00
1281 3.437532e-10 4.092452e-01 1.900942e+00
1282 2.401899e-10 3.012724e-01 2.145921e+00
1283 3.365934e-10 4.013639e-01 2.028010e+00
1284 2.404261e-10 2.857076e-01 2.057533e+00
1285 3.335872e-10 3.874830e-01 2.086716e+00
1286 2.399928e-10 2.805694e-01 2.020801e+00
1287 3.292928e-10 3.720945e-01 2.032757e+00
1288 2.399975e-10 2.711731e-01 2.164817e+00
1289 3.277484e-10 3.656327e-01 2.225034e+00
1290 2.367553e-10 2.776310e-01 2.177449e+00
1291 3.219607e-10 3.598881e-01 2.213018e+00
1292 2.367495e-10 2.646633e-01 1.961146e+00
1293 3.197532e-10 3.505972e-01 1.906875e+00
1294 2.343599e-10 2.670602e-01 2.021116e+00
1295 3.169034e-10 3.522085e-01 1.997732e+00
1296 2.336837e-10 2.626026e-01 1.982117e+00
1297 3.142802e-10 3.448953e-01 1.871121e+00
1298 2.335766e-10 2.567886e-01 1.824429e+00
1299 3.032012e-10 2.980805e-01 1.918856e+00
1300 2.285149e-10 2.463261e-01 2.080792e+00
1301 2.995570e-10 3.108864e-01 2.004134e+00
1302 2.271971e-10 2.415563e-01 1.991881e+00
1303 3.073668e-10 3.528638e-01 2.109434e+00
1304 2.238559e-10 2.716977e-01 2.044890e+00
1305 3.081324e-10 3.764764e-01 2.057581e+00
1306 2.231966e-10 2.756472e-01 2.104684e+00
1307 2.604557e-10 1.669339e-01 2.117356e+00
1308 3.767645e-10 4.465591e-01 1.961457e+00
1309 2.879065e-10 2.358450e-01 2.002539e+00
1310 2.132654e-10 2.592546e-01 1.953709e+00
1311 2.407250e-10 1.287578e-01 2.172097e+00
1312 3.046313e-10 2.654744e-01 2.140578e+00
1313 2.516126e-10 1.740422e-01 2.133644e+00
1314 2.999769e-10 1.922174e-01 2.405319e+00
1315 4.148935e-10 3.830845e-01 2.344970e+00
1316 2.543777e-10 3.868842e-01 2.122837e+00
1317 2.718795e-10 6.880232e-02 2.027606e+00
1318 4.319411e-10 5.887226e-01 2.039513e+00
1319 2.804824e-10 3.506467e-01 1.986171e+00
1320 2.185158e-10 2.209288e-01 1.973257e+00
1321 2.789340e-10 2.764937e-01 2.028180e+00
1322 2.437414e-10 1.261683e-01 2.069469e+00
1323 3.456797e-10 4.182234e-01 2.087277e+00
1324 1.915902e-10 4.457581e-01 2.087704e+00
1325 2.561068e-10 3.367428e-01 2.045793e+00
1326 2.350011e-10 8.240965e-02 2.111019e+00
1327 2.543434e-10 8.230729e-02 1.984585e+00
1328 1.790659e-10 2.959682e-01 2.003934e+00
1329 2.305585e-10 2.875623e-01 2.039030e+00
1330 1.744882e-10 2.431932e-01 1.960358e+00
1331 2.313898e-10 3.261057e-01 1.967360e+00
1332 1.653876e-10 2.852425e-01 2.016127e+00
1333 2.869371e-10 7.349375e-01 1.935873e+00
1334 1.850474e-10 3.550942e-01 1.961535e+00
1335 2.819874e-10 5.238658e-01 2.122821e+00
1336 1.813623e-10 3.568428e-01 2.164416e+00
1337 2.735903e-10 5.085292e-01 2.051174e+00
1338 1.764727e-10 3.549744e-01 2.050533e+00
1339 2.669176e-10 5.125147e-01 1.978606e+00
1340 1.729540e-10 3.520323e-01 2.001928e+00
1341 2.714968e-10 5.697633e-01 2.003771e+00
1342 1.735805e-10 3.606537e-01 1.948713e+00
1343 2.567739e-10 4.792788e-01 1.878146e+00
1344 1.707424e-10 3.350477e-01 1.973174e+00
1345 2.497729e-10 4.628636e-01 1.834910e+00
1346 1.695487e-10 3.211884e-01 1.954950e+00
1347 2.498026e-10 4.733384e-01 1.912917e+00
1348 1.738831e-10 3.039179e-01 1.925162e+00
1349 2.473808e-10 4.226842e-01 1.937012e+00
1350 1.731624e-10 3.000169e-01 2.033340e+00
1351 2.383573e-10 3.764961e-01 2.045297e+00
1352 1.691514e-10 2.903455e-01 2.153999e+00
1353 2.413324e-10 4.267246e-01 2.212107e+00
1354 1.660089e-10 3.121153e-01 1.923339e+00
1355 2.426875e-10 4.618950e-01 1.876028e+00
1356 1.612467e-10 3.355791e-01 1.821327e+00
1357 2.477052e-10 5.361878e-01 1.865092e+00
1358 1.632584e-10 3.409165e-01 1.967076e+00
1359 2.275431e-10 3.937604e-01 1.973480e+00
1360 1.628039e-10 2.845141e-01 2.044866e+00
1361 2.257858e-10 3.868578e-01 2.033591e+00
1362 1.635794e-10 2.755109e-01 1.991869e+00
1363 2.259073e-10 3.810256e-01 1.900938e+00
1364 1.592138e-10 2.952253e-01 1.973636e+00
1365 2.201861e-10 3.829590e-01 1.822202e+00
1366 1.560617e-10 2.912281e-01 1.852443e+00
1367 2.214524e-10 4.190053e-01 1.792761e+00
1368 1.586691e-10 2.835071e-01 1.900756e+00
1369 2.348868e-10 4.803563e-01 1.913806e+00
1370 1.613981e-10 3.128684e-01 1.947881e+00
1371 2.132471e-10 3.212489e-01 2.021424e+00
1372 1.622201e-10 2.392856e-01 2.051416e+00
1373 2.167490e-10 3.361409e-01 1.997810e+00
1374 1.588554e-10 2.670997e-01 2.074691e+00
1375 1.982581e-10 2.480414e-01 1.991443e+00
1376 2.241018e-10 1.303542e-01 2.026687e+00
1377 2.307314e-10 2.958291e-02 1.989524e+00
1378 1.836052e-10 2.042470e-01 2.075440e+00
1379 1.457896e-10 2.059617e-01 1.943640e+00
1380 1.590660e-10 9.106534e-02 1.997486e+00
1381 1.356293e-10 1.473395e-01 2.027649e+00
1382 1.593157e-10 1.746406e-01 2.062292e+00
1383 1.255728e-10 2.117990e-01 2.043601e+00
1384 1.610961e-10 2.828906e-01 2.135221e+00
1385 1.361171e-10 1.550566e-01 2.093129e+00
1386 1.432193e-10 5.217718e-02 2.062963e+00
1387 1.245691e-10 1.302212e-01 2.093897e+00
1388 1.376701e-10 1.051702e-01 2.129069e+00
1389 1.180687e-10 1.423797e-01 2.075252e+00
1390 2.024891e-10 7.150116e-01 2.112251e+00
1391 1.354484e-10 3.310830e-01 2.111425e+00
1392 1.239506e-10 8.488694e-02 2.129454e+00
1393 1.410703e-10 1.381166e-01 2.004046e+00
1394 1.271201e-10 9.888813e-02 1.961021e+00
1395 9.535195e-11 2.499065e-01 1.967121e+00
