1 9.894916e-01 1.000000e+00 3.647770e+00
2 9.552091e-01 3.464654e-02 3.920000e+00
3 8.684395e-01 9.083836e-02 3.687182e+00
4 7.408980e-01 1.468628e-01 3.687757e+00
5 6.495569e-01 1.232843e-01 4.087529e+00
6 5.458307e-01 1.596876e-01 4.103214e+00
7 4.301443e-01 2.119457e-01 3.599334e+00
8 3.889811e-01 9.569620e-02 3.704474e+00
9 3.584504e-01 7.848896e-02 3.662807e+00
10 3.273935e-01 8.664194e-02 3.534858e+00
11 2.370574e-01 2.759254e-01 3.343742e+00
12 1.831119e-01 2.275630e-01 3.879479e+00
13 1.621689e-01 1.143726e-01 3.495751e+00
14 1.464612e-01 9.685978e-02 3.367516e+00
15 1.441293e-01 1.592173e-02 3.759082e+00
16 1.165921e-01 1.910591e-01 4.927968e+00
17 1.110775e-01 4.729865e-02 3.647303e+00
18 9.228311e-02 1.692004e-01 3.589958e+00
19 8.817443e-02 4.452249e-02 3.592215e+00
20 8.684398e-02 1.508886e-02 3.503337e+00
21 8.892905e-02 2.400936e-02 3.663405e+00
22 9.273035e-02 4.274529e-02 3.534387e+00
23 9.275114e-02 2.242328e-04 3.661877e+00
24 7.220437e-02 2.215258e-01 3.495686e+00
25 7.038823e-02 2.515277e-02 3.502934e+00
26 6.816261e-02 3.161921e-02 3.567437e+00
27 6.511885e-02 4.465439e-02 3.543446e+00
28 6.448194e-02 9.780858e-03 3.544321e+00
29 5.991763e-02 7.078428e-02 3.750834e+00
30 5.788592e-02 3.390834e-02 3.463878e+00
31 5.856095e-02 1.166142e-02 3.406288e+00
32 5.597046e-02 4.423577e-02 3.368295e+00
33 5.907094e-02 5.539494e-02 3.429972e+00
34 6.226686e-02 5.410299e-02 3.471617e+00
35 5.401114e-02 1.325861e-01 3.351944e+00
36 4.972426e-02 7.937036e-02 3.183354e+00
37 4.952554e-02 3.996437e-03 3.350828e+00
38 4.807728e-02 2.924271e-02 3.296067e+00
39 5.054326e-02 5.129210e-02 3.240099e+00
40 3.994778e-02 2.096320e-01 3.510718e+00
41 3.856978e-02 3.449501e-02 3.934425e+00
42 3.915137e-02 1.507913e-02 3.583657e+00
43 2.640800e-02 3.254898e-01 3.415419e+00
44 3.385265e-02 2.819088e-01 3.639767e+00
45 2.408819e-02 2.884400e-01 3.392194e+00
46 3.360930e-02 3.952605e-01 3.430320e+00
47 2.739381e-02 1.849338e-01 3.407820e+00
48 2.818292e-02 2.880620e-02 3.495273e+00
49 2.202665e-02 2.184396e-01 3.448194e+00
50 2.109481e-02 4.230514e-02 3.391142e+00
51 1.920414e-02 8.962743e-02 3.375866e+00
52 1.955790e-02 1.842100e-02 3.447789e+00
53 1.763781e-02 9.817476e-02 3.424203e+00
54 2.091224e-02 1.856486e-01 3.375004e+00
55 1.229896e-02 4.118777e-01 3.592028e+00
56 1.089623e-02 1.140521e-01 3.455313e+00
57 9.779492e-03 1.024888e-01 3.605953e+00
58 7.827108e-03 1.996406e-01 3.334937e+00
59 5.446218e-03 3.041851e-01 3.423649e+00
60 6.391101e-03 1.734933e-01 3.334979e+00
61 5.825360e-03 8.852006e-02 3.367707e+00
62 5.619923e-03 3.526598e-02 3.407985e+00
63 6.693541e-03 1.910379e-01 3.495990e+00
64 5.686073e-03 1.505135e-01 3.503022e+00
65 4.518761e-03 2.052932e-01 3.464435e+00
66 4.632745e-03 2.522480e-02 3.471444e+00
67 3.525446e-03 2.390158e-01 3.407094e+00
68 3.768883e-03 6.905140e-02 3.382612e+00
69 3.494076e-03 7.291476e-02 3.287554e+00
70 3.383283e-03 3.170870e-02 3.479550e+00
71 2.800709e-03 1.721919e-01 3.488443e+00
72 3.494989e-03 2.478942e-01 3.463331e+00
73 2.345975e-03 3.287604e-01 3.263363e+00
74 2.569687e-03 9.535983e-02 3.269153e+00
75 2.741359e-03 6.680675e-02 3.247704e+00
76 2.383724e-03 1.304590e-01 3.287797e+00
77 2.135913e-03 1.039595e-01 3.279663e+00
78 2.154466e-03 8.685852e-03 3.312305e+00
79 1.938625e-03 1.001827e-01 3.359163e+00
80 1.727145e-03 1.090875e-01 3.351835e+00
81 1.967834e-03 1.393564e-01 3.327378e+00
82 1.888323e-03 4.040519e-02 3.232045e+00
83 1.786613e-03 5.386280e-02 3.591196e+00
84 1.540604e-03 1.376955e-01 4.083046e+00
85 1.947940e-03 2.643997e-01 3.335613e+00
86 1.491796e-03 2.341673e-01 3.327935e+00
87 1.247028e-03 1.640763e-01 3.302769e+00
88 1.573332e-03 2.616661e-01 3.278561e+00
89 8.392304e-04 4.665905e-01 3.278987e+00
90 1.006037e-03 1.987610e-01 3.263089e+00
91 1.015176e-03 9.084289e-03 3.255935e+00
92 6.603399e-04 3.495315e-01 3.360211e+00
93 5.546390e-04 1.600704e-01 3.207518e+00
94 5.807442e-04 4.706700e-02 3.287120e+00
95 3.115668e-04 4.635042e-01 3.263614e+00
96 4.224637e-04 3.559327e-01 3.456108e+00
97 3.591795e-04 1.497978e-01 3.501665e+00
98 4.432862e-04 2.341632e-01 3.437739e+00
99 4.241030e-04 4.327487e-02 3.335442e+00
100 3.651809e-04 1.389335e-01 3.264096e+00
101 3.180601e-04 1.290341e-01 3.311620e+00
102 3.360494e-04 5.655930e-02 3.255705e+00
103 2.613581e-04 2.222629e-01 3.247330e+00
104 2.338517e-04 1.052439e-01 3.351544e+00
105 2.332172e-04 2.713232e-03 3.280390e+00
106 2.368396e-04 1.553201e-02 3.287804e+00
107 1.740126e-04 2.652723e-01 3.239430e+00
108 2.078083e-04 1.942141e-01 3.349533e+00
109 1.975981e-04 4.913270e-02 3.415914e+00
110 1.876269e-04 5.046200e-02 3.495760e+00
111 1.517575e-04 1.911742e-01 3.375936e+00
112 1.348788e-04 1.112213e-01 3.295953e+00
113 1.304192e-04 3.306397e-02 3.256094e+00
114 1.537324e-04 1.787561e-01 3.390754e+00
115 1.031816e-04 3.288233e-01 3.295699e+00
116 1.110800e-04 7.654885e-02 3.248120e+00
117 8.043343e-05 2.758967e-01 3.232030e+00
118 6.175388e-05 2.322362e-01 3.351195e+00
119 5.758103e-05 6.757228e-02 3.343111e+00
120 5.069118e-05 1.196547e-01 3.343692e+00
121 4.979832e-05 1.761375e-02 3.455983e+00
122 4.526811e-05 9.097118e-02 3.539875e+00
123 4.235793e-05 6.428753e-02 3.399753e+00
124 3.899132e-05 7.948017e-02 3.312244e+00
125 3.728628e-05 4.372880e-02 3.262839e+00
126 3.294190e-05 1.165142e-01 3.319778e+00
127 3.301047e-05 2.081724e-03 3.302512e+00
128 3.158277e-05 4.324995e-02 3.287558e+00
129 3.118825e-05 1.249156e-02 3.279636e+00
130 3.271573e-05 4.897616e-02 3.176064e+00
131 2.674731e-05 1.824329e-01 3.270875e+00
132 2.252211e-05 1.579673e-01 3.166345e+00
133 2.373358e-05 5.379060e-02 3.375892e+00
134 2.061279e-05 1.314929e-01 3.343645e+00
135 1.838417e-05 1.081181e-01 3.742832e+00
136 1.693756e-05 7.868791e-02 3.271337e+00
137 1.695010e-05 7.403220e-04 3.312460e+00
138 1.497063e-05 1.167823e-01 3.263126e+00
139 1.479332e-05 1.184385e-02 3.311204e+00
140 1.122834e-05 2.409855e-01 3.319049e+00
141 1.215846e-05 8.283682e-02 3.311641e+00
142 1.446192e-05 1.894533e-01 3.432263e+00
143 1.281453e-05 1.139125e-01 3.549921e+00
144 1.094388e-05 1.459790e-01 3.343580e+00
145 1.052378e-05 3.838675e-02 3.293828e+00
146 1.110090e-05 5.483998e-02 3.317726e+00
147 1.053595e-05 5.089262e-02 3.327335e+00
148 9.733761e-06 7.613799e-02 3.223834e+00
149 9.397758e-06 3.451941e-02 3.119548e+00
150 9.460155e-06 6.639564e-03 3.055604e+00
151 8.625312e-06 8.824833e-02 3.031215e+00
152 8.104309e-06 6.040397e-02 2.942960e+00
153 8.229953e-06 1.550335e-02 2.727991e+00
154 7.462726e-06 9.322374e-02 2.807195e+00
155 7.527076e-06 8.622850e-03 2.975450e+00
156 7.891156e-06 4.836947e-02 3.000160e+00
157 6.919513e-06 1.231307e-01 2.864111e+00
158 5.986066e-06 1.349007e-01 2.919944e+00
159 5.733598e-06 4.217591e-02 3.078906e+00
160 4.853933e-06 1.534228e-01 3.175810e+00
161 5.565027e-06 1.464984e-01 3.227160e+00
162 4.757018e-06 1.451941e-01 2.943515e+00
163 4.449330e-06 6.468089e-02 2.888420e+00
164 4.340322e-06 2.449979e-02 2.871477e+00
165 4.194904e-06 3.350398e-02 3.031399e+00
166 3.661469e-06 1.271627e-01 2.936023e+00
167 4.858955e-06 3.270507e-01 2.846200e+00
168 3.482190e-06 2.833458e-01 2.831937e+00
169 4.438669e-06 2.746773e-01 2.879080e+00
170 3.287938e-06 2.592513e-01 2.821196e+00
171 3.343756e-06 1.697659e-02 2.895882e+00
172 2.404807e-06 2.808067e-01 2.919368e+00
173 3.956857e-06 6.453945e-01 2.936385e+00
174 3.139694e-06 2.065181e-01 2.999481e+00
175 3.172410e-06 1.042011e-02 2.936087e+00
176 2.631595e-06 1.704744e-01 2.871288e+00
177 2.477697e-06 5.848089e-02 2.884254e+00
178 2.261841e-06 8.711993e-02 2.862954e+00
179 2.446839e-06 8.179104e-02 2.918044e+00
180 2.036950e-06 1.675176e-01 2.999615e+00
181 1.866651e-06 8.360493e-02 2.831784e+00
182 1.594733e-06 1.456717e-01 2.790979e+00
183 1.733009e-06 8.670802e-02 2.783830e+00
184 1.550500e-06 1.053134e-01 2.839698e+00
185 1.262856e-06 1.855168e-01 2.871807e+00
186 1.437074e-06 1.379553e-01 2.831446e+00
187 1.342701e-06 6.567036e-02 2.928210e+00
188 1.285447e-06 4.264103e-02 3.119429e+00
189 1.097245e-06 1.464098e-01 2.920059e+00
190 1.041934e-06 5.040894e-02 2.999089e+00
191 1.143075e-06 9.707021e-02 2.863296e+00
192 9.327180e-07 1.840269e-01 2.896094e+00
193 8.893267e-07 4.652138e-02 2.902200e+00
194 8.627012e-07 2.993896e-02 2.951160e+00
195 8.408804e-07 2.529361e-02 2.885767e+00
196 8.016664e-07 4.663439e-02 2.919837e+00
197 7.638878e-07 4.712511e-02 2.871763e+00
198 6.987400e-07 8.528449e-02 2.840376e+00
199 7.190254e-07 2.903133e-02 2.879866e+00
200 6.469990e-07 1.001722e-01 2.935729e+00
201 7.198691e-07 1.126279e-01 2.863712e+00
202 7.358321e-07 2.217484e-02 3.095954e+00
203 6.340779e-07 1.382846e-01 2.967936e+00
204 5.077181e-07 1.992811e-01 3.139059e+00
205 4.707139e-07 7.288350e-02 2.871338e+00
206 4.859585e-07 3.238631e-02 2.832494e+00
207 5.007869e-07 3.051358e-02 2.855248e+00
208 4.644203e-07 7.261882e-02 2.902080e+00
209 5.343580e-07 1.505913e-01 2.888071e+00
210 4.109664e-07 2.309157e-01 2.966968e+00
211 4.146443e-07 8.949453e-03 2.855887e+00
212 3.525618e-07 1.497246e-01 2.664350e+00
213 3.499525e-07 7.400977e-03 2.735118e+00
214 4.959670e-07 4.172408e-01 2.703802e+00
215 4.329753e-07 1.270078e-01 2.760595e+00
216 2.958583e-07 3.166855e-01 2.639207e+00
217 2.653376e-07 1.031599e-01 2.800170e+00
218 2.665422e-07 4.539995e-03 2.759852e+00
219 2.368199e-07 1.115107e-01 2.679334e+00
220 3.675019e-07 5.518202e-01 2.689107e+00
221 2.182974e-07 4.059967e-01 2.695349e+00
222 2.100335e-07 3.785591e-02 2.687754e+00
223 1.823029e-07 1.320295e-01 2.792037e+00
224 1.994725e-07 9.418174e-02 2.871792e+00
225 1.708019e-07 1.437318e-01 2.856109e+00
226 1.778638e-07 4.134546e-02 2.903800e+00
227 1.665746e-07 6.347114e-02 2.871827e+00
228 2.835348e-07 7.021487e-01 2.983729e+00
229 1.711263e-07 3.964539e-01 2.951228e+00
230 2.555490e-07 4.933354e-01 3.108131e+00
231 1.546430e-07 3.948595e-01 2.855534e+00
232 1.853634e-07 1.986531e-01 2.880092e+00
233 1.798205e-07 2.990241e-02 2.863734e+00
234 1.538573e-07 1.443842e-01 2.878353e+00
235 1.403845e-07 8.756670e-02 2.920621e+00
236 1.496378e-07 6.591385e-02 2.836756e+00
237 1.381806e-07 7.656629e-02 2.798871e+00
238 1.488713e-07 7.736727e-02 2.807828e+00
239 1.246997e-07 1.623657e-01 2.880271e+00
240 1.145512e-07 8.138353e-02 2.839372e+00
241 1.087672e-07 5.049286e-02 2.888162e+00
242 1.040111e-07 4.372671e-02 2.871388e+00
243 9.380079e-08 9.816577e-02 2.935689e+00
244 8.902117e-08 5.095498e-02 2.856018e+00
245 8.122254e-08 8.760426e-02 2.808072e+00
246 9.920311e-08 2.213741e-01 2.847697e+00
247 7.835686e-08 2.101371e-01 2.727555e+00
248 7.321382e-08 6.563614e-02 2.751228e+00
249 6.501673e-08 1.119609e-01 2.768453e+00
250 9.466707e-08 4.560416e-01 2.879971e+00
251 5.317217e-08 4.383245e-01 2.817280e+00
252 8.062203e-08 5.162448e-01 2.750614e+00
253 6.166717e-08 2.351077e-01 2.800176e+00
254 7.089638e-08 1.496617e-01 2.775272e+00
255 5.733299e-08 1.913129e-01 2.824474e+00
256 6.961303e-08 2.141881e-01 2.775184e+00
257 5.144782e-08 2.609456e-01 2.766887e+00
258 4.284350e-08 1.672437e-01 2.632301e+00
259 5.330532e-08 2.441869e-01 2.670219e+00
260 4.383475e-08 1.776664e-01 2.639712e+00
261 3.577949e-08 1.837643e-01 2.736378e+00
262 2.753844e-08 2.303290e-01 2.735202e+00
263 2.971859e-08 7.916747e-02 2.736096e+00
264 2.388044e-08 1.964476e-01 2.560249e+00
265 2.296571e-08 3.830456e-02 2.559676e+00
266 2.149191e-08 6.417411e-02 2.559091e+00
267 2.006762e-08 6.627077e-02 2.736136e+00
268 2.004361e-08 1.196450e-03 2.727985e+00
269 2.634229e-08 3.142488e-01 2.591272e+00
270 3.169898e-08 2.033493e-01 2.672689e+00
271 2.313592e-08 2.701369e-01 2.719399e+00
272 2.320579e-08 3.019965e-03 2.751517e+00
273 1.964647e-08 1.533806e-01 2.656155e+00
274 2.026057e-08 3.125741e-02 2.600086e+00
275 2.061260e-08 1.737538e-02 2.663807e+00
276 1.838259e-08 1.081866e-01 2.775524e+00
277 2.586181e-08 4.068641e-01 2.607899e+00
278 1.599687e-08 3.814482e-01 2.883751e+00
279 1.616223e-08 1.033683e-02 2.656867e+00
280 1.378321e-08 1.471961e-01 2.382920e+00
281 9.899801e-09 2.817492e-01 2.335987e+00
282 1.278793e-08 2.917363e-01 2.280267e+00
283 1.664843e-08 3.018861e-01 2.479728e+00
284 1.109420e-08 3.336187e-01 2.583473e+00
285 1.381007e-08 2.448006e-01 2.511941e+00
286 9.432670e-09 3.169717e-01 2.456592e+00
287 1.016211e-08 7.733102e-02 2.551287e+00
288 8.557284e-09 1.579223e-01 2.551416e+00
289 8.639425e-09 9.598874e-03 2.528037e+00
290 6.513284e-09 2.460975e-01 2.568013e+00
291 6.710322e-09 3.025172e-02 2.551741e+00
292 5.592048e-09 1.666499e-01 2.423860e+00
293 5.410982e-09 3.237922e-02 2.558387e+00
294 8.265636e-09 5.275667e-01 2.694383e+00
295 6.396107e-09 2.261808e-01 2.583878e+00
296 6.335016e-09 9.551264e-03 2.640114e+00
297 4.650257e-09 2.659439e-01 2.646937e+00
298 3.674339e-09 2.098632e-01 2.480294e+00
299 3.862381e-09 5.117701e-02 2.456466e+00
300 3.061282e-09 2.074105e-01 2.646639e+00
301 3.066811e-09 1.805932e-03 2.606056e+00
302 4.464404e-09 4.557156e-01 2.640041e+00
303 4.653896e-09 4.244500e-02 2.607662e+00
304 4.411434e-09 5.209865e-02 2.751513e+00
305 4.193953e-09 4.929954e-02 2.736655e+00
306 3.591160e-09 1.437289e-01 2.728326e+00
307 2.753373e-09 2.332914e-01 2.703275e+00
308 2.660919e-09 3.357862e-02 2.710549e+00
309 2.685906e-09 9.390287e-03 3.020071e+00
310 2.477270e-09 7.767788e-02 2.535901e+00
311 2.334034e-09 5.782013e-02 2.803013e+00
312 2.046537e-09 1.231760e-01 2.744119e+00
313 3.274617e-09 6.000772e-01 2.631872e+00
314 2.951687e-09 9.861624e-02 2.631913e+00
315 4.290417e-09 4.535476e-01 2.703021e+00
316 2.397171e-09 4.412733e-01 2.622972e+00
317 2.391350e-09 2.428052e-03 2.512001e+00
318 1.472113e-09 3.844008e-01 2.551074e+00
319 1.809734e-09 2.293446e-01 2.520443e+00
320 1.413110e-09 2.191620e-01 2.487704e+00
321 1.518438e-09 7.453647e-02 2.560102e+00
322 1.737803e-09 1.444678e-01 2.503329e+00
323 1.829739e-09 5.290352e-02 2.687614e+00
324 1.252634e-09 3.154031e-01 2.735496e+00
325 1.201563e-09 4.077084e-02 2.623277e+00
326 1.256250e-09 4.551353e-02 2.696076e+00
327 1.006315e-09 1.989536e-01 2.751496e+00
328 1.124679e-09 1.176216e-01 2.783548e+00
329 9.436266e-10 1.609813e-01 2.703806e+00
330 9.466310e-10 3.183859e-03 2.655707e+00
331 8.577675e-10 9.387340e-02 2.621878e+00
332 1.233558e-09 4.381029e-01 2.689194e+00
333 1.017140e-09 1.754421e-01 2.750345e+00
334 8.922604e-10 1.227752e-01 2.695842e+00
335 9.554475e-10 7.081691e-02 2.567134e+00
336 1.031501e-09 7.959964e-02 2.630510e+00
337 9.363916e-10 9.220463e-02 2.744004e+00
338 1.186199e-09 2.667771e-01 2.623677e+00
339 7.488540e-10 3.686947e-01 2.399599e+00
340 8.303322e-10 1.088039e-01 2.376191e+00
341 7.059328e-10 1.498189e-01 2.327368e+00
342 6.834979e-10 3.178041e-02 2.560375e+00
343 7.646155e-10 1.186800e-01 2.447228e+00
344 5.802883e-10 2.410718e-01 2.615627e+00
345 5.320175e-10 8.318404e-02 2.648447e+00
346 5.410592e-10 1.699503e-02 2.679721e+00
347 4.196401e-10 2.244100e-01 2.575164e+00
348 3.676063e-10 1.239963e-01 2.472582e+00
349 5.171394e-10 4.067753e-01 2.447757e+00
350 3.651425e-10 2.939187e-01 2.343546e+00
351 3.981466e-10 9.038706e-02 2.359365e+00
352 3.505594e-10 1.195220e-01 2.584490e+00
353 3.721978e-10 6.172555e-02 2.557864e+00
354 3.395294e-10 8.777167e-02 2.454901e+00
355 3.386852e-10 2.486423e-03 2.359810e+00
356 3.021242e-10 1.079497e-01 2.327466e+00
357 3.640822e-10 2.050746e-01 2.368126e+00
358 2.943734e-10 1.914644e-01 2.335845e+00
359 4.198983e-10 4.264139e-01 2.447955e+00
360 2.797014e-10 3.338831e-01 2.599409e+00
361 2.931255e-10 4.799458e-02 2.630943e+00
362 2.379471e-10 1.882416e-01 2.624177e+00
363 2.739172e-10 1.511685e-01 2.471853e+00
364 2.430816e-10 1.125729e-01 2.399739e+00
365 2.384257e-10 1.915337e-02 2.375512e+00
366 2.267272e-10 4.906573e-02 2.623292e+00
367 2.197280e-10 3.087049e-02 2.493218e+00
368 1.583851e-10 2.791766e-01 2.486019e+00
369 1.647597e-10 4.024727e-02 2.502480e+00
370 1.578999e-10 4.163480e-02 2.464202e+00
371 1.332834e-10 1.558996e-01 2.407253e+00
372 1.498015e-10 1.239323e-01 2.496240e+00
373 1.298623e-10 1.331039e-01 2.527093e+00
374 1.772984e-10 3.652795e-01 2.432159e+00
375 1.110971e-10 3.733890e-01 2.695083e+00
376 1.399737e-10 2.599218e-01 2.887884e+00
377 1.113706e-10 2.043464e-01 2.461057e+00
378 1.245054e-10 1.179380e-01 2.459723e+00
379 1.380441e-10 1.087401e-01 2.255854e+00
380 1.295183e-10 6.176175e-02 2.367473e+00
381 1.022905e-10 2.102234e-01 2.303865e+00
382 1.388161e-10 3.570767e-01 2.247745e+00
383 8.710332e-11 3.725271e-01 2.408474e+00
