1 7.967276e-01 1.000000e+00 1.879061e+00
2 7.223735e-01 9.332444e-02 1.905529e+00
3 6.878979e-01 4.772544e-02 1.974085e+00
4 2.885187e-01 5.805792e-01 1.914163e+00
5 2.064607e-01 2.844115e-01 1.958214e+00
6 1.642419e-01 2.044881e-01 2.134638e+00
7 1.333505e-01 1.880848e-01 2.319411e+00
8 1.101443e-01 1.740240e-01 2.119497e+00
9 7.007188e-02 3.638176e-01 2.064465e+00
10 5.958571e-02 1.496487e-01 1.934627e+00
11 5.525201e-02 7.273066e-02 1.998512e+00
12 5.212344e-02 5.662360e-02 1.938035e+00
13 3.685296e-02 2.929676e-01 1.984812e+00
14 3.424070e-02 7.088327e-02 2.067998e+00
15 3.351846e-02 2.109318e-02 1.968458e+00
16 3.290486e-02 1.830630e-02 1.923630e+00
17 3.086585e-02 6.196674e-02 2.059164e+00
18 3.007130e-02 2.574196e-02 2.043814e+00
19 2.993771e-02 4.442383e-03 1.974456e+00
20 1.869446e-02 3.755549e-01 2.194521e+00
21 1.832620e-02 1.969894e-02 2.182787e+00
22 1.363750e-02 2.558467e-01 1.944346e+00
23 7.728144e-03 4.333167e-01 1.959963e+00
24 6.568351e-03 1.500739e-01 1.923997e+00
25 5.955805e-03 9.325710e-02 1.918341e+00
26 6.526605e-03 9.583912e-02 1.929199e+00
27 5.829587e-03 1.067963e-01 1.868872e+00
28 4.770944e-03 1.815983e-01 1.794082e+00
29 3.620801e-03 2.410725e-01 1.844549e+00
30 3.247729e-03 1.030357e-01 1.924772e+00
31 3.294657e-03 1.444952e-02 1.907738e+00
32 3.048035e-03 7.485508e-02 1.809156e+00
33 3.183683e-03 4.450342e-02 1.883640e+00
34 2.754002e-03 1.349636e-01 1.923428e+00
35 2.645347e-03 3.945327e-02 1.922697e+00
36 2.156831e-03 1.846702e-01 1.903406e+00
37 2.569903e-03 1.915184e-01 1.930070e+00
38 2.091028e-03 1.863397e-01 1.904205e+00
39 2.758366e-03 3.191432e-01 1.929212e+00
40 2.207760e-03 1.996132e-01 1.904664e+00
41 2.197331e-03 4.723696e-03 1.968839e+00
42 1.617134e-03 2.640460e-01 2.060732e+00
43 1.904071e-03 1.774355e-01 1.937802e+00
44 1.705516e-03 1.042794e-01 2.003756e+00
45 1.851797e-03 8.576938e-02 1.863572e+00
46 1.620664e-03 1.248153e-01 1.915163e+00
47 1.733805e-03 6.981154e-02 1.923226e+00
48 1.610620e-03 7.104922e-02 1.913348e+00
49 1.845990e-03 1.461363e-01 1.919299e+00
50 1.640060e-03 1.115556e-01 1.884138e+00
51 1.946879e-03 1.870782e-01 1.924309e+00
52 5.758366e-04 7.042258e-01 1.919012e+00
53 1.331133e-03 1.311651e+00 1.899212e+00
54 9.971469e-04 2.509039e-01 1.899631e+00
55 8.561812e-04 1.413691e-01 1.913408e+00
56 7.208337e-04 1.580827e-01 1.889572e+00
57 7.319125e-04 1.536944e-02 1.949681e+00
58 5.429153e-04 2.582238e-01 1.908319e+00
59 6.398949e-04 1.786274e-01 1.924047e+00
60 3.893451e-04 3.915484e-01 1.988325e+00
61 4.826352e-04 2.396078e-01 1.899649e+00
62 4.426845e-04 8.277613e-02 1.954461e+00
63 3.544191e-04 1.993867e-01 1.933640e+00
64 3.544770e-04 1.632001e-04 1.924097e+00
65 2.805956e-04 2.084236e-01 1.943956e+00
66 2.462700e-04 1.223310e-01 1.894525e+00
67 2.180386e-04 1.146360e-01 1.939507e+00
68 2.757039e-04 2.644728e-01 1.929061e+00
69 2.098228e-04 2.389560e-01 1.938331e+00
70 1.312480e-04 3.744817e-01 1.919276e+00
71 1.208473e-04 7.924498e-02 1.938524e+00
72 1.475805e-04 2.212152e-01 1.904859e+00
73 1.334564e-04 9.570465e-02 1.943004e+00
74 1.217069e-04 8.803964e-02 2.014217e+00
75 8.174574e-05 3.283394e-01 2.094100e+00
76 1.176980e-04 4.398058e-01 1.883653e+00
77 1.235310e-04 4.955929e-02 1.940237e+00
78 1.018222e-04 1.757357e-01 1.844214e+00
79 6.975445e-05 3.149389e-01 1.879626e+00
80 1.016920e-04 4.578567e-01 1.900370e+00
81 9.852349e-05 3.115780e-02 1.813325e+00
82 1.064570e-04 8.052374e-02 1.834691e+00
83 9.635734e-05 9.487051e-02 1.864094e+00
84 7.295299e-05 2.428912e-01 1.853219e+00
85 6.715319e-05 7.950057e-02 1.803692e+00
86 1.035935e-04 5.426451e-01 1.839051e+00
87 8.315640e-05 1.972820e-01 1.856686e+00
88 7.110205e-05 1.449599e-01 1.899715e+00
89 4.932927e-05 3.062188e-01 1.848552e+00
90 5.306547e-05 7.574004e-02 1.824178e+00
91 4.556438e-05 1.413554e-01 1.819862e+00
92 6.151364e-05 3.500380e-01 1.833848e+00
93 8.285263e-05 3.468984e-01 1.823723e+00
94 4.056816e-05 5.103576e-01 1.858620e+00
95 7.557475e-05 8.629080e-01 1.820018e+00
96 7.801071e-05 3.223241e-02 1.778908e+00
97 5.587878e-05 2.837037e-01 1.849401e+00
98 8.514455e-05 5.237368e-01 1.819954e+00
99 5.870079e-05 3.105749e-01 1.893916e+00
100 8.682541e-05 4.791181e-01 1.854545e+00
101 7.050132e-05 1.880105e-01 1.832381e+00
102 3.382149e-05 5.202716e-01 1.819228e+00
103 6.474925e-05 9.144412e-01 1.844701e+00
104 6.340177e-05 2.081077e-02 1.814781e+00
105 4.729270e-05 2.540792e-01 1.889407e+00
106 2.966878e-05 3.726563e-01 1.828473e+00
107 3.574028e-05 2.046427e-01 1.993996e+00
108 2.226494e-05 3.770351e-01 1.791121e+00
109 2.171932e-05 2.450587e-02 1.848003e+00
110 1.620924e-05 2.536947e-01 1.845274e+00
111 1.731959e-05 6.850084e-02 1.833849e+00
112 1.174609e-05 3.218031e-01 1.800292e+00
113 1.604006e-05 3.655662e-01 1.824773e+00
114 9.203767e-06 4.262014e-01 1.794418e+00
115 8.162723e-06 1.131107e-01 1.784673e+00
116 9.063353e-06 1.103345e-01 1.784730e+00
117 7.120861e-06 2.143237e-01 1.825199e+00
118 9.679417e-06 3.593042e-01 1.827755e+00
119 5.749039e-06 4.060552e-01 1.803199e+00
120 5.698065e-06 8.866557e-03 1.803366e+00
121 4.873726e-06 1.446700e-01 1.829231e+00
122 7.289783e-06 4.957309e-01 1.794349e+00
123 3.767959e-06 4.831178e-01 1.760018e+00
124 4.042430e-06 7.284358e-02 1.814536e+00
125 3.345706e-06 1.723527e-01 1.869868e+00
126 3.134587e-06 6.310168e-02 1.954379e+00
127 3.210740e-06 2.429441e-02 1.883821e+00
128 3.324796e-06 3.552338e-02 1.954380e+00
129 1.439253e-06 5.671153e-01 1.974134e+00
130 1.370145e-06 4.801702e-02 1.849048e+00
131 1.313258e-06 4.151875e-02 1.809656e+00
132 1.812879e-06 3.804439e-01 1.889753e+00
133 1.105094e-06 3.904207e-01 1.845549e+00
134 9.864142e-07 1.073931e-01 1.859221e+00
135 8.814062e-07 1.064543e-01 1.864842e+00
136 8.196377e-07 7.007949e-02 1.854377e+00
137 8.112267e-07 1.026184e-02 1.874363e+00
138 6.214393e-07 2.339511e-01 1.909777e+00
139 7.397883e-07 1.904434e-01 1.798795e+00
140 6.036175e-07 1.840673e-01 1.906887e+00
141 5.333788e-07 1.163629e-01 1.863364e+00
142 6.127138e-07 1.487404e-01 1.933105e+00
143 4.242058e-07 3.076607e-01 1.884512e+00
144 3.896066e-07 8.156231e-02 1.872863e+00
145 4.135078e-07 6.134700e-02 1.894404e+00
146 3.924431e-07 5.094150e-02 1.909574e+00
147 3.397113e-07 1.343681e-01 1.853807e+00
148 2.701443e-07 2.047826e-01 1.934282e+00
149 3.101432e-07 1.480647e-01 1.844087e+00
150 2.036487e-07 3.433720e-01 1.891797e+00
151 3.461243e-07 6.996145e-01 1.963513e+00
152 2.143198e-07 3.808011e-01 1.884590e+00
153 2.473335e-07 1.540397e-01 1.878782e+00
154 2.694469e-07 8.940699e-02 1.839097e+00
155 1.952975e-07 2.751910e-01 1.895028e+00
156 1.618851e-07 1.710849e-01 1.863484e+00
157 1.781152e-07 1.002572e-01 1.845514e+00
158 1.455541e-07 1.828091e-01 1.859183e+00
159 1.116834e-07 2.327020e-01 1.838397e+00
160 1.300707e-07 1.646378e-01 1.864954e+00
161 8.104773e-08 3.768947e-01 1.870240e+00
162 8.952658e-08 1.046155e-01 1.863483e+00
163 1.159821e-07 2.955052e-01 1.949026e+00
164 6.846696e-08 4.096767e-01 1.975138e+00
165 5.602693e-08 1.816939e-01 1.824243e+00
166 4.309682e-08 2.307839e-01 1.854978e+00
167 4.227648e-08 1.903463e-02 1.884643e+00
168 3.440013e-08 1.863059e-01 1.860637e+00
169 3.097163e-08 9.966526e-02 1.848160e+00
170 2.861401e-08 7.612186e-02 1.859537e+00
171 4.067481e-08 4.214996e-01 1.848225e+00
172 2.512656e-08 3.822575e-01 1.849557e+00
173 3.111524e-08 2.383410e-01 1.834695e+00
174 2.369069e-08 2.386145e-01 1.854869e+00
175 2.085991e-08 1.194895e-01 1.823998e+00
176 1.647098e-08 2.104001e-01 1.865310e+00
177 1.860605e-08 1.296260e-01 1.849754e+00
178 1.306880e-08 2.976049e-01 1.828465e+00
179 1.422541e-08 8.850165e-02 1.750329e+00
180 1.626583e-08 1.434352e-01 1.794764e+00
181 1.453812e-08 1.062173e-01 1.814603e+00
182 1.576011e-08 8.405452e-02 1.790259e+00
183 1.428417e-08 9.365024e-02 1.868533e+00
184 1.037585e-08 2.736120e-01 1.789345e+00
185 1.106165e-08 6.609564e-02 1.878706e+00
186 9.410101e-09 1.493042e-01 1.808773e+00
187 9.957624e-09 5.818466e-02 1.825427e+00
188 8.555717e-09 1.407873e-01 1.854540e+00
189 6.422992e-09 2.492748e-01 1.823858e+00
190 6.777460e-09 5.518729e-02 1.844084e+00
191 4.845854e-09 2.850043e-01 1.837122e+00
192 7.922030e-09 6.348055e-01 1.849587e+00
193 5.045898e-09 3.630549e-01 1.844908e+00
194 6.127437e-09 2.143402e-01 1.864641e+00
195 8.850484e-09 4.444023e-01 1.849538e+00
196 7.801038e-09 1.185750e-01 1.815198e+00
197 5.084059e-09 3.482843e-01 1.828547e+00
198 4.596937e-09 9.581356e-02 1.934786e+00
199 4.723391e-09 2.750833e-02 1.934650e+00
200 4.365613e-09 7.574610e-02 1.789349e+00
201 3.787825e-09 1.323498e-01 1.810449e+00
202 3.164648e-09 1.645211e-01 1.824687e+00
203 3.785865e-09 1.962990e-01 1.773781e+00
204 2.968845e-09 2.158080e-01 1.869191e+00
205 2.937491e-09 1.056094e-02 1.902872e+00
206 2.497496e-09 1.497861e-01 1.810148e+00
207 2.772725e-09 1.102020e-01 1.854847e+00
208 2.214981e-09 2.011537e-01 1.774459e+00
209 3.037774e-09 3.714670e-01 1.744264e+00
210 1.937483e-09 3.622031e-01 1.810017e+00
211 1.879641e-09 2.985378e-02 1.765076e+00
212 1.943439e-09 3.394133e-02 1.772644e+00
213 1.293880e-09 3.342320e-01 1.814404e+00
214 1.508593e-09 1.659457e-01 1.793558e+00
215 1.478130e-09 2.019340e-02 1.788937e+00
216 1.557518e-09 5.370845e-02 1.810040e+00
217 1.191300e-09 2.351292e-01 1.845318e+00
218 1.212768e-09 1.802125e-02 1.865079e+00
219 1.121974e-09 7.486584e-02 1.829245e+00
220 8.235905e-10 2.659448e-01 1.854305e+00
221 1.118495e-09 3.580713e-01 1.943996e+00
222 6.255584e-10 4.407140e-01 2.014165e+00
223 9.266118e-10 4.812555e-01 1.894438e+00
224 5.717040e-10 3.830167e-01 1.848925e+00
225 7.957640e-10 3.919161e-01 1.851405e+00
226 6.954487e-10 1.260616e-01 1.885306e+00
227 6.159314e-10 1.143395e-01 1.854887e+00
228 5.162432e-10 1.618496e-01 1.874270e+00
229 6.634306e-10 2.851127e-01 1.845096e+00
230 5.528251e-10 1.667175e-01 1.888893e+00
231 4.642686e-10 1.601890e-01 1.865321e+00
232 4.069354e-10 1.234915e-01 1.859802e+00
233 5.998853e-10 4.741536e-01 1.858360e+00
234 3.696192e-10 3.838501e-01 1.884978e+00
235 5.113728e-10 3.835125e-01 1.869449e+00
236 3.898819e-10 2.375780e-01 1.773315e+00
237 3.517908e-10 9.769904e-02 1.823497e+00
238 4.696090e-10 3.349098e-01 1.849377e+00
239 3.210698e-10 3.163039e-01 1.859920e+00
240 3.388673e-10 5.543165e-02 1.869920e+00
241 3.126980e-10 7.722578e-02 1.823922e+00
242 3.446455e-10 1.021675e-01 1.875116e+00
243 3.878372e-10 1.253220e-01 1.873257e+00
244 4.599254e-10 1.858724e-01 1.839780e+00
245 2.893504e-10 3.708753e-01 1.800713e+00
246 3.261219e-10 1.270828e-01 1.828784e+00
247 2.541666e-10 2.206394e-01 1.904471e+00
248 3.383054e-10 3.310380e-01 1.834018e+00
249 2.772965e-10 1.803367e-01 1.784209e+00
250 2.293405e-10 1.729411e-01 1.914428e+00
251 2.157908e-10 5.908121e-02 1.827216e+00
252 2.628519e-10 2.180863e-01 1.799371e+00
253 1.808061e-10 3.121367e-01 1.965340e+00
254 2.183694e-10 2.077545e-01 2.005017e+00
255 1.455915e-10 3.332788e-01 1.853810e+00
256 1.645037e-10 1.298991e-01 1.908218e+00
257 2.237612e-10 3.602197e-01 1.870753e+00
258 1.578303e-10 2.946486e-01 1.854860e+00
259 2.144135e-10 3.585065e-01 1.869513e+00
260 2.074514e-10 3.247043e-02 1.837006e+00
261 1.397368e-10 3.264119e-01 1.858608e+00
262 1.337612e-10 4.276293e-02 1.793561e+00
263 1.479212e-10 1.058603e-01 1.800772e+00
264 1.673516e-10 1.313560e-01 1.914369e+00
265 1.571927e-10 6.070378e-02 1.859011e+00
266 1.446958e-10 7.950046e-02 1.754833e+00
267 1.335890e-10 7.675953e-02 1.804553e+00
268 1.119748e-10 1.617967e-01 1.894950e+00
269 1.034912e-10 7.576303e-02 1.740463e+00
270 1.246572e-10 2.045194e-01 1.829130e+00
271 1.096377e-10 1.204859e-01 1.805396e+00
272 1.307769e-10 1.928095e-01 1.779123e+00
273 6.321799e-11 5.165969e-01 1.693827e+00
