1 9.875386e-01 1.000000e+00 3.615489e+00
2 9.542651e-01 3.369334e-02 3.863495e+00
3 9.097901e-01 4.660661e-02 3.855428e+00
4 8.839063e-01 2.845026e-02 3.975686e+00
5 7.188066e-01 1.867842e-01 3.966726e+00
6 5.167992e-01 2.810316e-01 4.223794e+00
7 4.288536e-01 1.701737e-01 3.999686e+00
8 3.963758e-01 7.573179e-02 3.808243e+00
9 3.503866e-01 1.160241e-01 3.782635e+00
10 2.883324e-01 1.771020e-01 3.632249e+00
11 2.428959e-01 1.575838e-01 3.719102e+00
12 2.235165e-01 7.978470e-02 3.710976e+00
13 2.094626e-01 6.287651e-02 3.790985e+00
14 1.308827e-01 3.751498e-01 3.736088e+00
15 1.124990e-01 1.404596e-01 3.759480e+00
16 6.557074e-02 4.171438e-01 3.907597e+00
17 5.890427e-02 1.016684e-01 3.575460e+00
18 5.356120e-02 9.070769e-02 3.599903e+00
19 3.935178e-02 2.652932e-01 3.624259e+00
20 3.279084e-02 1.667253e-01 3.558228e+00
21 3.191259e-02 2.678323e-02 3.639613e+00
22 2.229772e-02 3.012878e-01 3.477547e+00
23 2.158178e-02 3.210836e-02 3.592115e+00
24 1.697913e-02 2.132654e-01 3.526364e+00
25 1.665123e-02 1.931219e-02 3.647730e+00
26 1.229255e-02 2.617629e-01 3.640392e+00
27 1.313114e-02 6.821928e-02 3.799271e+00
28 1.049383e-02 2.008439e-01 3.621859e+00
29 1.208900e-02 1.520103e-01 3.496228e+00
30 1.062960e-02 1.207219e-01 3.447506e+00
31 9.358313e-03 1.195985e-01 3.503442e+00
32 1.045491e-02 1.171792e-01 3.415774e+00
33 8.304570e-03 2.056777e-01 3.431720e+00
34 8.371838e-03 8.100059e-03 3.528318e+00
35 7.394112e-03 1.167874e-01 3.454644e+00
36 6.782446e-03 8.272341e-02 3.448251e+00
37 6.905357e-03 1.812193e-02 3.583122e+00
38 5.597693e-03 1.893695e-01 3.607436e+00
39 6.158380e-03 1.001640e-01 3.589709e+00
40 5.308828e-03 1.379506e-01 4.061697e+00
41 5.276279e-03 6.131035e-03 3.568375e+00
42 4.712683e-03 1.068170e-01 3.447722e+00
43 5.109773e-03 8.425985e-02 3.471390e+00
44 4.315946e-03 1.553546e-01 3.719564e+00
45 3.891848e-03 9.826301e-02 3.519941e+00
46 3.491091e-03 1.029735e-01 3.431448e+00
47 3.079681e-03 1.178456e-01 3.463236e+00
48 2.694764e-03 1.249861e-01 3.311797e+00
49 2.386826e-03 1.142726e-01 3.224271e+00
50 2.298632e-03 3.695057e-02 3.415681e+00
51 1.888875e-03 1.782613e-01 3.423850e+00
52 1.735737e-03 8.107352e-02 3.615257e+00
53 1.726163e-03 5.515465e-03 3.399830e+00
54 1.574739e-03 8.772294e-02 3.367932e+00
55 1.388146e-03 1.184914e-01 3.447607e+00
56 1.405216e-03 1.229713e-02 3.374509e+00
57 1.292305e-03 8.035142e-02 3.384218e+00
58 1.480172e-03 1.453732e-01 3.398646e+00
59 1.137463e-03 2.315331e-01 3.447777e+00
60 1.160410e-03 2.017365e-02 3.408458e+00
61 1.131788e-03 2.466521e-02 3.516661e+00
62 1.023122e-03 9.601274e-02 3.520045e+00
63 8.514395e-04 1.678026e-01 3.631195e+00
64 6.996240e-04 1.783045e-01 3.360108e+00
65 7.778573e-04 1.118218e-01 3.383009e+00
66 8.024742e-04 3.164716e-02 3.404719e+00
67 6.827292e-04 1.492198e-01 3.407816e+00
68 6.775233e-04 7.625199e-03 3.383692e+00
69 5.972468e-04 1.184853e-01 3.391803e+00
70 6.141166e-04 2.824602e-02 3.399980e+00
71 5.830182e-04 5.063918e-02 3.359657e+00
72 6.315316e-04 8.321067e-02 3.391320e+00
73 4.769717e-04 2.447381e-01 3.431006e+00
74 5.185704e-04 8.721421e-02 3.471989e+00
75 4.209271e-04 1.882934e-01 3.407289e+00
76 4.245898e-04 8.701619e-03 3.329508e+00
77 4.759816e-04 1.210387e-01 3.480126e+00
78 3.983646e-04 1.630672e-01 3.367910e+00
79 4.183231e-04 5.010095e-02 3.574587e+00
80 4.431120e-04 5.925792e-02 3.765191e+00
81 4.272246e-04 3.585424e-02 3.423744e+00
82 3.777912e-04 1.157083e-01 3.390683e+00
83 4.123683e-04 9.152442e-02 3.431904e+00
84 3.332207e-04 1.919343e-01 3.423074e+00
85 3.641354e-04 9.277548e-02 3.575152e+00
86 3.954698e-04 8.605157e-02 3.311722e+00
87 3.384835e-04 1.440977e-01 3.310426e+00
88 3.647603e-04 7.763093e-02 3.368077e+00
89 3.113482e-04 1.464306e-01 3.406354e+00
90 3.508342e-04 1.268226e-01 3.366654e+00
91 3.593982e-04 2.441013e-02 3.335737e+00
92 3.623703e-04 8.269814e-03 3.367439e+00
93 2.858193e-04 2.112508e-01 3.359116e+00
94 2.699228e-04 5.561741e-02 3.399476e+00
95 2.805891e-04 3.951645e-02 3.407239e+00
96 2.839504e-04 1.197943e-02 3.448359e+00
97 2.910474e-04 2.499374e-02 3.407617e+00
98 2.484321e-04 1.464207e-01 3.463128e+00
99 2.516353e-04 1.289381e-02 3.392354e+00
100 2.611668e-04 3.787808e-02 3.399604e+00
101 2.291663e-04 1.225289e-01 3.359299e+00
102 1.880599e-04 1.793737e-01 3.672287e+00
103 2.431447e-04 2.929111e-01 3.471822e+00
104 2.161739e-04 1.109249e-01 3.590114e+00
105 2.090856e-04 3.279016e-02 3.334381e+00
106 1.959371e-04 6.288560e-02 3.383672e+00
107 1.905484e-04 2.750215e-02 3.375589e+00
108 1.841407e-04 3.362754e-02 3.407193e+00
109 2.677043e-04 4.538027e-01 3.415985e+00
110 1.755685e-04 3.441701e-01 3.415953e+00
111 2.553241e-04 4.542709e-01 3.391505e+00
112 1.878045e-04 2.644468e-01 3.383395e+00
113 1.485438e-04 2.090506e-01 3.392393e+00
114 1.226829e-04 1.740965e-01 3.583673e+00
115 1.658668e-04 3.519962e-01 3.487056e+00
116 1.338772e-04 1.928628e-01 3.645434e+00
117 1.210984e-04 9.545204e-02 3.447343e+00
118 1.312376e-04 8.372710e-02 3.335565e+00
119 1.177716e-04 1.026080e-01 3.262554e+00
120 7.033470e-05 4.027872e-01 3.399984e+00
121 6.620548e-05 5.870817e-02 3.367832e+00
122 6.982261e-05 5.463499e-02 3.326893e+00
123 7.437034e-05 6.513254e-02 3.432076e+00
124 5.856219e-05 2.125598e-01 3.295395e+00
125 6.342204e-05 8.298615e-02 3.224028e+00
126 5.153804e-05 1.873797e-01 3.231498e+00
127 6.493569e-05 2.599565e-01 3.143347e+00
128 5.927546e-05 8.716670e-02 3.151428e+00
129 4.901094e-05 1.731663e-01 3.160225e+00
130 6.182023e-05 2.613556e-01 3.271257e+00
131 5.174623e-05 1.629564e-01 3.503631e+00
132 4.049438e-05 2.174428e-01 3.471964e+00
133 3.615582e-05 1.071398e-01 3.741876e+00
134 4.419395e-05 2.223190e-01 3.336276e+00
135 3.483092e-05 2.118623e-01 3.607711e+00
136 3.403057e-05 2.297813e-02 3.303364e+00
137 2.759021e-05 1.892520e-01 3.471505e+00
138 2.857034e-05 3.552422e-02 3.400196e+00
139 2.814270e-05 1.496772e-02 3.343174e+00
140 2.558218e-05 9.098356e-02 3.343866e+00
141 2.450337e-05 4.217021e-02 3.343545e+00
142 2.558256e-05 4.404216e-02 3.352482e+00
143 2.398572e-05 6.241899e-02 3.301632e+00
144 2.227952e-05 7.113379e-02 3.335172e+00
145 2.362436e-05 6.036183e-02 3.488423e+00
146 2.053471e-05 1.307821e-01 3.975167e+00
147 1.518893e-05 2.603290e-01 4.167396e+00
148 2.169249e-05 4.281778e-01 3.167491e+00
149 2.015139e-05 7.104314e-02 3.176065e+00
150 1.510659e-05 2.503450e-01 3.127166e+00
151 2.009196e-05 3.300131e-01 3.192034e+00
152 1.432819e-05 2.868696e-01 3.311315e+00
153 1.505976e-05 5.105833e-02 3.368418e+00
154 1.334898e-05 1.135995e-01 3.358848e+00
155 1.742547e-05 3.053783e-01 3.311900e+00
156 1.312994e-05 2.465086e-01 3.367801e+00
157 1.468410e-05 1.183674e-01 3.295577e+00
158 1.137306e-05 2.254845e-01 3.240196e+00
159 1.319059e-05 1.598103e-01 3.311425e+00
160 9.169553e-06 3.048416e-01 3.527855e+00
161 1.197312e-05 3.057475e-01 3.423321e+00
162 1.125097e-05 6.031448e-02 3.335719e+00
163 1.249173e-05 1.102803e-01 3.288333e+00
164 1.107815e-05 1.131611e-01 3.367192e+00
165 9.804631e-06 1.149578e-01 3.312051e+00
166 9.119915e-06 6.983599e-02 3.326632e+00
167 8.585834e-06 5.856212e-02 3.343402e+00
168 9.512751e-06 1.079589e-01 3.392542e+00
169 7.418115e-06 2.201925e-01 3.303308e+00
170 8.018024e-06 8.087082e-02 3.255510e+00
171 7.418218e-06 7.480712e-02 3.495949e+00
172 8.987214e-06 2.115057e-01 3.614770e+00
173 7.498864e-06 1.656075e-01 3.455683e+00
174 5.135897e-06 3.151100e-01 3.311386e+00
175 6.864908e-06 3.366522e-01 3.368193e+00
176 6.478193e-06 5.633216e-02 3.328068e+00
177 6.192527e-06 4.409656e-02 3.383669e+00
178 5.843173e-06 5.641545e-02 3.399807e+00
179 5.986488e-06 2.452690e-02 3.343313e+00
180 4.678120e-06 2.185535e-01 3.408226e+00
181 5.093024e-06 8.869032e-02 3.246351e+00
182 4.844427e-06 4.881134e-02 3.207910e+00
183 4.668073e-06 3.640340e-02 3.295470e+00
184 5.549140e-06 1.887431e-01 3.255475e+00
185 3.880291e-06 3.007400e-01 3.368250e+00
186 3.776358e-06 2.678493e-02 3.311212e+00
187 3.606793e-06 4.490166e-02 3.159877e+00
188 5.430932e-06 5.057507e-01 3.160181e+00
189 3.780724e-06 3.038535e-01 3.126846e+00
190 3.139001e-06 1.697356e-01 3.216092e+00
191 3.581609e-06 1.410029e-01 3.151410e+00
192 3.365685e-06 6.028672e-02 3.167968e+00
193 3.880917e-06 1.530837e-01 3.390762e+00
194 2.119986e-06 4.537408e-01 3.520949e+00
195 3.300558e-06 5.568768e-01 3.421739e+00
196 3.204732e-06 2.903314e-02 3.344607e+00
197 2.971111e-06 7.289873e-02 3.358942e+00
198 2.575577e-06 1.331267e-01 3.559499e+00
199 2.359099e-06 8.405028e-02 3.456299e+00
200 1.986932e-06 1.577582e-01 3.342663e+00
201 1.987320e-06 1.952944e-04 3.319894e+00
202 2.013088e-06 1.296623e-02 3.416439e+00
203 1.918577e-06 4.694823e-02 3.495541e+00
204 1.790854e-06 6.657152e-02 3.406019e+00
205 1.709333e-06 4.552087e-02 3.470312e+00
206 1.651133e-06 3.404847e-02 3.581541e+00
207 1.398264e-06 1.531487e-01 3.455612e+00
208 1.883469e-06 3.470052e-01 3.335257e+00
209 1.413241e-06 2.496607e-01 3.391526e+00
210 2.196957e-06 5.545521e-01 3.447681e+00
211 1.419255e-06 3.539904e-01 3.320651e+00
212 1.492235e-06 5.142127e-02 3.351007e+00
213 1.231138e-06 1.749706e-01 3.343577e+00
214 1.358965e-06 1.038283e-01 3.360591e+00
215 1.276011e-06 6.104165e-02 3.335892e+00
216 1.295089e-06 1.495094e-02 3.342967e+00
217 1.576633e-06 2.173933e-01 3.631422e+00
218 1.312650e-06 1.674347e-01 3.559972e+00
219 1.510043e-06 1.503777e-01 3.551720e+00
220 1.007120e-06 3.330524e-01 3.391208e+00
221 1.245454e-06 2.366495e-01 3.376094e+00
222 1.207770e-06 3.025734e-02 3.279166e+00
223 1.523453e-06 2.613768e-01 3.407120e+00
224 9.923193e-07 3.486380e-01 3.352442e+00
225 1.036843e-06 4.486803e-02 3.398952e+00
226 8.887320e-07 1.428479e-01 3.376369e+00
227 9.705270e-07 9.203567e-02 3.359519e+00
228 8.082056e-07 1.672508e-01 3.311172e+00
229 8.099529e-07 2.161959e-03 3.455338e+00
230 8.195634e-07 1.186557e-02 3.487735e+00
231 7.573708e-07 7.588509e-02 3.463699e+00
232 7.453118e-07 1.592210e-02 3.414981e+00
233 7.310671e-07 1.911243e-02 3.303383e+00
234 7.395304e-07 1.157658e-02 3.335690e+00
235 7.274967e-07 1.627210e-02 3.295996e+00
236 8.282347e-07 1.384722e-01 3.343647e+00
237 7.571344e-07 8.584565e-02 3.318575e+00
238 7.088696e-07 6.374664e-02 3.318752e+00
239 6.314245e-07 1.092515e-01 3.368185e+00
240 9.704139e-07 5.368645e-01 3.359232e+00
241 6.817690e-07 2.974451e-01 3.400413e+00
242 5.547623e-07 1.862900e-01 3.335315e+00
243 6.782940e-07 2.226749e-01 3.302712e+00
244 5.368639e-07 2.085085e-01 3.415808e+00
245 4.269139e-07 2.048005e-01 3.351384e+00
246 5.759352e-07 3.490664e-01 3.207502e+00
247 5.991057e-07 4.023107e-02 3.318784e+00
248 5.667022e-07 5.408637e-02 3.296555e+00
249 5.253530e-07 7.296463e-02 3.463000e+00
250 4.991675e-07 4.984369e-02 3.336039e+00
251 4.549674e-07 8.854752e-02 3.375977e+00
252 3.884042e-07 1.463032e-01 3.311065e+00
253 4.734527e-07 2.189689e-01 3.312286e+00
254 5.175741e-07 9.319075e-02 3.311329e+00
255 4.167299e-07 1.948401e-01 3.248480e+00
256 3.215327e-07 2.284386e-01 3.327027e+00
257 3.355018e-07 4.344512e-02 3.295741e+00
258 3.047850e-07 9.155463e-02 3.287749e+00
259 3.390815e-07 1.125267e-01 3.384025e+00
260 3.030090e-07 1.063828e-01 3.344221e+00
261 3.487600e-07 1.509887e-01 3.383109e+00
262 2.903852e-07 1.673781e-01 3.668967e+00
263 2.431494e-07 1.626660e-01 3.495383e+00
264 3.874273e-07 5.933713e-01 3.543412e+00
265 2.365175e-07 3.895177e-01 3.390440e+00
266 2.440329e-07 3.177534e-02 3.357221e+00
267 2.445202e-07 1.996580e-03 3.351803e+00
268 3.282557e-07 3.424484e-01 3.375221e+00
269 3.359413e-07 2.341338e-02 3.319732e+00
270 2.093834e-07 3.767261e-01 3.447826e+00
271 3.011245e-07 4.381486e-01 3.391315e+00
272 2.833774e-07 5.893625e-02 3.311404e+00
273 2.671636e-07 5.721608e-02 3.408276e+00
274 2.214649e-07 1.710513e-01 3.294857e+00
275 2.245265e-07 1.382412e-02 3.504423e+00
276 2.289196e-07 1.956604e-02 3.382102e+00
277 2.187098e-07 4.460011e-02 3.407810e+00
278 1.640475e-07 2.499307e-01 3.399277e+00
279 1.609704e-07 1.875733e-02 3.432093e+00
280 1.496301e-07 7.044972e-02 3.551910e+00
281 2.031546e-07 3.577125e-01 3.287557e+00
282 1.219813e-07 3.995642e-01 3.344282e+00
283 1.457386e-07 1.947622e-01 3.399477e+00
284 1.790264e-07 2.284070e-01 3.399547e+00
285 1.476582e-07 1.752155e-01 3.351650e+00
286 1.202770e-07 1.854358e-01 3.438689e+00
287 1.680517e-07 3.972051e-01 3.367484e+00
288 1.232212e-07 2.667660e-01 3.407638e+00
289 9.879603e-08 1.982223e-01 3.416391e+00
290 1.099858e-07 1.132614e-01 3.326977e+00
291 1.151555e-07 4.700367e-02 3.328374e+00
292 9.457118e-08 1.787527e-01 3.455908e+00
293 1.258476e-07 3.307187e-01 3.464260e+00
294 1.226068e-07 2.575243e-02 3.519692e+00
295 1.020961e-07 1.672878e-01 3.399198e+00
296 9.838143e-08 3.638439e-02 3.659417e+00
297 8.300615e-08 1.562824e-01 3.349712e+00
298 8.081835e-08 2.635714e-02 3.472383e+00
299 7.530688e-08 6.819573e-02 3.542244e+00
300 7.067808e-08 6.146577e-02 3.344692e+00
301 6.704086e-08 5.146184e-02 3.326925e+00
302 9.018072e-08 3.451606e-01 3.432248e+00
303 7.124465e-08 2.099792e-01 3.503692e+00
304 6.730286e-08 5.532751e-02 3.359387e+00
305 5.947157e-08 1.163589e-01 3.344346e+00
306 5.929900e-08 2.901681e-03 3.639436e+00
307 5.540545e-08 6.565967e-02 3.615314e+00
308 5.949436e-08 7.379974e-02 3.572441e+00
309 4.876919e-08 1.802720e-01 3.344041e+00
310 5.490384e-08 1.257896e-01 3.416121e+00
311 5.900446e-08 7.468723e-02 3.399276e+00
312 5.484229e-08 7.053992e-02 3.392065e+00
313 6.155448e-08 1.223907e-01 3.438943e+00
314 4.756592e-08 2.272548e-01 3.384357e+00
315 5.574695e-08 1.719935e-01 3.335428e+00
316 5.769421e-08 3.493017e-02 3.471386e+00
317 4.817744e-08 1.649518e-01 3.352281e+00
318 7.005995e-08 4.542064e-01 3.351659e+00
319 5.704079e-08 1.858288e-01 3.416179e+00
320 3.288724e-08 4.234435e-01 3.407296e+00
321 5.301320e-08 6.119687e-01 3.495483e+00
322 3.922096e-08 2.601661e-01 3.423789e+00
323 3.846238e-08 1.934128e-02 3.391854e+00
324 3.899754e-08 1.391380e-02 3.624036e+00
325 3.162709e-08 1.889976e-01 3.479283e+00
326 3.427589e-08 8.375083e-02 3.447925e+00
327 2.956491e-08 1.374429e-01 3.447979e+00
328 4.402771e-08 4.891880e-01 3.439971e+00
329 2.819303e-08 3.596527e-01 3.391702e+00
330 3.794106e-08 3.457605e-01 3.326978e+00
331 3.515110e-08 7.353406e-02 3.440068e+00
332 2.532015e-08 2.796768e-01 3.488097e+00
333 2.849918e-08 1.255531e-01 3.350532e+00
334 2.753178e-08 3.394475e-02 3.280186e+00
335 2.099449e-08 2.374454e-01 3.326952e+00
336 2.861973e-08 3.632021e-01 3.391666e+00
337 2.235729e-08 2.188152e-01 3.271967e+00
338 2.278578e-08 1.916519e-02 3.343780e+00
339 1.903438e-08 1.646378e-01 3.239445e+00
340 2.005894e-08 5.382725e-02 3.296319e+00
341 1.658098e-08 1.733873e-01 3.359039e+00
342 1.916780e-08 1.560111e-01 3.343573e+00
343 1.490362e-08 2.224658e-01 3.376166e+00
344 2.040594e-08 3.691939e-01 3.311264e+00
345 1.421976e-08 3.031559e-01 3.303774e+00
346 2.826875e-08 9.879906e-01 3.279289e+00
347 2.741117e-08 3.033652e-02 3.264568e+00
348 1.526582e-08 4.430804e-01 3.198842e+00
349 2.210079e-08 4.477306e-01 3.630966e+00
350 1.736141e-08 2.144440e-01 3.847647e+00
351 2.264512e-08 3.043362e-01 3.350972e+00
352 1.307965e-08 4.224073e-01 3.550873e+00
353 1.423169e-08 8.807853e-02 3.312252e+00
354 1.265676e-08 1.106636e-01 3.359548e+00
355 1.368543e-08 8.127439e-02 3.319963e+00
356 1.155384e-08 1.557564e-01 3.350670e+00
357 1.026815e-08 1.112784e-01 3.320113e+00
358 1.111900e-08 8.286330e-02 3.247935e+00
359 1.009760e-08 9.186032e-02 3.335180e+00
360 9.292851e-09 7.969729e-02 3.271268e+00
361 8.815237e-09 5.139587e-02 3.276305e+00
362 1.147254e-08 3.014445e-01 3.320044e+00
363 1.092765e-08 4.749523e-02 3.415992e+00
364 9.754539e-09 1.073526e-01 3.183896e+00
365 1.045786e-08 7.210184e-02 3.134043e+00
366 1.127249e-08 7.789676e-02 3.032433e+00
367 1.296693e-08 1.503158e-01 3.151487e+00
368 7.501679e-09 4.214759e-01 2.975338e+00
369 8.163933e-09 8.828079e-02 3.032083e+00
370 8.250788e-09 1.063888e-02 3.015262e+00
371 8.230096e-09 2.507882e-03 3.046512e+00
372 7.036516e-09 1.450263e-01 3.032562e+00
373 8.413984e-09 1.957599e-01 3.047792e+00
374 7.695088e-09 8.544069e-02 2.951047e+00
375 8.688872e-09 1.291453e-01 2.967636e+00
376 8.635851e-09 6.102164e-03 2.815475e+00
377 6.739194e-09 2.196260e-01 2.791626e+00
378 6.955920e-09 3.215905e-02 2.791888e+00
379 5.664320e-09 1.856836e-01 2.759612e+00
380 5.955842e-09 5.146628e-02 2.768084e+00
381 6.924572e-09 1.626522e-01 2.751187e+00
382 5.950573e-09 1.406583e-01 2.840658e+00
383 5.082639e-09 1.458572e-01 3.023339e+00
384 5.276412e-09 3.812442e-02 2.990812e+00
385 5.410715e-09 2.545339e-02 2.928147e+00
386 5.090656e-09 5.915273e-02 3.079408e+00
387 4.758464e-09 6.525528e-02 3.016112e+00
388 7.835330e-09 6.466091e-01 3.039439e+00
389 5.967990e-09 2.383231e-01 3.040263e+00
390 4.937294e-09 1.727040e-01 3.627475e+00
391 5.882967e-09 1.915366e-01 3.103753e+00
392 5.345939e-09 9.128519e-02 2.871233e+00
393 6.191008e-09 1.580768e-01 2.896267e+00
394 3.242084e-09 4.763238e-01 2.880163e+00
395 5.652738e-09 7.435510e-01 2.855581e+00
396 6.051295e-09 7.050679e-02 2.872046e+00
397 4.599129e-09 2.399760e-01 2.839105e+00
398 4.312442e-09 6.233511e-02 2.816174e+00
399 4.148755e-09 3.795703e-02 2.832056e+00
400 4.095922e-09 1.273447e-02 2.911738e+00
401 4.673808e-09 1.410881e-01 2.855613e+00
402 4.429280e-09 5.231873e-02 3.015583e+00
403 3.664109e-09 1.727530e-01 2.903455e+00
404 3.497363e-09 4.550785e-02 3.015687e+00
405 4.582842e-09 3.103707e-01 2.888570e+00
406 3.161070e-09 3.102381e-01 2.854120e+00
407 2.942792e-09 6.905189e-02 2.887629e+00
408 3.126351e-09 6.237574e-02 2.967609e+00
409 3.368352e-09 7.740692e-02 2.904218e+00
410 2.500393e-09 2.576808e-01 2.944075e+00
411 2.749011e-09 9.943186e-02 2.855791e+00
412 2.580155e-09 6.142432e-02 2.911603e+00
413 2.337593e-09 9.401075e-02 2.975634e+00
414 1.855354e-09 2.062972e-01 2.871774e+00
415 1.828001e-09 1.474292e-02 2.871552e+00
416 1.998299e-09 9.316080e-02 3.239488e+00
417 2.042356e-09 2.204752e-02 3.175855e+00
418 1.631354e-09 2.012391e-01 3.167109e+00
419 2.103847e-09 2.896324e-01 2.783309e+00
420 1.865535e-09 1.132744e-01 2.896120e+00
421 2.168421e-09 1.623589e-01 2.839525e+00
422 1.404480e-09 3.523029e-01 2.824230e+00
423 1.384870e-09 1.396253e-02 2.975349e+00
424 1.681659e-09 2.143084e-01 2.808021e+00
425 1.396159e-09 1.697732e-01 2.797101e+00
426 1.047138e-09 2.499862e-01 2.648350e+00
427 1.384937e-09 3.225920e-01 2.751292e+00
428 1.699571e-09 2.271829e-01 2.655539e+00
429 1.343901e-09 2.092701e-01 2.688566e+00
430 1.131709e-09 1.578928e-01 2.926933e+00
431 1.207278e-09 6.677423e-02 2.991369e+00
432 1.277997e-09 5.857731e-02 3.185366e+00
433 1.167920e-09 8.613256e-02 2.815949e+00
434 9.712144e-10 1.684238e-01 2.671769e+00
435 1.095877e-09 1.283573e-01 2.759069e+00
436 8.735046e-10 2.029173e-01 2.679485e+00
437 1.168384e-09 3.375816e-01 2.541997e+00
438 1.400783e-09 1.989069e-01 2.887551e+00
439 1.218030e-09 1.304650e-01 2.711987e+00
440 1.123410e-09 7.768289e-02 2.711493e+00
441 9.525519e-10 1.520887e-01 2.712589e+00
442 8.229271e-10 1.360817e-01 2.662921e+00
443 1.013294e-09 2.313287e-01 2.656388e+00
444 1.000879e-09 1.225132e-02 2.583466e+00
445 1.401641e-09 4.004097e-01 2.623676e+00
446 1.037969e-09 2.594617e-01 2.640117e+00
447 8.381258e-10 1.925330e-01 2.647729e+00
448 1.037761e-09 2.381925e-01 2.744101e+00
449 8.230417e-10 2.069063e-01 2.759527e+00
450 1.057119e-09 2.844045e-01 2.831675e+00
451 9.592119e-10 9.261646e-02 2.807604e+00
452 7.654131e-10 2.020397e-01 2.872339e+00
453 6.951101e-10 9.184973e-02 2.823370e+00
454 7.545249e-10 8.547539e-02 2.783975e+00
455 6.154357e-10 1.843401e-01 2.527457e+00
456 5.575633e-10 9.403480e-02 2.679862e+00
457 7.073699e-10 2.686809e-01 2.744108e+00
458 7.177964e-10 1.473972e-02 2.495307e+00
459 4.968995e-10 3.077431e-01 2.504014e+00
460 7.611457e-10 5.317900e-01 2.543669e+00
461 6.091544e-10 1.996875e-01 2.583920e+00
462 6.583397e-10 8.074361e-02 2.415597e+00
463 5.144708e-10 2.185329e-01 2.599900e+00
464 4.663294e-10 9.357456e-02 2.527440e+00
465 5.094174e-10 9.239815e-02 2.480031e+00
466 5.677627e-10 1.145334e-01 2.624111e+00
467 3.569037e-10 3.713858e-01 2.399044e+00
468 4.963729e-10 3.907754e-01 2.256606e+00
469 4.906647e-10 1.149984e-02 2.567306e+00
470 4.705276e-10 4.104048e-02 2.583699e+00
471 4.161205e-10 1.156301e-01 2.527248e+00
472 4.959271e-10 1.917873e-01 2.576023e+00
473 3.892303e-10 2.151461e-01 2.463451e+00
474 3.678408e-10 5.495347e-02 2.424114e+00
475 3.731147e-10 1.433743e-02 2.431819e+00
476 3.464464e-10 7.147461e-02 2.479505e+00
477 3.239011e-10 6.507586e-02 2.295876e+00
478 3.395348e-10 4.826694e-02 2.407452e+00
479 3.447069e-10 1.523285e-02 2.399888e+00
480 2.823103e-10 1.810136e-01 2.415551e+00
481 3.689929e-10 3.070475e-01 2.431939e+00
482 3.259107e-10 1.167562e-01 2.392073e+00
483 3.272767e-10 4.191047e-03 2.447843e+00
484 3.279789e-10 2.145634e-03 2.551541e+00
485 2.802460e-10 1.455363e-01 2.424286e+00
486 2.178363e-10 2.226962e-01 2.614976e+00
487 3.222608e-10 4.793713e-01 2.368096e+00
488 3.072712e-10 4.651378e-02 2.375921e+00
489 3.720919e-10 2.109560e-01 2.399705e+00
490 2.730980e-10 2.660470e-01 2.366714e+00
491 3.220817e-10 1.793631e-01 2.430864e+00
492 2.315322e-10 2.811382e-01 2.415945e+00
493 2.250712e-10 2.790563e-02 2.391776e+00
494 2.167302e-10 3.705936e-02 2.383048e+00
495 1.914350e-10 1.167129e-01 2.320727e+00
496 1.673742e-10 1.256863e-01 2.343147e+00
497 1.778276e-10 6.245535e-02 2.392390e+00
498 1.552994e-10 1.266856e-01 2.479921e+00
499 1.579842e-10 1.728751e-02 2.470523e+00
500 1.440597e-10 8.813875e-02 2.423789e+00
501 2.182076e-10 5.147028e-01 2.375618e+00
502 1.571053e-10 2.800189e-01 2.392353e+00
503 2.064071e-10 3.138136e-01 2.495320e+00
504 1.446375e-10 2.992610e-01 2.399978e+00
505 1.853132e-10 2.812250e-01 2.592195e+00
506 1.716508e-10 7.372602e-02 2.519629e+00
507 1.344262e-10 2.168621e-01 2.375673e+00
508 1.209128e-10 1.005266e-01 2.408044e+00
509 1.245857e-10 3.037593e-02 2.375145e+00
510 1.394223e-10 1.190873e-01 2.455897e+00
511 1.034579e-10 2.579527e-01 2.407409e+00
512 1.134605e-10 9.668236e-02 2.367634e+00
513 9.577195e-11 1.559003e-01 2.439886e+00
