1 9.939323e-01 1.000000e+00 3.815438e+00
2 9.929581e-01 9.801354e-04 3.951410e+00
3 9.927790e-01 1.804073e-04 4.143873e+00
4 9.926967e-01 8.284872e-05 4.133964e+00
5 9.926575e-01 3.955741e-05 4.135544e+00
6 9.926175e-01 4.022239e-05 3.847493e+00
7 9.925960e-01 2.166671e-05 4.070844e+00
8 9.925308e-01 6.571081e-05 3.784437e+00
9 9.925249e-01 5.946476e-06 3.663582e+00
10 9.925314e-01 6.598774e-06 3.600441e+00
11 9.925102e-01 2.136659e-05 3.687985e+00
12 9.924848e-01 2.559365e-05 3.751379e+00
13 9.924990e-01 1.425566e-05 3.877673e+00
14 9.924509e-01 4.845924e-05 3.862772e+00
15 9.924609e-01 1.004632e-05 4.252530e+00
16 9.924504e-01 1.052636e-05 3.703542e+00
17 9.924501e-01 3.175864e-07 3.647856e+00
18 9.924338e-01 1.641993e-05 3.631982e+00
19 9.924333e-01 4.585825e-07 3.743336e+00
20 9.924255e-01 7.945430e-06 3.711746e+00
21 9.924190e-01 6.551974e-06 3.719762e+00
22 9.924172e-01 1.734080e-06 3.680591e+00
23 9.924249e-01 7.733909e-06 3.790930e+00
24 9.924188e-01 6.110854e-06 3.999853e+00
25 9.924143e-01 4.585719e-06 4.056022e+00
26 9.924012e-01 1.314843e-05 3.910757e+00
27 9.924018e-01 6.067301e-07 3.664224e+00
28 9.923978e-01 4.109508e-06 3.735299e+00
29 9.923972e-01 5.329985e-07 3.783216e+00
30 9.923923e-01 5.007070e-06 3.701944e+00
31 9.923876e-01 4.721414e-06 3.647977e+00
32 9.923902e-01 2.602460e-06 3.695944e+00
33 9.923874e-01 2.759652e-06 3.679288e+00
34 9.923833e-01 4.130660e-06 3.639912e+00
35 9.923812e-01 2.130786e-06 3.847397e+00
36 9.923791e-01 2.097985e-06 3.895658e+00
37 9.923852e-01 6.091631e-06 3.679288e+00
38 9.914217e-01 9.708501e-04 4.135064e+00
39 9.905381e-01 8.913199e-04 4.455669e+00
40 9.905353e-01 2.819551e-06 3.719242e+00
41 9.905428e-01 7.584638e-06 3.751336e+00
42 9.905334e-01 9.466778e-06 3.824170e+00
43 9.905332e-01 1.649123e-07 3.662080e+00
44 9.905306e-01 2.664753e-06 3.647421e+00
45 9.905307e-01 1.334469e-07 3.831604e+00
46 9.905385e-01 7.831835e-06 3.712061e+00
47 9.905355e-01 3.014022e-06 3.646922e+00
48 9.905306e-01 4.953286e-06 3.775270e+00
49 9.905284e-01 2.246882e-06 3.607159e+00
50 9.885378e-01 2.009567e-03 3.704405e+00
51 9.882883e-01 2.524036e-04 3.942433e+00
52 9.882771e-01 1.137454e-05 3.775998e+00
53 9.882723e-01 4.849491e-06 3.695779e+00
54 9.882659e-01 6.448924e-06 3.703815e+00
55 9.804074e-01 7.951842e-03 4.143462e+00
56 9.804463e-01 3.965196e-05 3.855788e+00
57 9.804198e-01 2.693511e-05 3.647253e+00
58 9.803561e-01 6.498284e-05 3.688308e+00
59 9.803414e-01 1.500184e-05 3.719639e+00
60 9.802601e-01 8.296898e-05 5.015194e+00
61 9.800841e-01 1.795256e-04 4.064030e+00
62 9.762964e-01 3.864640e-03 3.631305e+00
63 9.762808e-01 1.599209e-05 3.583787e+00
64 9.755971e-01 7.002874e-04 3.908339e+00
65 9.735951e-01 2.052072e-03 3.839850e+00
66 9.682809e-01 5.458413e-03 3.864009e+00
67 9.682462e-01 3.583796e-05 3.709914e+00
68 9.452328e-01 2.376811e-02 3.660900e+00
69 9.428441e-01 2.527052e-03 3.727765e+00
70 9.427187e-01 1.330600e-04 3.655888e+00
71 9.426748e-01 4.651529e-05 3.671570e+00
72 8.030618e-01 1.481031e-01 3.703144e+00
73 8.027003e-01 4.501701e-04 3.695509e+00
74 8.024956e-01 2.550127e-04 3.728242e+00
75 8.025166e-01 2.624371e-05 3.863233e+00
76 8.024564e-01 7.498624e-05 3.759960e+00
77 8.024171e-01 4.901186e-05 3.725637e+00
78 8.024053e-01 1.470660e-05 3.688249e+00
79 8.024181e-01 1.599392e-05 3.647157e+00
80 8.023852e-01 4.101229e-05 3.664463e+00
81 8.023921e-01 8.568105e-06 3.711099e+00
82 8.023919e-01 2.143643e-07 3.712279e+00
83 8.015938e-01 9.947257e-04 3.935703e+00
84 8.015811e-01 1.581501e-05 3.806926e+00
85 7.998374e-01 2.175369e-03 3.656226e+00
86 7.998317e-01 7.097127e-06 3.742206e+00
87 6.668522e-01 1.662594e-01 3.711711e+00
88 6.001927e-01 9.996141e-02 3.640263e+00
89 6.001729e-01 3.292525e-05 3.663444e+00
90 6.000953e-01 1.293289e-04 3.687838e+00
91 6.000389e-01 9.401873e-05 3.687833e+00
92 2.987260e-01 5.021557e-01 3.663135e+00
93 2.975788e-01 3.840189e-03 3.783639e+00
94 1.004470e-01 6.624523e-01 3.807691e+00
95 1.003189e-01 1.275670e-03 4.107890e+00
96 3.869058e-02 6.143242e-01 3.621683e+00
97 3.855487e-02 3.507581e-03 3.695850e+00
98 3.856918e-02 3.710120e-04 3.710655e+00
99 8.212427e-03 7.870728e-01 3.671399e+00
100 7.872928e-03 4.133970e-02 3.656147e+00
101 2.474304e-03 6.857200e-01 3.639640e+00
102 2.423204e-03 2.065200e-02 3.687279e+00
103 1.197015e-03 5.060200e-01 3.648074e+00
104 1.111406e-03 7.151825e-02 3.735557e+00
105 2.412153e-04 7.829639e-01 4.398908e+00
106 4.833297e-04 1.003728e+00 4.044549e+00
107 5.081711e-05 8.948604e-01 3.776713e+00
108 4.109308e-05 1.913534e-01 3.767375e+00
109 3.435086e-05 1.640718e-01 3.695410e+00
110 2.830441e-05 1.760203e-01 3.799971e+00
111 3.025989e-05 6.908718e-02 3.655328e+00
112 3.870994e-05 2.792494e-01 3.639581e+00
113 2.725205e-05 2.959936e-01 3.720122e+00
114 2.313216e-05 1.511772e-01 3.687870e+00
115 2.300797e-05 5.368539e-03 3.630999e+00
116 1.762031e-05 2.341650e-01 3.735934e+00
117 1.697387e-05 3.668728e-02 3.672059e+00
118 1.615109e-05 4.847309e-02 3.695562e+00
119 1.637528e-05 1.388039e-02 3.648216e+00
120 1.401239e-05 1.442963e-01 3.662978e+00
121 1.312753e-05 6.314815e-02 3.848262e+00
122 1.200300e-05 8.566213e-02 3.727813e+00
123 1.479666e-05 2.327469e-01 3.767110e+00
124 1.259142e-05 1.490359e-01 3.736139e+00
125 9.311005e-06 2.605281e-01 3.623423e+00
126 1.584766e-05 7.020349e-01 3.623992e+00
127 1.461991e-05 7.747151e-02 3.624023e+00
128 1.286595e-05 1.199708e-01 4.359411e+00
129 1.516795e-05 1.789217e-01 3.942972e+00
130 1.133508e-05 2.526953e-01 3.863626e+00
131 1.131505e-05 1.766642e-03 3.791270e+00
132 1.184662e-05 4.697836e-02 3.655794e+00
133 9.109541e-06 2.310428e-01 3.743911e+00
134 1.088776e-05 1.952039e-01 3.647277e+00
135 1.035177e-05 4.922851e-02 3.648301e+00
136 8.349809e-06 1.933932e-01 3.638774e+00
137 1.183384e-05 4.172589e-01 3.639833e+00
138 8.769393e-06 2.589563e-01 3.727792e+00
139 1.016018e-05 1.585952e-01 3.663493e+00
140 1.138324e-05 1.203777e-01 3.848240e+00
141 8.535995e-06 2.501258e-01 3.726838e+00
142 9.932185e-06 1.635650e-01 3.696158e+00
143 1.192593e-05 2.007362e-01 4.118085e+00
144 1.090855e-05 8.530862e-02 4.016299e+00
145 1.193097e-05 9.372615e-02 3.702460e+00
146 1.066387e-05 1.062020e-01 3.751032e+00
147 1.167419e-05 9.474218e-02 3.736190e+00
148 1.064834e-05 8.787340e-02 3.703916e+00
149 9.648649e-06 9.388248e-02 3.655176e+00
150 8.247694e-06 1.451970e-01 3.743011e+00
151 8.261690e-06 1.696959e-03 3.631505e+00
152 8.051904e-06 2.539263e-02 3.640168e+00
153 7.954320e-06 1.211930e-02 3.711729e+00
154 1.067772e-05 3.423795e-01 3.748729e+00
155 7.796562e-06 2.698287e-01 3.847326e+00
156 7.267365e-06 6.787571e-02 3.927516e+00
157 8.823428e-06 2.141166e-01 3.679685e+00
158 7.215483e-06 1.822358e-01 3.654585e+00
159 6.292850e-06 1.278685e-01 3.695092e+00
160 6.494612e-06 3.206202e-02 3.640484e+00
161 7.903189e-06 2.168840e-01 3.751076e+00
162 8.844347e-06 1.190859e-01 3.662401e+00
163 7.472412e-06 1.551200e-01 3.592072e+00
164 6.222401e-06 1.672835e-01 3.647299e+00
165 6.183041e-06 6.325604e-03 3.568050e+00
166 7.387807e-06 1.948501e-01 3.583198e+00
167 7.873819e-06 6.578566e-02 3.655229e+00
168 8.535847e-06 8.407971e-02 3.704044e+00
169 5.899695e-06 3.088331e-01 3.759129e+00
170 8.235526e-06 3.959240e-01 3.815941e+00
171 5.076494e-06 3.835859e-01 3.751781e+00
172 6.120039e-06 2.055641e-01 3.744435e+00
173 7.678312e-06 2.546180e-01 3.590270e+00
174 6.916674e-06 9.919337e-02 3.656361e+00
175 6.214928e-06 1.014571e-01 3.727440e+00
176 5.428583e-06 1.265252e-01 3.976131e+00
177 5.201825e-06 4.177121e-02 4.012462e+00
178 3.889558e-06 2.522704e-01 4.014004e+00
179 5.619267e-06 4.447058e-01 3.703968e+00
180 5.688107e-06 1.225073e-02 3.623349e+00
181 3.818460e-06 3.286941e-01 3.792254e+00
182 4.372587e-06 1.451179e-01 3.736017e+00
183 5.917324e-06 3.532777e-01 3.671178e+00
184 5.130657e-06 1.329431e-01 3.663994e+00
185 4.963075e-06 3.266290e-02 3.719934e+00
186 3.409989e-06 3.129281e-01 3.735233e+00
187 5.153683e-06 5.113487e-01 3.904248e+00
188 5.494482e-06 6.612738e-02 4.007063e+00
189 5.144151e-06 6.376048e-02 3.719654e+00
190 5.074931e-06 1.345623e-02 3.631241e+00
191 5.351669e-06 5.453045e-02 3.687024e+00
192 4.970209e-06 7.127865e-02 3.608208e+00
193 5.330735e-06 7.253739e-02 3.663743e+00
194 4.706881e-06 1.170297e-01 3.695512e+00
195 5.259557e-06 1.174189e-01 3.655792e+00
196 4.502100e-06 1.440155e-01 3.671385e+00
197 5.190365e-06 1.528767e-01 3.655296e+00
198 5.641198e-06 8.685956e-02 4.175734e+00
199 3.132791e-06 4.446586e-01 4.582843e+00
200 3.363077e-06 7.350826e-02 3.679739e+00
201 2.994560e-06 1.095771e-01 3.783830e+00
202 4.093121e-06 3.668520e-01 3.743480e+00
203 4.279525e-06 4.554088e-02 3.847832e+00
204 4.207686e-06 1.678669e-02 3.735188e+00
205 4.297429e-06 2.132839e-02 3.718026e+00
206 4.195422e-06 2.373679e-02 3.672436e+00
207 4.304708e-06 2.604876e-02 3.695272e+00
208 4.155721e-06 3.461017e-02 3.847051e+00
209 4.294345e-06 3.335729e-02 3.871892e+00
210 4.109374e-06 4.307314e-02 4.328421e+00
211 4.262951e-06 3.737253e-02 3.847528e+00
212 4.228010e-06 8.196602e-03 3.935913e+00
213 3.459157e-06 1.818474e-01 3.782155e+00
214 3.586515e-06 3.681763e-02 3.782799e+00
215 3.735409e-06 4.151493e-02 3.775767e+00
216 3.864154e-06 3.446613e-02 3.799948e+00
217 4.066918e-06 5.247299e-02 3.775684e+00
218 3.959824e-06 2.633298e-02 3.791202e+00
219 3.986029e-06 6.617875e-03 3.863249e+00
220 2.999929e-06 2.473890e-01 3.664062e+00
221 3.822165e-06 2.740852e-01 3.903923e+00
222 3.652557e-06 4.437509e-02 3.727303e+00
223 3.602875e-06 1.360194e-02 3.735937e+00
224 3.535615e-06 1.866841e-02 3.784148e+00
225 3.765204e-06 6.493607e-02 3.999476e+00
226 3.149036e-06 1.636480e-01 3.783178e+00
227 3.321439e-06 5.474804e-02 3.744669e+00
228 1.972579e-06 4.061071e-01 3.799022e+00
229 2.256921e-06 1.441473e-01 3.664121e+00
230 2.467709e-06 9.339620e-02 3.695250e+00
231 2.190042e-06 1.125201e-01 3.792033e+00
232 2.276565e-06 3.950729e-02 3.695884e+00
233 2.857254e-06 2.550724e-01 3.727181e+00
234 2.768636e-06 3.101492e-02 3.743004e+00
235 3.741582e-06 3.514170e-01 3.791974e+00
236 4.081425e-06 9.082854e-02 3.831757e+00
237 3.385966e-06 1.703961e-01 3.671520e+00
238 2.765544e-06 1.832334e-01 3.695305e+00
239 3.016128e-06 9.060954e-02 3.648112e+00
240 3.790021e-06 2.565847e-01 3.791105e+00
241 2.858209e-06 2.458592e-01 3.744424e+00
242 2.689306e-06 5.909399e-02 3.743648e+00
243 2.815263e-06 4.683636e-02 3.823239e+00
244 3.234752e-06 1.490051e-01 3.800177e+00
245 3.215018e-06 6.100763e-03 3.783483e+00
246 2.977517e-06 7.387214e-02 3.855079e+00
247 2.486514e-06 1.649037e-01 4.079392e+00
248 2.526923e-06 1.625126e-02 3.799667e+00
249 1.643440e-06 3.496278e-01 3.782823e+00
250 2.747221e-06 6.716280e-01 3.878551e+00
251 2.937459e-06 6.924765e-02 3.823729e+00
252 2.790149e-06 5.014889e-02 3.871575e+00
253 2.864432e-06 2.662335e-02 3.824400e+00
254 2.823096e-06 1.443068e-02 3.767926e+00
255 2.880872e-06 2.046520e-02 3.743674e+00
256 2.826551e-06 1.885556e-02 3.751515e+00
257 2.886814e-06 2.132035e-02 3.751912e+00
258 3.168993e-06 9.774738e-02 3.831381e+00
259 2.500989e-06 2.107936e-01 4.095466e+00
260 2.489121e-06 4.745656e-03 3.863792e+00
261 2.597436e-06 4.351533e-02 3.847253e+00
262 2.615923e-06 7.117528e-03 3.823002e+00
263 2.622001e-06 2.323716e-03 3.799787e+00
264 2.617530e-06 1.705552e-03 3.831779e+00
265 2.609578e-06 3.037617e-03 3.735812e+00
266 2.749368e-06 5.356780e-02 3.886372e+00
267 2.605961e-06 5.215999e-02 3.800164e+00
268 2.840935e-06 9.016799e-02 3.887652e+00
269 2.364606e-06 1.676664e-01 3.847821e+00
270 1.373476e-06 4.191522e-01 3.935051e+00
271 2.174458e-06 5.831787e-01 3.847448e+00
272 2.395729e-06 1.017591e-01 3.911736e+00
273 2.012159e-06 1.601059e-01 3.727368e+00
274 1.871242e-06 7.003250e-02 3.824227e+00
275 3.153354e-06 6.851660e-01 3.711122e+00
276 2.617561e-06 1.699118e-01 3.695531e+00
277 2.594687e-06 8.738774e-03 3.751383e+00
278 1.714084e-06 3.393869e-01 3.919421e+00
279 2.183762e-06 2.740105e-01 3.776445e+00
280 1.724595e-06 2.102642e-01 3.815508e+00
281 1.799610e-06 4.349708e-02 3.767842e+00
282 2.064519e-06 1.472037e-01 3.821335e+00
283 2.049560e-06 7.245517e-03 3.735742e+00
284 2.150073e-06 4.904088e-02 3.983379e+00
285 1.645827e-06 2.345251e-01 3.855525e+00
286 1.688458e-06 2.590285e-02 3.791744e+00
287 1.511530e-06 1.047871e-01 3.759560e+00
288 1.995691e-06 3.203123e-01 3.783629e+00
289 1.455930e-06 2.704631e-01 3.728267e+00
290 1.571958e-06 7.969290e-02 3.791327e+00
291 1.566268e-06 3.619698e-03 3.871324e+00
292 2.123352e-06 3.556766e-01 4.048550e+00
293 2.026941e-06 4.540539e-02 4.127232e+00
294 1.655124e-06 1.834372e-01 3.887177e+00
295 1.396635e-06 1.561749e-01 3.767699e+00
296 1.542170e-06 1.042034e-01 3.736326e+00
297 1.769960e-06 1.477080e-01 3.719540e+00
298 1.216004e-06 3.129764e-01 3.759012e+00
299 1.380302e-06 1.351127e-01 3.759763e+00
300 2.045987e-06 4.822748e-01 3.744187e+00
301 1.849665e-06 9.595485e-02 3.831649e+00
302 1.573049e-06 1.495491e-01 3.767805e+00
303 1.597925e-06 1.581410e-02 4.118763e+00
304 1.698938e-06 6.321522e-02 4.064126e+00
305 1.589353e-06 6.450231e-02 3.799109e+00
306 1.621560e-06 2.026428e-02 3.798994e+00
307 2.331992e-06 4.381163e-01 3.744347e+00
308 1.891389e-06 1.889384e-01 3.735513e+00
309 1.598862e-06 1.546627e-01 3.783884e+00
310 1.464816e-06 8.383839e-02 3.719315e+00
311 1.401726e-06 4.307041e-02 3.752091e+00
312 1.327727e-06 5.279141e-02 4.063329e+00
313 1.157507e-06 1.282038e-01 3.743134e+00
314 1.623527e-06 4.026066e-01 3.758799e+00
315 1.284406e-06 2.088791e-01 3.863613e+00
316 1.019239e-06 2.064511e-01 3.774185e+00
317 1.199252e-06 1.766151e-01 3.799653e+00
318 8.990551e-07 2.503203e-01 3.798589e+00
319 1.333547e-06 4.832766e-01 3.933880e+00
320 1.179645e-06 1.154079e-01 3.734950e+00
321 1.244854e-06 5.527824e-02 3.727836e+00
322 1.355593e-06 8.895747e-02 3.687915e+00
323 1.042417e-06 2.310252e-01 3.815292e+00
324 1.326384e-06 2.724123e-01 3.711040e+00
325 1.071240e-06 1.923609e-01 3.623821e+00
326 1.004499e-06 6.230201e-02 3.773492e+00
327 1.642778e-06 6.354196e-01 3.725803e+00
328 1.317969e-06 1.977190e-01 4.031345e+00
329 1.177585e-06 1.065159e-01 3.963908e+00
330 8.755072e-07 2.565229e-01 3.807934e+00
331 9.764141e-07 1.152554e-01 3.813713e+00
332 1.156974e-06 1.849215e-01 3.807762e+00
333 1.263394e-06 9.198095e-02 3.719196e+00
334 1.375472e-06 8.871214e-02 3.824077e+00
335 9.904835e-07 2.798955e-01 3.711517e+00
336 1.057151e-06 6.730835e-02 3.751681e+00
337 1.195558e-06 1.309245e-01 3.671937e+00
338 1.020388e-06 1.465179e-01 3.607107e+00
339 7.751412e-07 2.403463e-01 3.846428e+00
340 7.984977e-07 3.013194e-02 3.916881e+00
341 8.524435e-07 6.755907e-02 3.640040e+00
342 1.435822e-06 6.843606e-01 3.735697e+00
343 1.108367e-06 2.280612e-01 3.702898e+00
344 1.051966e-06 5.088610e-02 3.647830e+00
345 1.315741e-06 2.507441e-01 3.696092e+00
346 8.410158e-07 3.608044e-01 3.631938e+00
347 9.014161e-07 7.181820e-02 3.663088e+00
348 7.182294e-07 2.032210e-01 3.605576e+00
349 9.562448e-07 3.313919e-01 3.496083e+00
350 9.130172e-07 4.520562e-02 3.839444e+00
351 6.519799e-07 2.859062e-01 3.759176e+00
352 1.002948e-06 5.383120e-01 3.866459e+00
353 8.404886e-07 1.619822e-01 3.647228e+00
354 8.028221e-07 4.481500e-02 3.535804e+00
355 6.729466e-07 1.617737e-01 3.615808e+00
356 9.114222e-07 3.543752e-01 3.679042e+00
357 7.830478e-07 1.408507e-01 3.727413e+00
358 1.091632e-06 3.940803e-01 3.711820e+00
359 8.594598e-07 2.126832e-01 3.679408e+00
360 1.003657e-06 1.677768e-01 3.663160e+00
361 8.259748e-07 1.770350e-01 3.591781e+00
362 5.370073e-07 3.498502e-01 3.592488e+00
363 9.833174e-07 8.311062e-01 3.742056e+00
364 1.248159e-06 2.693351e-01 3.607771e+00
365 5.049650e-07 5.954322e-01 3.770594e+00
366 8.293049e-07 6.423016e-01 3.616356e+00
367 1.055756e-06 2.730620e-01 3.631152e+00
368 7.456843e-07 2.936967e-01 3.583820e+00
369 7.259970e-07 2.640168e-02 3.639860e+00
370 6.613496e-07 8.904629e-02 3.608195e+00
371 5.770801e-07 1.274205e-01 3.615716e+00
372 7.044177e-07 2.206584e-01 3.583263e+00
373 8.256874e-07 1.721559e-01 3.648223e+00
374 7.151107e-07 1.339208e-01 3.535196e+00
375 8.811891e-07 2.322416e-01 3.550912e+00
376 9.480693e-07 7.589769e-02 3.655320e+00
377 7.532413e-07 2.054998e-01 3.623957e+00
378 8.332236e-07 1.061842e-01 3.574744e+00
379 5.547479e-07 3.342149e-01 3.520135e+00
380 8.308951e-07 4.977886e-01 3.591703e+00
381 7.469039e-07 1.010852e-01 3.583050e+00
382 6.716685e-07 1.007298e-01 3.552351e+00
383 6.173808e-07 8.082512e-02 3.599284e+00
384 7.789579e-07 2.617138e-01 3.600567e+00
385 8.595302e-07 1.034361e-01 3.710968e+00
386 8.003814e-07 6.881526e-02 3.791984e+00
387 6.306512e-07 2.120617e-01 3.559111e+00
388 5.082903e-07 1.940230e-01 3.790887e+00
389 6.127779e-07 2.055668e-01 3.599967e+00
390 6.984280e-07 1.397735e-01 3.590037e+00
391 9.382769e-07 3.434125e-01 3.623875e+00
392 7.063754e-07 2.471568e-01 3.557738e+00
393 7.302504e-07 3.379927e-02 3.535774e+00
394 7.990172e-07 9.416885e-02 3.623808e+00
395 6.375530e-07 2.020785e-01 3.576261e+00
396 9.911890e-07 5.546770e-01 3.751002e+00
397 5.627572e-07 4.322403e-01 3.775835e+00
398 6.128813e-07 8.906891e-02 3.687729e+00
399 4.334274e-07 2.928037e-01 3.526899e+00
400 7.949355e-07 8.340684e-01 3.550939e+00
401 6.633199e-07 1.655676e-01 3.519535e+00
402 6.981619e-07 5.252665e-02 3.680333e+00
403 6.905469e-07 1.090714e-02 3.565624e+00
404 6.109858e-07 1.152147e-01 3.599937e+00
405 9.637888e-07 5.774324e-01 3.663404e+00
406 4.293606e-07 5.545075e-01 3.735836e+00
407 4.777605e-07 1.127254e-01 3.599648e+00
408 5.713411e-07 1.958736e-01 3.423386e+00
409 4.343893e-07 2.397023e-01 3.456248e+00
410 4.452746e-07 2.505870e-02 3.350714e+00
411 3.588386e-07 1.941183e-01 3.447686e+00
412 7.039958e-07 9.618729e-01 3.384047e+00
413 5.697523e-07 1.906880e-01 3.310895e+00
414 6.701787e-07 1.762634e-01 3.263783e+00
415 5.883605e-07 1.220842e-01 3.263669e+00
416 3.971551e-07 3.249799e-01 3.328584e+00
417 6.898171e-07 7.368958e-01 3.278829e+00
418 8.495356e-07 2.315376e-01 3.295715e+00
419 6.358723e-07 2.515061e-01 3.320286e+00
420 6.938516e-07 9.118076e-02 3.254890e+00
421 5.183209e-07 2.529801e-01 3.360054e+00
422 4.184381e-07 1.927046e-01 3.375883e+00
423 4.706339e-07 1.247396e-01 3.383751e+00
424 5.014594e-07 6.549792e-02 3.247918e+00
425 5.378382e-07 7.254587e-02 3.295231e+00
426 6.352970e-07 1.812047e-01 3.311600e+00
427 8.204617e-07 2.914615e-01 3.416066e+00
428 5.975770e-07 2.716577e-01 3.472261e+00
429 5.837135e-07 2.319956e-02 3.552969e+00
430 4.739288e-07 1.880797e-01 3.367592e+00
431 3.535792e-07 2.539403e-01 3.207735e+00
432 5.968097e-07 6.879096e-01 3.246796e+00
433 5.107157e-07 1.442570e-01 3.199774e+00
434 4.962744e-07 2.827661e-02 3.381790e+00
435 4.824361e-07 2.788445e-02 3.415554e+00
436 3.090486e-07 3.594000e-01 3.231979e+00
437 6.118727e-07 9.798593e-01 3.232076e+00
438 7.549205e-07 2.337869e-01 3.287376e+00
439 4.565774e-07 3.951980e-01 3.383052e+00
440 4.998525e-07 9.478152e-02 3.440386e+00
441 4.346340e-07 1.304755e-01 3.905533e+00
442 6.327016e-07 4.557113e-01 3.367250e+00
443 5.039125e-07 2.035543e-01 3.303539e+00
444 4.641810e-07 7.884591e-02 3.296416e+00
445 5.778655e-07 2.449141e-01 3.263148e+00
446 3.986208e-07 3.101841e-01 3.256005e+00
447 3.161046e-07 2.070043e-01 3.279960e+00
448 5.386424e-07 7.040005e-01 3.279515e+00
449 5.172743e-07 3.967025e-02 3.376121e+00
450 4.247590e-07 1.788515e-01 3.287595e+00
451 4.915294e-07 1.571958e-01 3.359501e+00
452 4.542923e-07 7.575765e-02 3.407495e+00
453 4.146907e-07 8.717203e-02 4.159391e+00
454 4.728267e-07 1.401913e-01 3.336017e+00
455 5.333115e-07 1.279216e-01 3.447754e+00
456 3.872675e-07 2.738437e-01 3.271350e+00
457 6.053702e-07 5.631834e-01 3.312145e+00
458 5.079405e-07 1.609423e-01 3.319601e+00
459 5.253457e-07 3.426620e-02 3.287623e+00
460 5.726757e-07 9.009312e-02 3.311826e+00
461 5.160241e-07 9.892447e-02 3.296563e+00
462 3.964822e-07 2.316595e-01 3.245249e+00
463 6.826568e-07 7.217841e-01 3.295555e+00
464 5.058587e-07 2.589853e-01 4.240429e+00
465 4.190847e-07 1.715381e-01 3.660059e+00
466 4.008199e-07 4.358249e-02 3.311405e+00
467 5.070534e-07 2.650403e-01 3.336128e+00
468 4.005154e-07 2.101120e-01 3.319504e+00
469 2.672821e-07 3.326545e-01 3.375971e+00
470 4.976568e-07 8.619157e-01 3.271998e+00
471 5.499274e-07 1.050335e-01 3.287723e+00
472 4.372944e-07 2.048144e-01 3.333757e+00
473 2.242506e-07 4.871861e-01 3.335749e+00
474 3.858359e-07 7.205566e-01 3.359756e+00
475 2.059029e-07 4.663460e-01 3.327495e+00
476 5.121096e-07 1.487141e+00 3.414094e+00
477 5.139242e-07 3.543530e-03 3.376379e+00
478 4.257296e-07 1.716102e-01 3.383629e+00
479 2.053197e-07 5.177228e-01 3.431155e+00
480 4.810670e-07 1.343015e+00 3.543869e+00
481 3.901348e-07 1.890219e-01 3.687877e+00
482 3.773963e-07 3.265168e-02 3.359728e+00
483 4.555637e-07 2.071228e-01 3.311363e+00
484 3.318697e-07 2.715185e-01 3.343964e+00
485 3.587088e-07 8.087234e-02 3.327210e+00
486 2.986554e-07 1.674156e-01 3.359428e+00
487 5.364408e-07 7.961868e-01 3.431774e+00
488 3.780382e-07 2.952845e-01 3.368406e+00
489 1.886314e-07 5.010254e-01 3.399151e+00
490 4.066664e-07 1.155878e+00 3.343501e+00
491 3.598440e-07 1.151371e-01 3.350921e+00
492 2.845418e-07 2.092635e-01 3.623598e+00
493 3.902070e-07 3.713520e-01 3.587426e+00
494 3.406483e-07 1.270061e-01 3.400007e+00
495 3.087283e-07 9.370354e-02 3.327319e+00
496 4.044821e-07 3.101552e-01 3.359846e+00
497 2.761232e-07 3.173414e-01 3.382460e+00
498 3.167721e-07 1.472130e-01 3.359507e+00
499 3.027453e-07 4.428035e-02 3.383361e+00
500 3.641054e-07 2.026790e-01 3.414750e+00
501 3.216526e-07 1.165948e-01 3.496726e+00
502 2.321624e-07 2.782202e-01 3.414539e+00
503 3.780615e-07 6.284356e-01 3.439237e+00
504 3.167990e-07 1.620438e-01 3.335032e+00
505 3.106818e-07 1.930940e-02 3.332249e+00
506 2.970337e-07 4.392927e-02 3.279935e+00
507 2.828813e-07 4.764600e-02 3.215393e+00
508 5.085776e-07 7.978483e-01 3.327634e+00
509 3.196020e-07 3.715768e-01 3.317590e+00
510 3.355267e-07 4.982670e-02 3.255667e+00
511 3.238199e-07 3.489076e-02 3.280096e+00
512 3.160956e-07 2.385381e-02 3.463552e+00
513 3.660938e-07 1.581745e-01 3.423657e+00
514 2.582180e-07 2.946671e-01 3.312317e+00
515 3.208764e-07 2.426568e-01 3.295253e+00
516 2.282299e-07 2.887294e-01 3.304359e+00
517 4.206320e-07 8.430185e-01 3.279292e+00
518 3.235708e-07 2.307509e-01 3.327671e+00
519 2.787128e-07 1.386342e-01 3.470945e+00
520 3.609959e-07 2.952251e-01 3.424043e+00
521 2.637953e-07 2.692567e-01 3.631821e+00
522 2.408692e-07 8.690888e-02 3.335324e+00
523 2.882980e-07 1.969072e-01 3.343581e+00
524 3.238094e-07 1.231759e-01 3.351435e+00
525 2.853921e-07 1.186417e-01 3.344074e+00
526 3.030204e-07 6.176864e-02 3.343640e+00
527 2.461547e-07 1.876630e-01 3.399270e+00
528 4.230989e-07 7.188335e-01 3.328214e+00
529 3.415831e-07 1.926637e-01 3.367300e+00
530 3.069170e-07 1.014866e-01 3.360521e+00
531 2.594024e-07 1.548124e-01 3.351648e+00
532 2.760308e-07 6.410252e-02 3.448519e+00
533 3.149646e-07 1.410488e-01 3.550962e+00
534 2.307718e-07 2.673087e-01 3.455498e+00
535 3.838404e-07 6.632896e-01 3.360038e+00
536 1.672848e-07 5.641814e-01 3.359116e+00
537 4.052875e-07 1.422740e+00 3.384092e+00
538 2.652121e-07 3.456197e-01 3.343921e+00
539 3.222388e-07 2.150228e-01 3.391123e+00
540 2.576257e-07 2.005129e-01 3.272308e+00
541 2.789620e-07 8.281893e-02 3.335648e+00
542 3.198488e-07 1.465675e-01 3.333635e+00
543 2.459343e-07 2.310921e-01 3.287859e+00
544 2.496586e-07 1.514384e-02 4.103608e+00
545 3.125107e-07 2.517519e-01 3.503333e+00
546 2.655096e-07 1.503983e-01 3.553774e+00
547 2.828659e-07 6.536953e-02 3.319790e+00
548 2.797807e-07 1.090683e-02 3.471980e+00
549 1.770184e-07 3.672959e-01 3.455956e+00
550 2.088035e-07 1.795584e-01 3.431612e+00
551 2.239733e-07 7.265080e-02 3.367630e+00
552 2.288369e-07 2.171536e-02 3.487839e+00
553 1.543460e-07 3.255198e-01 3.447787e+00
554 2.960298e-07 9.179624e-01 3.471758e+00
555 2.976310e-07 5.409124e-03 3.391478e+00
556 2.018355e-07 3.218600e-01 3.391765e+00
557 2.026364e-07 3.968146e-03 3.335796e+00
558 1.363852e-07 3.269463e-01 3.367502e+00
559 2.845039e-07 1.086032e+00 3.287451e+00
560 2.593727e-07 8.833368e-02 3.335770e+00
561 2.577445e-07 6.277347e-03 3.287522e+00
562 2.368357e-07 8.112207e-02 3.287863e+00
563 1.948034e-07 1.774747e-01 3.311743e+00
564 1.478311e-07 2.411264e-01 3.520085e+00
565 2.612142e-07 7.669770e-01 3.391750e+00
566 3.235142e-07 2.385016e-01 3.622283e+00
567 2.011184e-07 3.783321e-01 3.287624e+00
568 1.907959e-07 5.132576e-02 3.294563e+00
569 1.844652e-07 3.318050e-02 3.351784e+00
570 2.041649e-07 1.067940e-01 3.477939e+00
571 1.337536e-07 3.448749e-01 3.264125e+00
572 2.410271e-07 8.020239e-01 3.335328e+00
573 2.820658e-07 1.702658e-01 3.303934e+00
574 2.280076e-07 1.916510e-01 3.415653e+00
575 2.138005e-07 6.230960e-02 3.310475e+00
576 2.204865e-07 3.127195e-02 3.359072e+00
577 1.751584e-07 2.055823e-01 3.464047e+00
578 2.770343e-07 5.816219e-01 3.934042e+00
579 2.123925e-07 2.333351e-01 3.320153e+00
580 1.980022e-07 6.775325e-02 3.254086e+00
581 2.007130e-07 1.369064e-02 3.263531e+00
582 1.068757e-07 4.675198e-01 3.312465e+00
583 2.616455e-07 1.448130e+00 3.415708e+00
584 2.733128e-07 4.459173e-02 3.383379e+00
585 2.373700e-07 1.315079e-01 3.320190e+00
586 1.917202e-07 1.923149e-01 3.279911e+00
587 2.929365e-07 5.279380e-01 3.327275e+00
588 1.979896e-07 3.241213e-01 3.303558e+00
589 2.228455e-07 1.255416e-01 3.575507e+00
590 1.643158e-07 2.626471e-01 3.447820e+00
591 1.757489e-07 6.958000e-02 4.013905e+00
592 1.688290e-07 3.937361e-02 3.240559e+00
593 2.073892e-07 2.283981e-01 3.344266e+00
594 2.587342e-07 2.475779e-01 3.406588e+00
595 2.036925e-07 2.127345e-01 3.327483e+00
596 2.189714e-07 7.500971e-02 3.351346e+00
597 2.318846e-07 5.897197e-02 3.278265e+00
598 1.747080e-07 2.465737e-01 3.256099e+00
599 1.438834e-07 1.764349e-01 3.247311e+00
600 1.366843e-07 5.003396e-02 3.248066e+00
601 1.548505e-07 1.329059e-01 3.264397e+00
602 1.621650e-07 4.723614e-02 3.327575e+00
603 1.042607e-07 3.570703e-01 3.319707e+00
604 2.020575e-07 9.380028e-01 3.320015e+00
605 1.978872e-07 2.063933e-02 3.343582e+00
606 1.779699e-07 1.006500e-01 3.351581e+00
607 1.270340e-07 2.862049e-01 3.295786e+00
608 1.911997e-07 5.051066e-01 3.327801e+00
609 1.891692e-07 1.061987e-02 3.415246e+00
610 1.551561e-07 1.798024e-01 3.456267e+00
611 1.426034e-07 8.090387e-02 3.526988e+00
612 2.445247e-07 7.147187e-01 3.320490e+00
613 1.801530e-07 2.632526e-01 3.255324e+00
614 1.619199e-07 1.012090e-01 3.312081e+00
615 1.930794e-07 1.924377e-01 3.262923e+00
616 1.812616e-07 6.120686e-02 3.279612e+00
617 1.542641e-07 1.489423e-01 3.304650e+00
618 1.024521e-07 3.358652e-01 3.262422e+00
619 1.065275e-07 3.977844e-02 3.318935e+00
620 1.238995e-07 1.630755e-01 3.391982e+00
621 9.770244e-08 2.114382e-01 3.359114e+00
622 1.999344e-07 1.046360e+00 3.352220e+00
623 1.986582e-07 6.383346e-03 3.279010e+00
624 1.638642e-07 1.751448e-01 3.288284e+00
625 1.073303e-07 3.450049e-01 3.279421e+00
626 1.936866e-07 8.045854e-01 3.255405e+00
627 1.437652e-07 2.577432e-01 3.327561e+00
628 1.155231e-07 1.964458e-01 4.211811e+00
629 1.278880e-07 1.070332e-01 3.875086e+00
630 1.191084e-07 6.865007e-02 3.327872e+00
631 1.666135e-07 3.988391e-01 3.391732e+00
632 1.302300e-07 2.183707e-01 3.439282e+00
633 7.963611e-08 3.884965e-01 3.312241e+00
634 1.587153e-07 9.930064e-01 3.351590e+00
635 1.530368e-07 3.577781e-02 3.399112e+00
636 1.272360e-07 1.685920e-01 3.559901e+00
637 1.235663e-07 2.884153e-02 3.319568e+00
638 1.353403e-07 9.528437e-02 3.319771e+00
639 1.195733e-07 1.164987e-01 3.287958e+00
640 1.148582e-07 3.943281e-02 3.263271e+00
641 1.145054e-07 3.071854e-03 3.336041e+00
642 7.087886e-08 3.809997e-01 3.327264e+00
643 1.787564e-07 1.521999e+00 3.296131e+00
644 1.475293e-07 1.746910e-01 3.327279e+00
645 6.541760e-08 5.565789e-01 3.375815e+00
646 1.539985e-07 1.354083e+00 3.559628e+00
647 1.233199e-07 1.992131e-01 3.581105e+00
648 1.408715e-07 1.423250e-01 3.335623e+00
649 1.407608e-07 7.852979e-04 3.359632e+00
650 6.995790e-08 5.030017e-01 3.328118e+00
651 1.418246e-07 1.027286e+00 3.255490e+00
652 1.594169e-07 1.240422e-01 3.375710e+00
653 1.135336e-07 2.878192e-01 3.319239e+00
654 1.738257e-07 5.310504e-01 3.296345e+00
655 7.920736e-08 5.443289e-01 3.303274e+00
656 1.020532e-07 2.884307e-01 3.463669e+00
657 1.082289e-07 6.051429e-02 3.311111e+00
658 1.490590e-07 3.772568e-01 3.344131e+00
659 9.840013e-08 3.398576e-01 3.223527e+00
660 8.643916e-08 1.215544e-01 3.335513e+00
661 1.178436e-07 3.633122e-01 3.364735e+00
662 8.852376e-08 2.488028e-01 3.287709e+00
663 8.706331e-08 1.649781e-02 3.311655e+00
664 7.210159e-08 1.718488e-01 3.287524e+00
665 9.619604e-08 3.341737e-01 3.631451e+00
666 9.170956e-08 4.663890e-02 3.263623e+00
667 1.031242e-07 1.244655e-01 3.471075e+00
668 1.039885e-07 8.380736e-03 3.455098e+00
669 8.668094e-08 1.664373e-01 3.591349e+00
670 7.770773e-08 1.035200e-01 3.367529e+00
671 9.084056e-08 1.690030e-01 3.439413e+00
672 8.062282e-08 1.124800e-01 3.407654e+00
673 6.937617e-08 1.394971e-01 3.279635e+00
674 6.666022e-08 3.914815e-02 3.296602e+00
675 8.776173e-08 3.165533e-01 3.271566e+00
676 7.542488e-08 1.405720e-01 3.224618e+00
677 8.699102e-08 1.533464e-01 3.423201e+00
678 1.027828e-07 1.815330e-01 3.295684e+00
679 1.603919e-07 5.604944e-01 3.478796e+00
680 1.271409e-07 2.073109e-01 3.343870e+00
681 1.017702e-07 1.995484e-01 3.542505e+00
682 8.307410e-08 1.837086e-01 3.324839e+00
683 6.172248e-08 2.570190e-01 3.271678e+00
684 1.291757e-07 1.092846e+00 3.262984e+00
685 9.699478e-08 2.491250e-01 3.303720e+00
686 1.153411e-07 1.891471e-01 3.319152e+00
687 9.964088e-08 1.361196e-01 3.280074e+00
688 6.826811e-08 3.148584e-01 3.303464e+00
689 1.100777e-07 6.124327e-01 3.262959e+00
690 9.833153e-08 1.067083e-01 3.246164e+00
691 1.056058e-07 7.397738e-02 3.248510e+00
692 9.442144e-08 1.059070e-01 3.247703e+00
693 1.405999e-07 4.890678e-01 3.342901e+00
694 1.062404e-07 2.443783e-01 3.232399e+00
695 7.161005e-08 3.259619e-01 3.302144e+00
696 8.691317e-08 2.137007e-01 3.223673e+00
697 8.469135e-08 2.556367e-02 3.240079e+00
698 6.631193e-08 2.170165e-01 3.279668e+00
699 9.652524e-08 4.556241e-01 3.302572e+00
700 9.935563e-08 2.932272e-02 3.463777e+00
701 9.806041e-08 1.303621e-02 3.615288e+00
702 1.016386e-07 3.648957e-02 3.509820e+00
703 6.883752e-08 3.227226e-01 3.303567e+00
704 5.923243e-08 1.395328e-01 3.271416e+00
705 1.136750e-07 9.191344e-01 3.375445e+00
706 9.268473e-08 1.846515e-01 3.343559e+00
707 8.064858e-08 1.298612e-01 3.335730e+00
708 7.909541e-08 1.925855e-02 3.222723e+00
709 7.180740e-08 9.214206e-02 3.232303e+00
710 6.397657e-08 1.090532e-01 3.255478e+00
711 6.312743e-08 1.327265e-02 3.279675e+00
712 7.461436e-08 1.819642e-01 3.319270e+00
713 6.401076e-08 1.421121e-01 3.279705e+00
714 5.845047e-08 8.686493e-02 3.231830e+00
715 8.048658e-08 3.770048e-01 3.239975e+00
716 7.216490e-08 1.033921e-01 3.287740e+00
717 5.867341e-08 1.869536e-01 3.328016e+00
718 6.303129e-08 7.427339e-02 3.311197e+00
719 5.249954e-08 1.670876e-01 3.343272e+00
720 5.793599e-08 1.035524e-01 3.327907e+00
721 5.090011e-08 1.214423e-01 3.383468e+00
722 6.610639e-08 2.987475e-01 3.558935e+00
723 9.791737e-08 4.812088e-01 3.311006e+00
724 7.339086e-08 2.504817e-01 3.421646e+00
725 6.172659e-08 1.589335e-01 3.320447e+00
726 1.106477e-07 7.925444e-01 3.254575e+00
727 7.924686e-08 2.837909e-01 3.311996e+00
728 7.369607e-08 7.004436e-02 3.271478e+00
729 6.310740e-08 1.436802e-01 3.398588e+00
730 5.590649e-08 1.141057e-01 3.231385e+00
731 6.170174e-08 1.036597e-01 3.351939e+00
732 5.966612e-08 3.299133e-02 3.311726e+00
733 6.655056e-08 1.153829e-01 3.430696e+00
734 6.283100e-08 5.589077e-02 3.503805e+00
735 1.044216e-07 6.619443e-01 3.375279e+00
736 6.140408e-08 4.119601e-01 3.256357e+00
737 5.981496e-08 2.587975e-02 3.543402e+00
738 6.241154e-08 4.341017e-02 3.295572e+00
739 5.499325e-08 1.188608e-01 3.256100e+00
740 3.329055e-08 3.946429e-01 3.319991e+00
741 7.550924e-08 1.268188e+00 3.383347e+00
742 6.853424e-08 9.237285e-02 3.248088e+00
743 5.341896e-08 2.205508e-01 3.367514e+00
744 7.404788e-08 3.861722e-01 3.287310e+00
745 7.289255e-08 1.560245e-02 3.287885e+00
746 8.310978e-08 1.401684e-01 3.369322e+00
747 5.703317e-08 3.137610e-01 3.365329e+00
748 6.838378e-08 1.990177e-01 3.295527e+00
749 6.917234e-08 1.153142e-02 3.336202e+00
750 6.519942e-08 5.743515e-02 3.351802e+00
751 5.864404e-08 1.005436e-01 3.622799e+00
752 6.649724e-08 1.339132e-01 4.247309e+00
753 7.168281e-08 7.798171e-02 3.343460e+00
754 8.748543e-08 2.204520e-01 3.311593e+00
755 5.662290e-08 3.527734e-01 3.304241e+00
756 7.500226e-08 3.245923e-01 3.278325e+00
757 6.778575e-08 9.621725e-02 3.288022e+00
758 6.059001e-08 1.061542e-01 3.287397e+00
759 4.968726e-08 1.799430e-01 3.231929e+00
760 5.733248e-08 1.538668e-01 3.319876e+00
761 5.191340e-08 9.452031e-02 3.309844e+00
762 2.803837e-08 4.599010e-01 3.329766e+00
763 6.024559e-08 1.148683e+00 3.304295e+00
764 6.087654e-08 1.047292e-02 3.391781e+00
765 4.706796e-08 2.268292e-01 3.587361e+00
766 6.132675e-08 3.029405e-01 3.263358e+00
767 5.028614e-08 1.800293e-01 3.280604e+00
768 5.573610e-08 1.083789e-01 3.288092e+00
769 4.195165e-08 2.473163e-01 3.264133e+00
770 7.776905e-08 8.537781e-01 3.296047e+00
771 5.642727e-08 2.744251e-01 3.239411e+00
772 2.860344e-08 4.930919e-01 3.272035e+00
773 4.991976e-08 7.452360e-01 3.248180e+00
774 5.000142e-08 1.635870e-03 3.295493e+00
775 4.934804e-08 1.306727e-02 3.351070e+00
776 6.164939e-08 2.492775e-01 3.479870e+00
777 5.307368e-08 1.391047e-01 3.691202e+00
778 4.913646e-08 7.418396e-02 3.487051e+00
779 3.566640e-08 2.741357e-01 3.352271e+00
780 5.343372e-08 4.981526e-01 3.446920e+00
781 6.616795e-08 2.383183e-01 3.415676e+00
782 5.329323e-08 1.945764e-01 3.295642e+00
783 4.549062e-08 1.464090e-01 3.311388e+00
784 4.166913e-08 8.400607e-02 3.271974e+00
785 4.365480e-08 4.765327e-02 3.255952e+00
786 5.800158e-08 3.286414e-01 3.279305e+00
787 2.281026e-08 6.067304e-01 3.336321e+00
788 6.267782e-08 1.747791e+00 3.303140e+00
789 4.318624e-08 3.109805e-01 3.304036e+00
790 2.466044e-08 4.289745e-01 3.500294e+00
791 3.867864e-08 5.684487e-01 3.343971e+00
792 4.564979e-08 1.802327e-01 3.246926e+00
793 4.161305e-08 8.842847e-02 3.264169e+00
794 3.764718e-08 9.530365e-02 3.295372e+00
795 2.090582e-08 4.446910e-01 3.288244e+00
796 6.347377e-08 2.036177e+00 3.295960e+00
797 5.074210e-08 2.005816e-01 3.270881e+00
798 1.706718e-08 6.636485e-01 3.320521e+00
799 5.280690e-08 2.094060e+00 3.287352e+00
800 5.033488e-08 4.681245e-02 3.262360e+00
801 1.662948e-08 6.696232e-01 3.302582e+00
802 6.121895e-08 2.681351e+00 3.317673e+00
803 6.686339e-08 9.220097e-02 3.311759e+00
804 5.575042e-08 1.662041e-01 3.271731e+00
805 4.344436e-08 2.207348e-01 3.319606e+00
806 6.642781e-08 5.290318e-01 3.312146e+00
807 4.480530e-08 3.255038e-01 3.239220e+00
808 3.559799e-08 2.054961e-01 3.312119e+00
809 4.852641e-08 3.631784e-01 3.302183e+00
810 4.323092e-08 1.091259e-01 3.319706e+00
811 2.909422e-08 3.270045e-01 3.247456e+00
812 5.048452e-08 7.352081e-01 3.320216e+00
813 6.529734e-08 2.934131e-01 3.487836e+00
814 3.255711e-08 5.014022e-01 3.367027e+00
815 5.016479e-08 5.408243e-01 3.562112e+00
816 4.859497e-08 3.129317e-02 3.334869e+00
817 5.287366e-08 8.804797e-02 3.288340e+00
818 3.507821e-08 3.365655e-01 3.319892e+00
819 3.827867e-08 9.123780e-02 3.262376e+00
820 3.653355e-08 4.558975e-02 3.264095e+00
821 4.650779e-08 2.730159e-01 3.316619e+00
822 3.496275e-08 2.482388e-01 3.383530e+00
823 4.144381e-08 1.853703e-01 3.375719e+00
824 2.886224e-08 3.035814e-01 3.263040e+00
825 2.016103e-08 3.014740e-01 3.272317e+00
826 4.391929e-08 1.178425e+00 3.271047e+00
827 6.397230e-08 4.565877e-01 3.288267e+00
828 3.379916e-08 4.716595e-01 3.359705e+00
829 4.781111e-08 4.145650e-01 3.439607e+00
830 3.153419e-08 3.404422e-01 3.495760e+00
831 4.292519e-08 3.612270e-01 3.492913e+00
832 4.384652e-08 2.146357e-02 3.311495e+00
833 3.527943e-08 1.953882e-01 3.253842e+00
834 3.506221e-08 6.156954e-03 3.304279e+00
835 3.285728e-08 6.288635e-02 3.422277e+00
836 3.918238e-08 1.925022e-01 3.287718e+00
837 3.405437e-08 1.308753e-01 3.320435e+00
838 4.215541e-08 2.378855e-01 3.287523e+00
839 4.578213e-08 8.603214e-02 3.295624e+00
840 4.149658e-08 9.360764e-02 3.343768e+00
841 4.244639e-08 2.288896e-02 3.423214e+00
842 3.490118e-08 1.777586e-01 3.407685e+00
843 2.719042e-08 2.209313e-01 3.342363e+00
844 2.662175e-08 2.091402e-02 3.272398e+00
845 3.633066e-08 3.646982e-01 3.326884e+00
846 3.187000e-08 1.227796e-01 3.392253e+00
847 3.025272e-08 5.074609e-02 3.287462e+00
848 2.368741e-08 2.170157e-01 3.248145e+00
849 3.291859e-08 3.897087e-01 3.247753e+00
850 2.966246e-08 9.891486e-02 3.279747e+00
851 2.751506e-08 7.239441e-02 3.495920e+00
852 3.001465e-08 9.084440e-02 3.517827e+00
853 2.567796e-08 1.444859e-01 3.255549e+00
854 2.629750e-08 2.412729e-02 3.335531e+00
855 2.325139e-08 1.158326e-01 3.328185e+00
856 2.233987e-08 3.920276e-02 3.255332e+00
857 2.227358e-08 2.967553e-03 3.287579e+00
858 2.221445e-08 2.654403e-03 3.279881e+00
859 1.362570e-08 3.866289e-01 3.304119e+00
860 4.140217e-08 2.038534e+00 3.344072e+00
861 4.178451e-08 9.234887e-03 3.335217e+00
862 2.972219e-08 2.886794e-01 3.328200e+00
863 3.187065e-08 7.228473e-02 3.448206e+00
864 4.783453e-08 5.008962e-01 3.375325e+00
865 2.689180e-08 4.378161e-01 3.453278e+00
866 3.101765e-08 1.534239e-01 3.271764e+00
867 2.889314e-08 6.849355e-02 3.231590e+00
868 1.354990e-08 5.310341e-01 3.240254e+00
869 3.666599e-08 1.705997e+00 3.270763e+00
870 2.663737e-08 2.735129e-01 3.232436e+00
871 1.332838e-08 4.996359e-01 3.246772e+00
872 3.132318e-08 1.350112e+00 3.254112e+00
873 2.591510e-08 1.726544e-01 3.327707e+00
874 2.526088e-08 2.524471e-02 3.319652e+00
875 3.447666e-08 3.648244e-01 3.383705e+00
876 3.030639e-08 1.209594e-01 3.407795e+00
877 3.752667e-08 2.382430e-01 3.976306e+00
878 2.900206e-08 2.271613e-01 3.303476e+00
879 3.178869e-08 9.608358e-02 3.263911e+00
880 3.712410e-08 1.678399e-01 3.943824e+00
881 3.135235e-08 1.554717e-01 3.287284e+00
882 3.413825e-08 8.885790e-02 3.256220e+00
883 2.204311e-08 3.542988e-01 3.271361e+00
884 3.130948e-08 4.203747e-01 3.287067e+00
885 2.807325e-08 1.033625e-01 3.280268e+00
886 2.488611e-08 1.135294e-01 3.255352e+00
887 2.889434e-08 1.610629e-01 3.335713e+00
888 2.329595e-08 1.937539e-01 3.407656e+00
889 4.095089e-08 7.578549e-01 3.448157e+00
890 1.883979e-08 5.399419e-01 3.310618e+00
891 2.597338e-08 3.786448e-01 3.263860e+00
892 2.211574e-08 1.485227e-01 3.351999e+00
893 1.864328e-08 1.570129e-01 3.255436e+00
894 2.604466e-08 3.969995e-01 3.327601e+00
895 1.661426e-08 3.620858e-01 3.287522e+00
896 2.365755e-08 4.239306e-01 3.295039e+00
897 2.086504e-08 1.180389e-01 3.279774e+00
898 2.166948e-08 3.855474e-02 3.311633e+00
899 2.594308e-08 1.972175e-01 3.296332e+00
900 4.618919e-08 7.804046e-01 3.263684e+00
901 2.361615e-08 4.887084e-01 3.270089e+00
902 2.851990e-08 2.076443e-01 3.304573e+00
903 2.194030e-08 2.307023e-01 3.255750e+00
904 2.338835e-08 6.599951e-02 3.343178e+00
905 1.912338e-08 1.823543e-01 3.302756e+00
906 3.208053e-08 6.775555e-01 3.318562e+00
907 2.248445e-08 2.991249e-01 3.554494e+00
908 1.480648e-08 3.414789e-01 3.615073e+00
909 1.928130e-08 3.022199e-01 3.287614e+00
910 2.222422e-08 1.526309e-01 3.279066e+00
911 2.294524e-08 3.244310e-02 3.296351e+00
912 2.276333e-08 7.928239e-03 3.263179e+00
913 1.858784e-08 1.834303e-01 3.271281e+00
914 1.560362e-08 1.605473e-01 3.287409e+00
915 2.307954e-08 4.791147e-01 3.231029e+00
916 2.093389e-08 9.296750e-02 3.303836e+00
917 1.972533e-08 5.773226e-02 3.280613e+00
918 2.085332e-08 5.718476e-02 3.399188e+00
919 1.641241e-08 2.129593e-01 3.255801e+00
920 3.053509e-08 8.604879e-01 3.191578e+00
921 2.271106e-08 2.562309e-01 3.383815e+00
922 1.780195e-08 2.161547e-01 3.311658e+00
923 2.140243e-08 2.022518e-01 3.248118e+00
924 1.649853e-08 2.291281e-01 3.295181e+00
925 1.123841e-08 3.188239e-01 3.527772e+00
926 1.208599e-08 7.541854e-02 3.287788e+00
927 1.514097e-08 2.527701e-01 3.326949e+00
928 1.750369e-08 1.560484e-01 3.272149e+00
929 1.370937e-08 2.167724e-01 3.406776e+00
930 1.360999e-08 7.249513e-03 3.496510e+00
931 1.437719e-08 5.637102e-02 3.358999e+00
932 1.448382e-08 7.416347e-03 3.399894e+00
933 1.227159e-08 1.527381e-01 3.407536e+00
934 1.326637e-08 8.106337e-02 3.231903e+00
935 1.562880e-08 1.780773e-01 3.303161e+00
936 1.007398e-08 3.554221e-01 3.288425e+00
937 1.028602e-08 2.104793e-02 3.311899e+00
938 7.333128e-09 2.870781e-01 3.335936e+00
939 1.962273e-08 1.675902e+00 3.223397e+00
940 1.671982e-08 1.479363e-01 3.376432e+00
941 1.369582e-08 1.808629e-01 3.239581e+00
942 8.122072e-09 4.069672e-01 3.287272e+00
943 2.138924e-08 1.633471e+00 3.383655e+00
944 1.909482e-08 1.072698e-01 3.624585e+00
945 1.412179e-08 2.604387e-01 3.343552e+00
946 1.455979e-08 3.101599e-02 3.256038e+00
947 1.841600e-08 2.648535e-01 3.359392e+00
948 1.559574e-08 1.531418e-01 3.311452e+00
949 2.416045e-08 5.491697e-01 3.295834e+00
950 1.357176e-08 4.382656e-01 3.312373e+00
951 1.140957e-08 1.593150e-01 3.407688e+00
952 1.901718e-08 6.667743e-01 3.303416e+00
953 1.312090e-08 3.100503e-01 3.351465e+00
954 1.710517e-08 3.036580e-01 3.391414e+00
955 1.452757e-08 1.506909e-01 3.439495e+00
956 1.724272e-08 1.868960e-01 3.263985e+00
957 8.416109e-09 5.119036e-01 3.287908e+00
958 1.587045e-08 8.857232e-01 3.287722e+00
959 1.572180e-08 9.366888e-03 3.399913e+00
960 1.590113e-08 1.140682e-02 3.294808e+00
961 1.448147e-08 8.928070e-02 3.319821e+00
962 8.691420e-09 3.998246e-01 3.311669e+00
963 1.637597e-08 8.841531e-01 3.512244e+00
964 1.210741e-08 2.606600e-01 4.157386e+00
965 1.312128e-08 8.373958e-02 3.509551e+00
966 1.079650e-08 1.771757e-01 3.391265e+00
967 1.341255e-08 2.423053e-01 3.319492e+00
968 2.421984e-08 8.057590e-01 3.351682e+00
969 1.580553e-08 3.474138e-01 3.558885e+00
970 1.069750e-08 3.231799e-01 3.375588e+00
971 1.943342e-08 8.166315e-01 3.280390e+00
972 9.999575e-09 4.854445e-01 3.380592e+00
973 1.117282e-08 1.173299e-01 3.352533e+00
974 1.050874e-08 5.943782e-02 3.344013e+00
975 1.197723e-08 1.397400e-01 3.750867e+00
976 1.411496e-08 1.784834e-01 3.422522e+00
977 1.009920e-08 2.845037e-01 3.574881e+00
978 2.078338e-08 1.057923e+00 3.303643e+00
979 1.384816e-08 3.336908e-01 3.647937e+00
980 1.076425e-08 2.226946e-01 3.400029e+00
981 8.212429e-09 2.370644e-01 3.358715e+00
982 1.396537e-08 7.005163e-01 3.351849e+00
983 1.373059e-08 1.681175e-02 3.407588e+00
984 8.656538e-09 3.695435e-01 3.231886e+00
985 8.694855e-09 4.426342e-03 3.263886e+00
986 1.150336e-08 3.230079e-01 3.246672e+00
987 1.366370e-08 1.878004e-01 3.296443e+00
988 1.230143e-08 9.969957e-02 3.255556e+00
989 1.317330e-08 7.087541e-02 3.375409e+00
990 1.502254e-08 1.403776e-01 3.590919e+00
991 1.060015e-08 2.943834e-01 3.380276e+00
992 1.351963e-08 2.754185e-01 3.269290e+00
993 1.099519e-08 1.867240e-01 3.286644e+00
994 1.178960e-08 7.225042e-02 3.271843e+00
995 8.509412e-09 2.782271e-01 3.254676e+00
996 1.255663e-08 4.756163e-01 3.271164e+00
997 1.264916e-08 7.368910e-03 3.279690e+00
998 8.540997e-09 3.247773e-01 3.287671e+00
999 8.350578e-09 2.229476e-02 3.463367e+00
1000 1.165737e-08 3.959953e-01 3.491405e+00
1001 5.526025e-09 5.259629e-01 3.294400e+00
1002 1.517830e-08 1.746694e+00 3.295453e+00
1003 1.129824e-08 2.556321e-01 3.286669e+00
1004 4.967778e-09 5.603051e-01 3.295542e+00
1005 1.459758e-08 1.938453e+00 3.287756e+00
1006 1.286187e-08 1.189039e-01 3.271368e+00
1007 1.479742e-08 1.504874e-01 3.334871e+00
1008 1.330539e-08 1.008304e-01 3.263351e+00
1009 1.340676e-08 7.618399e-03 3.294811e+00
1010 9.829377e-09 2.668343e-01 3.254841e+00
1011 9.168754e-09 6.720900e-02 3.287694e+00
1012 9.645692e-09 5.201778e-02 3.239974e+00
1013 1.499506e-08 5.545862e-01 3.255373e+00
1014 8.389035e-09 4.405467e-01 3.256169e+00
1015 5.944084e-09 2.914460e-01 3.343459e+00
1016 1.270171e-08 1.136866e+00 3.359195e+00
1017 9.664344e-09 2.391307e-01 3.263734e+00
1018 6.671503e-09 3.096786e-01 3.280172e+00
1019 1.082952e-08 6.232504e-01 3.263026e+00
1020 1.694979e-08 5.651470e-01 3.295687e+00
1021 8.964248e-09 4.711293e-01 3.264156e+00
1022 1.011199e-08 1.280352e-01 3.278275e+00
1023 8.522869e-09 1.571520e-01 3.255528e+00
1024 7.145067e-09 1.616594e-01 3.519432e+00
1025 1.032024e-08 4.443864e-01 3.423845e+00
1026 1.016118e-08 1.541236e-02 3.399802e+00
1027 8.787535e-09 1.351854e-01 3.286966e+00
1028 7.847749e-09 1.069454e-01 3.447425e+00
1029 4.561588e-09 4.187393e-01 3.375626e+00
1030 9.154132e-09 1.006786e+00 3.501248e+00
1031 1.581822e-08 7.279871e-01 3.239097e+00
1032 9.651114e-09 3.898737e-01 3.319821e+00
1033 9.893273e-09 2.509138e-02 3.335775e+00
1034 1.041668e-08 5.290511e-02 3.374942e+00
1035 9.135461e-09 1.229967e-01 3.359357e+00
1036 1.142728e-08 2.508701e-01 3.360169e+00
1037 7.192206e-09 3.706106e-01 3.375555e+00
1038 7.685308e-09 6.856061e-02 3.327120e+00
1039 1.024346e-08 3.328628e-01 3.311164e+00
1040 1.176883e-08 1.489119e-01 3.384312e+00
1041 8.667859e-09 2.634904e-01 3.495304e+00
1042 7.103889e-09 1.804333e-01 3.550234e+00
1043 1.099275e-08 5.474275e-01 3.296505e+00
1044 6.881905e-09 3.739598e-01 3.279135e+00
1045 9.716388e-09 4.118747e-01 3.328331e+00
1046 6.449116e-09 3.362640e-01 3.222835e+00
1047 1.184166e-08 8.361683e-01 3.327611e+00
1048 7.698529e-09 3.498777e-01 3.391394e+00
1049 6.370538e-09 1.724993e-01 3.384288e+00
1050 4.187881e-09 3.426173e-01 3.287318e+00
1051 7.800963e-09 8.627469e-01 3.287393e+00
1052 7.264417e-09 6.877954e-02 3.312346e+00
1053 8.120080e-09 1.177884e-01 3.366940e+00
1054 6.326833e-09 2.208411e-01 3.583963e+00
1055 1.054043e-08 6.659886e-01 3.366877e+00
1056 6.317829e-09 4.006100e-01 3.375945e+00
1057 8.212707e-09 2.999255e-01 3.336141e+00
1058 7.474621e-09 8.987118e-02 3.303193e+00
1059 4.375448e-09 4.146261e-01 3.303960e+00
1060 9.259585e-09 1.116260e+00 3.286734e+00
1061 1.144954e-08 2.365072e-01 3.272036e+00
1062 2.750705e-09 7.597542e-01 3.246172e+00
1063 8.604508e-09 2.128110e+00 3.295811e+00
1064 1.130751e-08 3.141380e-01 3.240183e+00
1065 8.294244e-09 2.664836e-01 3.654887e+00
1066 5.541223e-09 3.319195e-01 3.527313e+00
1067 1.212668e-08 1.188449e+00 3.342470e+00
1068 9.593910e-09 2.088596e-01 3.272189e+00
1069 8.328150e-09 1.319337e-01 3.367334e+00
1070 8.340340e-09 1.463714e-03 3.279784e+00
1071 1.304490e-08 5.640730e-01 3.280134e+00
1072 1.006920e-08 2.281121e-01 3.271649e+00
1073 1.027005e-08 1.994681e-02 3.276721e+00
1074 8.695899e-09 1.532758e-01 3.303753e+00
1075 1.115142e-08 2.823766e-01 3.303995e+00
1076 8.017721e-09 2.810133e-01 3.319680e+00
1077 9.344167e-09 1.654393e-01 3.359456e+00
1078 8.890202e-09 4.858271e-02 3.654748e+00
1079 7.794879e-09 1.232056e-01 3.470857e+00
1080 1.206001e-08 5.471703e-01 3.254434e+00
1081 9.264899e-09 2.317666e-01 3.255669e+00
1082 7.975149e-09 1.392081e-01 3.309373e+00
1083 6.270052e-09 2.138013e-01 3.359717e+00
1084 6.317979e-09 7.643760e-03 3.302354e+00
1085 6.933894e-09 9.748610e-02 3.351030e+00
1086 8.711807e-09 2.564091e-01 3.278709e+00
1087 9.904306e-09 1.368830e-01 3.248040e+00
1088 8.420077e-09 1.498569e-01 3.287467e+00
1089 7.821242e-09 7.111996e-02 3.295863e+00
1090 9.752037e-09 2.468656e-01 3.408227e+00
1091 8.205372e-09 1.585992e-01 3.399682e+00
1092 5.713659e-09 3.036685e-01 3.376039e+00
1093 9.980499e-09 7.467789e-01 3.319369e+00
1094 7.068561e-09 2.917628e-01 3.238854e+00
1095 7.058410e-09 1.436092e-03 3.287083e+00
1096 6.837844e-09 3.124868e-02 3.303729e+00
1097 6.367075e-09 6.884761e-02 3.295437e+00
1098 6.518989e-09 2.385931e-02 3.384264e+00
1099 7.711728e-09 1.829639e-01 3.255285e+00
1100 6.490906e-09 1.583072e-01 3.280359e+00
1101 6.438870e-09 8.016812e-03 3.239217e+00
1102 8.274624e-09 2.851051e-01 3.407511e+00
1103 7.721572e-09 6.683721e-02 4.055828e+00
1104 6.006520e-09 2.221117e-01 3.783417e+00
1105 6.283107e-09 4.604773e-02 3.255689e+00
1106 4.673707e-09 2.561472e-01 3.270140e+00
1107 9.327989e-09 9.958438e-01 3.375466e+00
1108 5.362430e-09 4.251247e-01 3.223820e+00
1109 2.674639e-09 5.012263e-01 3.223338e+00
1110 4.999009e-09 8.690405e-01 3.279481e+00
1111 5.292716e-09 5.875297e-02 3.264015e+00
1112 6.380188e-09 2.054658e-01 3.239735e+00
1113 5.636584e-09 1.165489e-01 3.247729e+00
1114 3.814552e-09 3.232511e-01 3.271858e+00
1115 6.946508e-09 8.210548e-01 3.543213e+00
1116 5.340295e-09 2.312260e-01 3.591678e+00
1117 5.669222e-09 6.159331e-02 3.215263e+00
1118 5.079430e-09 1.040340e-01 3.224367e+00
1119 5.517122e-09 8.616951e-02 3.319253e+00
1120 5.559603e-09 7.699891e-03 3.293418e+00
1121 5.664368e-09 1.884395e-02 3.256528e+00
1122 5.522191e-09 2.510029e-02 3.374942e+00
1123 6.502296e-09 1.774847e-01 3.423525e+00
1124 4.606921e-09 2.914931e-01 3.296058e+00
1125 5.826121e-09 2.646452e-01 3.415475e+00
1126 6.883800e-09 1.815408e-01 3.511474e+00
1127 6.153255e-09 1.061253e-01 3.559951e+00
1128 5.375071e-09 1.264670e-01 3.478819e+00
1129 4.711343e-09 1.234827e-01 3.470809e+00
1130 5.584123e-09 1.852508e-01 3.318773e+00
1131 3.949164e-09 2.927871e-01 3.280291e+00
1132 7.222270e-09 8.288101e-01 3.295947e+00
1133 5.665962e-09 2.154874e-01 3.303003e+00
1134 4.016494e-09 2.911189e-01 3.294009e+00
1135 2.980995e-09 2.578117e-01 3.262450e+00
1136 2.565843e-09 1.392661e-01 3.296188e+00
1137 5.619139e-09 1.189978e+00 3.254697e+00
1138 4.744981e-09 1.555680e-01 3.327175e+00
1139 4.074766e-09 1.412471e-01 3.343894e+00
1140 3.845133e-09 5.635494e-02 3.472213e+00
1141 4.500640e-09 1.704770e-01 3.542108e+00
1142 5.167019e-09 1.480633e-01 3.192360e+00
1143 7.570397e-09 4.651383e-01 3.319001e+00
1144 6.152368e-09 1.873125e-01 3.287181e+00
1145 4.451639e-09 2.764348e-01 3.261830e+00
1146 5.461072e-09 2.267553e-01 3.287761e+00
1147 4.885440e-09 1.054064e-01 3.256028e+00
1148 3.516681e-09 2.801711e-01 3.272021e+00
1149 3.527165e-09 2.981331e-03 3.262761e+00
1150 4.166076e-09 1.811399e-01 3.263286e+00
1151 3.759341e-09 9.763011e-02 3.264405e+00
1152 3.540209e-09 5.829001e-02 3.566953e+00
1153 3.456509e-09 2.364275e-02 3.990027e+00
1154 3.325123e-09 3.801116e-02 3.287488e+00
1155 5.381181e-09 6.183406e-01 3.288381e+00
1156 4.493451e-09 1.649694e-01 3.255460e+00
1157 6.858190e-09 5.262634e-01 3.247416e+00
1158 3.420561e-09 5.012443e-01 3.223899e+00
1159 4.405413e-09 2.879212e-01 3.255010e+00
1160 4.063589e-09 7.759192e-02 3.279430e+00
1161 4.621948e-09 1.374054e-01 3.295313e+00
1162 3.673580e-09 2.051880e-01 3.256493e+00
1163 4.287825e-09 1.672061e-01 3.295576e+00
1164 3.669331e-09 1.442442e-01 3.287358e+00
1165 2.946876e-09 1.968899e-01 3.399978e+00
1166 3.483102e-09 1.819643e-01 3.247034e+00
1167 4.427906e-09 2.712535e-01 3.264158e+00
1168 5.158047e-09 1.648952e-01 3.440170e+00
1169 4.411577e-09 1.447193e-01 3.359048e+00
1170 2.777307e-09 3.704502e-01 3.445294e+00
1171 5.192828e-09 8.697345e-01 3.271550e+00
1172 3.907893e-09 2.474442e-01 3.287654e+00
1173 4.196177e-09 7.376967e-02 3.247629e+00
1174 3.922486e-09 6.522376e-02 3.279618e+00
1175 3.387666e-09 1.363473e-01 3.295738e+00
1176 3.343185e-09 1.313011e-02 3.271302e+00
1177 4.749354e-09 4.206076e-01 3.311896e+00
1178 4.706280e-09 9.069558e-03 3.311785e+00
1179 3.179662e-09 3.243789e-01 3.319468e+00
1180 4.066067e-09 2.787734e-01 3.247533e+00
1181 4.436329e-09 9.106130e-02 3.326368e+00
1182 3.539983e-09 2.020467e-01 3.287682e+00
1183 4.186571e-09 1.826528e-01 3.383910e+00
1184 4.003870e-09 4.363969e-02 3.471728e+00
1185 2.421453e-09 3.952219e-01 3.543753e+00
1186 3.119803e-09 2.884012e-01 3.191922e+00
1187 2.789309e-09 1.059341e-01 3.332564e+00
1188 3.547195e-09 2.717109e-01 3.279576e+00
1189 2.980527e-09 1.597510e-01 3.288093e+00
1190 3.342594e-09 1.214776e-01 3.304062e+00
1191 3.034006e-09 9.231982e-02 3.295707e+00
1192 2.769949e-09 8.703255e-02 3.247268e+00
1193 3.343760e-09 2.071558e-01 3.271933e+00
1194 2.712323e-09 1.888404e-01 3.415203e+00
1195 3.257263e-09 2.009125e-01 3.208008e+00
1196 3.290934e-09 1.033736e-02 3.527411e+00
1197 3.307596e-09 5.062833e-03 3.495796e+00
1198 2.660611e-09 1.956058e-01 3.626721e+00
1199 4.487679e-09 6.867099e-01 3.207090e+00
1200 3.902498e-09 1.303971e-01 3.183436e+00
1201 2.883556e-09 2.611000e-01 3.343642e+00
1202 1.995234e-09 3.080649e-01 3.381665e+00
1203 3.887459e-09 9.483727e-01 3.255973e+00
1204 3.256613e-09 1.622773e-01 3.223607e+00
1205 3.121336e-09 4.153918e-02 3.287903e+00
1206 2.357020e-09 2.448682e-01 3.279700e+00
1207 2.811598e-09 1.928614e-01 3.287539e+00
1208 2.937781e-09 4.487945e-02 3.215101e+00
1209 2.991348e-09 1.823377e-02 3.343343e+00
1210 4.924635e-09 6.462930e-01 3.360094e+00
1211 3.987151e-09 1.903660e-01 3.580127e+00
1212 3.045429e-09 2.361893e-01 3.295364e+00
1213 3.050152e-09 1.550776e-03 3.263898e+00
1214 2.639701e-09 1.345674e-01 3.263485e+00
1215 2.039293e-09 2.274529e-01 3.247787e+00
1216 3.463475e-09 6.983701e-01 3.303480e+00
1217 3.555229e-09 2.649213e-02 3.271981e+00
1218 3.296002e-09 7.291446e-02 3.352192e+00
1219 2.148550e-09 3.481346e-01 3.239175e+00
1220 3.560198e-09 6.570241e-01 3.263551e+00
1221 2.978878e-09 1.632832e-01 3.207784e+00
1222 2.433626e-09 1.830395e-01 3.430202e+00
1223 2.889347e-09 1.872601e-01 3.367945e+00
1224 3.046698e-09 5.445907e-02 3.528058e+00
1225 2.510532e-09 1.759825e-01 3.383198e+00
1226 2.238893e-09 1.081997e-01 3.343738e+00
1227 2.342209e-09 4.614597e-02 3.248024e+00
1228 2.217746e-09 5.313933e-02 3.335227e+00
1229 2.976542e-09 3.421474e-01 3.312497e+00
1230 1.986248e-09 3.326993e-01 3.223345e+00
1231 2.518637e-09 2.680370e-01 3.287801e+00
1232 2.981816e-09 1.839008e-01 3.303832e+00
1233 2.721628e-09 8.725823e-02 3.222631e+00
1234 1.612309e-09 4.075940e-01 3.535566e+00
1235 2.121809e-09 3.160067e-01 3.487875e+00
1236 2.817389e-09 3.278239e-01 3.579887e+00
1237 3.013187e-09 6.949620e-02 3.264317e+00
1238 2.369570e-09 2.136001e-01 3.374893e+00
1239 1.758724e-09 2.577875e-01 3.384102e+00
1240 3.744709e-09 1.129219e+00 3.382866e+00
1241 3.173073e-09 1.526517e-01 3.302917e+00
1242 1.550438e-09 5.113766e-01 3.279328e+00
1243 3.060184e-09 9.737549e-01 3.240424e+00
1244 2.719763e-09 1.112419e-01 3.271902e+00
1245 2.713473e-09 2.312935e-03 3.278516e+00
1246 3.083411e-09 1.363338e-01 3.279206e+00
1247 2.920751e-09 5.275298e-02 3.966333e+00
1248 2.989449e-09 2.352068e-02 4.119695e+00
1249 2.768896e-09 7.377740e-02 3.303354e+00
1250 2.351330e-09 1.508058e-01 3.287977e+00
1251 2.764788e-09 1.758401e-01 3.279440e+00
1252 3.086610e-09 1.164002e-01 3.335016e+00
1253 3.433226e-09 1.122965e-01 3.287848e+00
1254 3.045440e-09 1.129507e-01 3.271313e+00
1255 3.172843e-09 4.183404e-02 3.231347e+00
1256 2.615384e-09 1.756970e-01 3.367651e+00
1257 2.388517e-09 8.674326e-02 3.342484e+00
1258 2.001174e-09 1.621688e-01 3.271165e+00
1259 2.496025e-09 2.472802e-01 3.340497e+00
1260 2.810665e-09 1.260562e-01 3.439668e+00
1261 2.201450e-09 2.167510e-01 3.263439e+00
1262 1.990337e-09 9.589729e-02 3.240010e+00
1263 2.668985e-09 3.409713e-01 3.231446e+00
1264 1.869255e-09 2.996384e-01 3.310428e+00
1265 2.014849e-09 7.788896e-02 3.206809e+00
1266 2.151436e-09 6.778995e-02 3.208317e+00
1267 2.150838e-09 2.778350e-04 3.239032e+00
1268 2.019758e-09 6.094350e-02 3.183829e+00
1269 2.594646e-09 2.846318e-01 3.272388e+00
1270 2.467974e-09 4.882054e-02 3.231552e+00
1271 2.775887e-09 1.247635e-01 3.167699e+00
1272 2.962158e-09 6.710320e-02 3.486913e+00
1273 2.372191e-09 1.991679e-01 3.476228e+00
1274 2.083830e-09 1.215587e-01 3.303229e+00
1275 2.260649e-09 8.485251e-02 3.263476e+00
1276 2.031326e-09 1.014410e-01 3.191430e+00
1277 1.775574e-09 1.259042e-01 3.191734e+00
1278 2.500221e-09 4.081200e-01 3.215564e+00
1279 3.471087e-09 3.883124e-01 3.183021e+00
1280 1.994951e-09 4.252661e-01 3.215290e+00
1281 2.070662e-09 3.795119e-02 3.262059e+00
1282 2.384327e-09 1.514804e-01 3.246497e+00
1283 1.790014e-09 2.492581e-01 3.231596e+00
1284 1.965836e-09 9.822381e-02 3.311782e+00
1285 2.478141e-09 2.606038e-01 3.375994e+00
1286 1.661131e-09 3.296864e-01 3.311477e+00
1287 1.885534e-09 1.350900e-01 3.222499e+00
1288 1.763922e-09 6.449695e-02 3.245786e+00
1289 1.573727e-09 1.078251e-01 3.133324e+00
1290 2.226760e-09 4.149591e-01 3.279304e+00
1291 2.194571e-09 1.445560e-02 3.208235e+00
1292 1.750023e-09 2.025671e-01 3.294159e+00
1293 1.699545e-09 2.884398e-02 3.239311e+00
1294 1.804482e-09 6.174407e-02 3.232415e+00
1295 1.870048e-09 3.633520e-02 3.183542e+00
1296 2.875345e-09 5.375781e-01 3.263787e+00
1297 2.442918e-09 1.503913e-01 3.336173e+00
1298 2.051217e-09 1.603414e-01 3.350675e+00
1299 1.931207e-09 5.850683e-02 3.423992e+00
1300 2.256727e-09 1.685577e-01 3.231285e+00
1301 2.368523e-09 4.953901e-02 3.215788e+00
1302 2.830015e-09 1.948439e-01 3.173877e+00
1303 1.719146e-09 3.925312e-01 3.287215e+00
1304 2.057665e-09 1.969109e-01 3.390539e+00
1305 1.955479e-09 4.966090e-02 3.295360e+00
1306 1.053601e-09 4.612056e-01 3.296144e+00
1307 2.246041e-09 1.131775e+00 3.136056e+00
1308 1.894568e-09 1.564852e-01 3.199361e+00
1309 2.151733e-09 1.357378e-01 3.336177e+00
1310 1.970897e-09 8.404208e-02 3.871879e+00
1311 1.679442e-09 1.478793e-01 3.891047e+00
1312 1.580298e-09 5.903417e-02 3.216169e+00
1313 1.175583e-09 2.561004e-01 3.199808e+00
1314 1.662800e-09 4.144477e-01 3.223050e+00
1315 1.386797e-09 1.659868e-01 3.286337e+00
1316 2.082263e-09 5.014907e-01 3.215032e+00
1317 1.928922e-09 7.364150e-02 3.295680e+00
1318 1.664954e-09 1.368478e-01 3.271868e+00
1319 1.500983e-09 9.848392e-02 3.287514e+00
1320 9.863377e-10 3.428720e-01 3.192685e+00
1321 2.016700e-09 1.044635e+00 3.295614e+00
1322 1.800787e-09 1.070629e-01 3.367159e+00
1323 1.819747e-09 1.052876e-02 3.232500e+00
1324 1.978546e-09 8.726433e-02 3.207662e+00
1325 1.369276e-09 3.079383e-01 3.191359e+00
1326 1.562740e-09 1.412899e-01 3.199786e+00
1327 1.547646e-09 9.658627e-03 3.184011e+00
1328 1.995346e-09 2.892777e-01 3.311735e+00
1329 1.580153e-09 2.080806e-01 3.335844e+00
1330 2.320220e-09 4.683517e-01 3.167575e+00
1331 1.912461e-09 1.757418e-01 3.239728e+00
1332 1.252568e-09 3.450491e-01 3.303267e+00
1333 1.512203e-09 2.072826e-01 3.248378e+00
1334 1.757781e-09 1.623972e-01 3.491789e+00
1335 1.228803e-09 3.009350e-01 3.271465e+00
1336 1.708735e-09 3.905688e-01 3.279642e+00
1337 1.371741e-09 1.972186e-01 3.278559e+00
1338 1.227426e-09 1.052058e-01 3.223669e+00
1339 1.470011e-09 1.976373e-01 3.285648e+00
1340 1.432492e-09 2.552308e-02 3.183324e+00
1341 1.368460e-09 4.469981e-02 3.279531e+00
1342 1.493904e-09 9.166834e-02 3.391080e+00
1343 1.260836e-09 1.560131e-01 3.183862e+00
1344 1.162783e-09 7.776819e-02 3.224052e+00
1345 1.403959e-09 2.074129e-01 3.255910e+00
1346 1.018098e-09 2.748376e-01 3.167331e+00
1347 1.127530e-09 1.074868e-01 3.215976e+00
1348 9.832761e-10 1.279381e-01 3.199669e+00
1349 1.507771e-09 5.334160e-01 3.391459e+00
1350 1.415205e-09 6.139279e-02 3.248583e+00
1351 1.411596e-09 2.550162e-03 3.535121e+00
1352 1.648319e-09 1.676990e-01 3.120031e+00
1353 1.071907e-09 3.496971e-01 3.431923e+00
1354 9.902006e-10 7.622519e-02 3.271109e+00
1355 1.139464e-09 1.507410e-01 3.208180e+00
1356 1.408516e-09 2.361214e-01 3.151818e+00
1357 1.016135e-09 2.785779e-01 3.335539e+00
1358 6.488025e-10 3.614996e-01 3.206768e+00
1359 1.051823e-09 6.211763e-01 3.270705e+00
1360 9.831768e-10 6.526422e-02 3.223785e+00
1361 1.151619e-09 1.713246e-01 3.343639e+00
1362 1.003802e-09 1.283560e-01 3.200025e+00
1363 9.802646e-10 2.344814e-02 3.184085e+00
1364 8.692929e-10 1.132059e-01 3.223131e+00
1365 9.114245e-10 4.846656e-02 3.359552e+00
1366 1.118706e-09 2.274254e-01 3.224618e+00
1367 1.054255e-09 5.761172e-02 3.142805e+00
1368 1.116182e-09 5.873997e-02 3.104029e+00
1369 8.574346e-10 2.318147e-01 3.223869e+00
1370 1.013030e-09 1.814665e-01 3.239873e+00
1371 1.092368e-09 7.831771e-02 3.279475e+00
1372 8.020640e-10 2.657569e-01 3.423827e+00
1373 1.103637e-09 3.759967e-01 3.280359e+00
1374 9.761021e-10 1.155591e-01 3.455624e+00
1375 1.025981e-09 5.110006e-02 3.836752e+00
1376 1.581252e-09 5.412102e-01 3.198629e+00
1377 1.190327e-09 2.472251e-01 3.232395e+00
1378 9.634451e-10 1.906047e-01 3.359642e+00
1379 1.009483e-09 4.778495e-02 3.207287e+00
1380 1.196866e-09 1.856229e-01 3.368136e+00
1381 8.764850e-10 2.676836e-01 3.246733e+00
1382 9.377233e-10 6.986811e-02 3.136085e+00
1383 1.164769e-09 2.421241e-01 3.103644e+00
1384 1.151261e-09 1.159694e-02 3.255470e+00
1385 9.112794e-10 2.084511e-01 3.239613e+00
1386 7.989321e-10 1.232852e-01 3.318327e+00
1387 8.895880e-10 1.134712e-01 3.358736e+00
1388 8.654070e-10 2.718224e-02 3.343895e+00
1389 1.068303e-09 2.344516e-01 3.199566e+00
1390 6.299204e-10 4.103541e-01 3.239690e+00
1391 9.265331e-10 4.708731e-01 3.240168e+00
1392 1.037671e-09 1.199499e-01 3.206439e+00
1393 8.030859e-10 2.260685e-01 3.087903e+00
1394 7.782957e-10 3.086878e-02 3.232421e+00
1395 4.556492e-10 4.145551e-01 3.239055e+00
1396 1.040510e-09 1.283577e+00 3.263789e+00
1397 1.036996e-09 3.377158e-03 3.095914e+00
1398 7.699996e-10 2.574710e-01 3.198676e+00
1399 7.825647e-10 1.631827e-02 3.515590e+00
1400 8.516408e-10 8.826884e-02 3.368244e+00
1401 8.370805e-10 1.709669e-02 3.411954e+00
1402 8.575852e-10 2.449550e-02 3.167638e+00
1403 5.994277e-10 3.010284e-01 3.175168e+00
1404 9.105969e-10 5.191105e-01 3.191767e+00
1405 9.070347e-10 3.912007e-03 3.255565e+00
1406 7.541937e-10 1.685062e-01 3.206910e+00
1407 9.027968e-10 1.970358e-01 3.168073e+00
1408 1.049243e-09 1.622141e-01 3.327398e+00
1409 8.458984e-10 1.938015e-01 3.311056e+00
1410 7.395510e-10 1.257212e-01 3.159758e+00
1411 7.850545e-10 6.152854e-02 3.120063e+00
1412 7.706938e-10 1.829252e-02 3.039487e+00
1413 7.882774e-10 2.281529e-02 3.071420e+00
1414 1.163674e-09 4.762244e-01 3.119725e+00
1415 9.686076e-10 1.676300e-01 3.248203e+00
1416 8.224130e-10 1.509327e-01 3.182832e+00
1417 7.970351e-10 3.085788e-02 3.206647e+00
1418 4.260542e-10 4.654512e-01 3.175820e+00
1419 8.393237e-10 9.699929e-01 3.135798e+00
1420 8.757813e-10 4.343689e-02 3.222288e+00
1421 9.087827e-10 3.768221e-02 3.214875e+00
1422 6.791752e-10 2.526540e-01 3.263079e+00
1423 6.121802e-10 9.864166e-02 3.119673e+00
1424 7.587289e-10 2.393881e-01 3.248549e+00
1425 8.842046e-10 1.653763e-01 3.223564e+00
1426 7.408595e-10 1.621176e-01 3.167857e+00
1427 6.418415e-10 1.336529e-01 3.239509e+00
1428 6.179670e-10 3.719681e-02 3.367474e+00
1429 3.922759e-10 3.652155e-01 3.400471e+00
1430 7.887214e-10 1.010629e+00 3.263142e+00
1431 6.673098e-10 1.539348e-01 3.223835e+00
1432 6.675220e-10 3.181051e-04 3.271796e+00
1433 3.391496e-10 4.919275e-01 3.367745e+00
1434 6.128019e-10 8.068779e-01 3.318773e+00
1435 6.496420e-10 6.011745e-02 3.166756e+00
1436 6.924152e-10 6.584123e-02 3.238787e+00
1437 6.025094e-10 1.298439e-01 3.175867e+00
1438 6.199701e-10 2.897996e-02 3.343833e+00
1439 9.682833e-10 5.618227e-01 3.359515e+00
1440 7.077153e-10 2.691031e-01 3.311261e+00
1441 7.429554e-10 4.979408e-02 3.424141e+00
1442 5.384132e-10 2.753088e-01 3.327494e+00
1443 5.771054e-10 7.186332e-02 3.287563e+00
1444 6.176613e-10 7.027468e-02 3.271115e+00
1445 5.035987e-10 1.846684e-01 3.140696e+00
1446 5.237593e-10 4.003295e-02 3.189080e+00
1447 4.584987e-10 1.246003e-01 3.223913e+00
1448 8.363507e-10 8.241070e-01 3.072150e+00
1449 6.611058e-10 2.095351e-01 3.200240e+00
1450 3.072074e-10 5.353129e-01 3.231279e+00
1451 7.633140e-10 1.484686e+00 3.311444e+00
1452 7.087658e-10 7.146226e-02 3.304114e+00
1453 5.567288e-10 2.145096e-01 3.608100e+00
1454 6.734896e-10 2.097266e-01 3.447635e+00
1455 6.185059e-10 8.163999e-02 3.327696e+00
1456 4.301667e-10 3.045068e-01 3.256595e+00
1457 7.261907e-10 6.881611e-01 3.286986e+00
1458 6.382660e-10 1.210766e-01 3.240294e+00
1459 5.236807e-10 1.795260e-01 3.255694e+00
1460 6.102042e-10 1.652220e-01 3.223598e+00
1461 6.680561e-10 9.480733e-02 3.287607e+00
1462 6.773452e-10 1.390471e-02 3.222918e+00
1463 5.491331e-10 1.892862e-01 3.255921e+00
1464 6.735849e-10 2.266332e-01 3.575510e+00
1465 7.482838e-10 1.108976e-01 3.495442e+00
1466 4.550522e-10 3.918721e-01 3.328389e+00
1467 4.296455e-10 5.583244e-02 3.287453e+00
1468 5.328414e-10 2.401884e-01 3.168037e+00
1469 4.047933e-10 2.403119e-01 3.094912e+00
1470 4.535687e-10 1.204946e-01 3.167581e+00
1471 5.043277e-10 1.119102e-01 3.224324e+00
1472 5.323999e-10 5.566264e-02 3.063675e+00
1473 4.851195e-10 8.880618e-02 3.023917e+00
1474 6.347336e-10 3.084067e-01 3.047209e+00
1475 4.795355e-10 2.445090e-01 3.080026e+00
1476 4.304253e-10 1.024122e-01 3.175709e+00
1477 4.278498e-10 5.983607e-03 3.711788e+00
1478 4.443372e-10 3.853567e-02 3.335493e+00
1479 4.323030e-10 2.708362e-02 3.428182e+00
1480 3.661721e-10 1.529735e-01 3.288309e+00
1481 5.409004e-10 4.771755e-01 3.207160e+00
1482 5.021680e-10 7.160738e-02 3.064651e+00
1483 3.881271e-10 2.270971e-01 3.286999e+00
1484 6.238440e-10 6.073188e-01 3.327702e+00
1485 5.058672e-10 1.891126e-01 3.247114e+00
1486 4.703518e-10 7.020712e-02 3.271468e+00
1487 5.652654e-10 2.017929e-01 3.264129e+00
1488 6.404133e-10 1.329427e-01 3.168153e+00
1489 4.998595e-10 2.194736e-01 3.286419e+00
1490 4.845673e-10 3.059302e-02 3.198903e+00
1491 4.400476e-10 9.187521e-02 3.208230e+00
1492 2.949527e-10 3.297253e-01 3.135545e+00
1493 6.315057e-10 1.141040e+00 3.183237e+00
1494 6.636834e-10 5.095394e-02 3.216226e+00
1495 5.049604e-10 2.391547e-01 3.199599e+00
1496 4.290291e-10 1.503707e-01 3.303737e+00
1497 4.512732e-10 5.184752e-02 4.207695e+00
1498 4.489721e-10 5.099259e-03 3.591855e+00
1499 5.029580e-10 1.202434e-01 3.359313e+00
1500 4.085521e-10 1.877014e-01 3.182564e+00
1501 6.533450e-10 5.991720e-01 3.167943e+00
1502 5.278357e-10 1.921028e-01 3.311432e+00
1503 5.150945e-10 2.413846e-02 3.207167e+00
1504 5.775626e-10 1.212749e-01 3.240154e+00
1505 4.476595e-10 2.249161e-01 3.175840e+00
1506 4.310909e-10 3.701145e-02 3.207407e+00
1507 2.392475e-10 4.450185e-01 3.216442e+00
1508 5.276021e-10 1.205256e+00 3.263794e+00
1509 5.662554e-10 7.326223e-02 3.184019e+00
1510 3.662712e-10 3.531695e-01 3.296515e+00
1511 3.535912e-10 3.461937e-02 3.279620e+00
1512 5.426664e-10 5.347283e-01 3.295407e+00
1513 5.038571e-10 7.151593e-02 3.328146e+00
1514 4.461949e-10 1.144416e-01 3.351309e+00
1515 4.852722e-10 8.757899e-02 3.312058e+00
1516 3.634366e-10 2.510664e-01 3.199115e+00
1517 4.379335e-10 2.049789e-01 3.192157e+00
1518 3.928079e-10 1.030421e-01 3.391751e+00
1519 3.866967e-10 1.555779e-02 3.334962e+00
1520 3.477033e-10 1.008371e-01 3.443186e+00
1521 3.845360e-10 1.059313e-01 3.264525e+00
1522 3.950065e-10 2.722896e-02 3.239462e+00
1523 3.608883e-10 8.637366e-02 3.223984e+00
1524 4.638199e-10 2.852172e-01 3.231469e+00
1525 3.237313e-10 3.020324e-01 3.239293e+00
1526 2.873788e-10 1.122921e-01 3.232206e+00
1527 4.871060e-10 6.949964e-01 3.221641e+00
1528 3.590729e-10 2.628445e-01 3.158167e+00
1529 4.061650e-10 1.311492e-01 3.112233e+00
1530 2.970230e-10 2.687135e-01 3.175297e+00
1531 3.555215e-10 1.969496e-01 3.279693e+00
1532 3.698574e-10 4.032348e-02 3.239179e+00
1533 3.471423e-10 6.141571e-02 3.455446e+00
1534 3.987438e-10 1.486465e-01 3.414266e+00
1535 4.671090e-10 1.714514e-01 3.175728e+00
1536 3.664418e-10 2.155113e-01 3.143370e+00
1537 3.496804e-10 4.574088e-02 3.263717e+00
1538 4.109495e-10 1.752146e-01 3.183721e+00
1539 3.824311e-10 6.939639e-02 3.111547e+00
1540 3.314324e-10 1.333538e-01 3.271824e+00
1541 2.858312e-10 1.375882e-01 3.184022e+00
1542 2.894464e-10 1.264770e-02 3.255825e+00
1543 3.571539e-10 2.339207e-01 3.151885e+00
1544 2.659473e-10 2.553706e-01 3.184040e+00
1545 3.131518e-10 1.774960e-01 3.135301e+00
1546 2.258562e-10 2.787645e-01 3.151958e+00
1547 4.498012e-10 9.915378e-01 3.054906e+00
1548 3.490572e-10 2.239744e-01 3.095262e+00
1549 1.908038e-10 4.533738e-01 3.184455e+00
1550 2.887660e-10 5.134184e-01 3.335370e+00
1551 2.721513e-10 5.753693e-02 3.223824e+00
1552 1.180160e-10 5.663587e-01 3.207316e+00
1553 3.267241e-10 1.768472e+00 3.157999e+00
1554 3.797005e-10 1.621442e-01 3.128251e+00
1555 3.405078e-10 1.032199e-01 3.152137e+00
1556 2.904249e-10 1.470831e-01 3.159669e+00
1557 2.517596e-10 1.331335e-01 3.215485e+00
1558 2.440005e-10 3.081958e-02 3.382796e+00
1559 1.465306e-10 3.994661e-01 3.207898e+00
1560 2.072598e-10 4.144473e-01 3.207793e+00
1561 2.212347e-10 6.742714e-02 3.231944e+00
1562 2.629275e-10 1.884549e-01 3.167764e+00
1563 2.300262e-10 1.251343e-01 3.326473e+00
1564 2.774984e-10 2.063771e-01 3.301611e+00
1565 3.353368e-10 2.084279e-01 3.421776e+00
1566 2.946573e-10 1.213093e-01 3.096498e+00
1567 2.637905e-10 1.047548e-01 3.079251e+00
1568 2.838429e-10 7.601639e-02 3.111370e+00
1569 2.741450e-10 3.416646e-02 3.094937e+00
1570 2.439899e-10 1.099969e-01 3.125971e+00
1571 2.281438e-10 6.494572e-02 3.056661e+00
1572 2.219576e-10 2.711567e-02 3.205853e+00
1573 2.726298e-10 2.282970e-01 3.215363e+00
1574 2.080761e-10 2.367815e-01 3.189323e+00
1575 2.181376e-10 4.835494e-02 3.199433e+00
1576 1.274472e-10 4.157488e-01 3.455489e+00
1577 1.924674e-10 5.101739e-01 3.448076e+00
1578 2.102422e-10 9.235218e-02 3.263603e+00
1579 2.580935e-10 2.276013e-01 3.199720e+00
1580 2.972260e-10 1.516213e-01 3.295860e+00
1581 2.595093e-10 1.268957e-01 3.183428e+00
1582 2.114416e-10 1.852252e-01 3.103927e+00
1583 9.612611e-11 5.453776e-01 3.135356e+00
