1 9.996928e-01 1.000000e+00 1.863484e+00
2 9.989878e-01 7.051963e-04 1.884988e+00
3 9.989625e-01 2.531096e-05 1.943660e+00
4 9.968996e-01 2.065019e-03 2.083852e+00
5 9.968488e-01 5.092951e-05 2.075409e+00
6 9.924579e-01 4.404874e-03 2.143639e+00
7 9.899317e-01 2.545391e-03 1.939714e+00
8 9.830505e-01 6.951183e-03 1.928282e+00
9 9.825887e-01 4.696787e-04 1.910247e+00
10 9.733691e-01 9.383060e-03 1.883085e+00
11 9.384809e-01 3.584265e-02 1.962848e+00
12 9.385109e-01 3.196575e-05 1.935219e+00
13 9.373773e-01 1.207898e-03 1.941036e+00
14 6.899874e-01 2.639171e-01 1.879793e+00
15 6.601623e-01 4.322558e-02 1.964916e+00
16 6.519710e-01 1.240803e-02 1.958899e+00
17 5.633891e-01 1.358679e-01 1.973742e+00
18 5.341337e-01 5.192738e-02 2.094311e+00
19 5.310359e-01 5.799761e-03 1.859662e+00
20 5.204472e-01 1.993972e-02 1.858704e+00
21 5.192676e-01 2.266487e-03 1.874674e+00
22 5.161865e-01 5.933622e-03 1.812672e+00
23 5.142340e-01 3.782446e-03 1.807750e+00
24 5.116850e-01 4.956928e-03 1.829355e+00
25 5.165287e-01 9.466255e-03 1.839189e+00
26 5.114105e-01 9.908963e-03 1.917792e+00
27 5.069601e-01 8.702197e-03 1.909884e+00
28 5.014368e-01 1.089486e-02 1.905154e+00
29 4.883516e-01 2.609547e-02 1.862491e+00
30 4.851108e-01 6.636139e-03 2.063698e+00
31 4.830525e-01 4.243052e-03 1.999246e+00
32 4.800939e-01 6.124669e-03 1.957605e+00
33 4.775714e-01 5.254303e-03 1.849451e+00
34 4.835743e-01 1.256977e-02 1.799548e+00
35 4.716281e-01 2.470396e-02 1.844339e+00
36 4.697849e-01 3.908292e-03 1.859630e+00
37 4.679200e-01 3.969542e-03 1.842838e+00
38 4.670176e-01 1.928516e-03 1.844043e+00
39 4.702153e-01 6.846931e-03 1.830146e+00
40 4.728945e-01 5.697739e-03 1.810016e+00
41 4.660043e-01 1.457017e-02 1.843475e+00
42 4.643979e-01 3.447091e-03 1.804544e+00
43 4.632872e-01 2.391876e-03 1.794554e+00
44 4.658881e-01 5.614081e-03 1.787634e+00
45 4.405135e-01 5.446507e-02 1.878935e+00
46 4.372376e-01 7.436421e-03 1.768727e+00
47 4.389027e-01 3.808145e-03 1.855194e+00
48 4.438607e-01 1.129640e-02 1.763743e+00
49 4.396328e-01 9.525352e-03 1.774237e+00
50 4.370855e-01 5.794144e-03 1.812756e+00
51 4.178045e-01 4.411263e-02 1.919951e+00
52 4.175189e-01 6.835265e-04 1.799612e+00
53 4.167648e-01 1.806272e-03 1.840196e+00
54 4.199205e-01 7.571949e-03 1.812442e+00
55 4.200291e-01 2.587650e-04 1.825202e+00
56 4.130330e-01 1.665620e-02 1.824862e+00
57 4.119171e-01 2.701878e-03 1.823923e+00
58 3.567342e-01 1.339661e-01 1.865278e+00
59 3.190932e-01 1.055154e-01 1.819450e+00
60 3.105965e-01 2.662769e-02 1.824200e+00
61 3.038855e-01 2.160689e-02 1.864551e+00
62 3.115224e-01 2.513097e-02 1.838428e+00
63 3.010547e-01 3.360188e-02 1.814066e+00
64 3.005806e-01 1.574713e-03 2.024006e+00
65 2.997037e-01 2.917500e-03 2.044959e+00
66 2.990884e-01 2.052980e-03 1.938944e+00
67 2.315177e-01 2.259222e-01 1.897415e+00
68 2.281034e-01 1.474726e-02 1.938805e+00
69 2.227938e-01 2.327707e-02 1.820296e+00
70 2.282223e-01 2.436568e-02 1.814510e+00
71 2.221535e-01 2.659196e-02 1.849358e+00
72 2.213650e-01 3.549281e-03 1.843249e+00
73 2.212251e-01 6.320616e-04 1.857383e+00
74 2.205610e-01 3.001603e-03 1.829447e+00
75 2.201014e-01 2.084125e-03 1.783972e+00
76 2.215544e-01 6.601810e-03 1.779753e+00
77 2.239103e-01 1.063357e-02 1.924949e+00
78 2.200256e-01 1.734943e-02 2.013944e+00
79 2.143584e-01 2.575701e-02 1.963152e+00
80 2.140262e-01 1.549820e-03 1.919934e+00
81 2.137431e-01 1.322841e-03 1.903629e+00
82 2.105770e-01 1.481276e-02 1.883901e+00
83 2.102977e-01 1.325931e-03 1.809842e+00
84 2.086238e-01 7.959939e-03 1.813859e+00
85 2.049409e-01 1.765309e-02 1.844722e+00
86 2.018130e-01 1.526274e-02 1.944456e+00
87 2.008998e-01 4.524904e-03 1.834710e+00
88 2.008939e-01 2.925700e-05 1.699893e+00
89 1.890152e-01 5.912907e-02 1.814987e+00
90 1.937902e-01 2.526205e-02 1.832444e+00
91 1.899818e-01 1.965181e-02 2.004247e+00
92 1.898259e-01 8.208400e-04 1.840291e+00
93 1.834441e-01 3.361919e-02 1.868976e+00
94 1.756705e-01 4.237568e-02 1.843519e+00
95 1.593909e-01 9.267139e-02 1.919876e+00
96 1.447418e-01 9.190649e-02 1.857514e+00
97 1.370032e-01 5.346526e-02 1.860027e+00
98 1.332985e-01 2.704056e-02 1.909810e+00
99 1.316968e-01 1.201603e-02 1.837774e+00
100 1.311726e-01 3.980310e-03 1.864774e+00
101 1.326130e-01 1.098093e-02 2.003952e+00
102 1.329388e-01 2.456378e-03 1.927514e+00
103 1.326948e-01 1.834850e-03 1.974748e+00
104 1.443880e-01 8.812057e-02 1.889789e+00
105 1.339085e-01 7.257844e-02 1.834078e+00
106 1.305296e-01 2.523315e-02 2.172550e+00
107 1.280341e-01 1.911837e-02 1.798713e+00
108 1.217568e-01 4.902785e-02 1.809429e+00
109 1.291017e-01 6.032413e-02 1.858221e+00
110 1.252402e-01 2.991056e-02 1.854704e+00
111 1.187391e-01 5.190941e-02 1.899526e+00
112 1.255885e-01 5.768450e-02 1.842585e+00
113 1.209984e-01 3.654851e-02 1.889298e+00
114 1.194262e-01 1.299395e-02 1.829306e+00
115 1.177219e-01 1.427070e-02 1.913907e+00
116 1.160697e-01 1.403431e-02 2.048287e+00
117 1.166291e-01 4.819675e-03 1.933002e+00
118 1.175435e-01 7.839510e-03 1.824950e+00
119 1.112298e-01 5.371324e-02 1.839828e+00
120 1.101290e-01 9.896552e-03 1.861594e+00
121 1.127095e-01 2.343138e-02 1.845167e+00
122 1.104412e-01 2.012474e-02 1.819905e+00
123 1.308642e-01 1.849212e-01 1.833104e+00
124 1.131177e-01 1.356099e-01 1.829424e+00
125 1.010171e-01 1.069731e-01 1.834031e+00
126 1.036731e-01 2.629183e-02 1.729232e+00
127 9.897640e-02 4.530273e-02 1.806746e+00
128 9.801832e-02 9.679876e-03 1.843780e+00
129 9.276022e-02 5.364407e-02 1.818237e+00
130 9.480234e-02 2.201505e-02 1.840313e+00
131 9.143517e-02 3.551780e-02 1.743489e+00
132 9.090400e-02 5.809237e-03 1.779195e+00
133 8.903766e-02 2.053090e-02 1.747694e+00
134 9.000560e-02 1.087111e-02 1.819023e+00
135 8.958963e-02 4.621576e-03 1.819454e+00
136 1.138630e-01 2.709394e-01 1.896485e+00
137 8.784906e-02 2.284669e-01 1.778268e+00
138 8.005493e-02 8.872182e-02 1.748143e+00
139 7.806705e-02 2.483148e-02 1.750105e+00
140 7.620803e-02 2.381306e-02 1.779159e+00
141 7.823508e-02 2.659886e-02 1.849418e+00
142 7.986352e-02 2.081466e-02 1.872871e+00
143 7.830203e-02 1.955196e-02 1.814998e+00
144 7.583900e-02 3.145552e-02 1.823489e+00
145 7.523179e-02 8.006593e-03 1.838962e+00
146 7.455338e-02 9.017621e-03 1.812757e+00
147 7.487092e-02 4.259345e-03 1.794345e+00
148 7.584927e-02 1.306716e-02 1.748666e+00
149 7.361713e-02 2.942862e-02 1.762307e+00
150 7.353480e-02 1.118377e-03 1.779351e+00
151 7.434224e-02 1.098041e-02 1.819999e+00
152 7.803377e-02 4.965582e-02 1.838866e+00
153 7.359153e-02 5.692709e-02 1.848163e+00
154 7.443243e-02 1.142653e-02 1.904481e+00
155 1.325891e-01 7.813349e-01 1.958254e+00
156 7.328394e-02 4.472852e-01 1.898783e+00
157 8.865025e-02 2.096817e-01 1.854442e+00
158 6.517080e-02 2.648549e-01 1.779671e+00
159 6.441880e-02 1.153888e-02 1.853161e+00
160 9.002487e-02 3.974937e-01 1.908302e+00
161 6.046678e-02 3.283325e-01 1.880021e+00
162 5.478918e-02 9.389610e-02 1.787848e+00
163 5.262643e-02 3.947417e-02 1.814297e+00
164 5.185445e-02 1.466905e-02 1.754469e+00
165 5.444548e-02 4.996738e-02 1.784674e+00
166 5.046295e-02 7.314704e-02 1.829196e+00
167 6.878224e-02 3.630244e-01 1.803511e+00
168 5.760775e-02 1.624618e-01 1.777370e+00
169 4.785394e-02 1.693142e-01 1.904874e+00
170 4.609654e-02 3.672425e-02 1.839723e+00
171 4.450925e-02 3.443408e-02 1.829554e+00
172 4.206771e-02 5.485469e-02 1.843700e+00
173 4.231955e-02 5.986724e-03 1.843499e+00
174 5.333675e-02 2.603335e-01 1.863245e+00
175 4.300688e-02 1.936726e-01 1.809660e+00
176 7.277475e-02 6.921652e-01 1.844496e+00
177 4.142871e-02 4.307269e-01 1.824170e+00
178 4.723576e-02 1.401696e-01 1.788739e+00
179 4.100210e-02 1.319690e-01 1.824371e+00
180 3.880516e-02 5.358132e-02 1.874675e+00
181 3.682184e-02 5.110962e-02 1.874534e+00
182 3.768608e-02 2.347087e-02 1.852911e+00
183 6.108372e-02 6.208562e-01 1.804317e+00
184 4.051184e-02 3.367818e-01 1.873759e+00
185 3.407184e-02 1.589658e-01 1.899985e+00
186 3.650081e-02 7.128956e-02 1.734123e+00
187 3.284614e-02 1.001256e-01 1.759783e+00
188 4.757564e-02 4.484393e-01 1.879723e+00
189 3.564587e-02 2.507537e-01 1.874710e+00
190 3.851687e-02 8.054223e-02 2.039110e+00
191 2.918805e-02 2.422009e-01 1.919310e+00
192 3.671347e-02 2.578253e-01 1.800193e+00
193 3.267679e-02 1.099508e-01 1.873980e+00
194 4.458865e-02 3.645356e-01 1.784295e+00
195 2.891612e-02 3.514915e-01 1.819393e+00
196 3.578120e-02 2.374137e-01 1.771692e+00
197 2.685458e-02 2.494778e-01 1.874279e+00
198 3.156442e-02 1.753829e-01 1.828964e+00
199 3.012395e-02 4.563578e-02 1.828786e+00
200 3.671640e-02 2.188441e-01 1.855277e+00
201 2.324067e-02 3.670222e-01 1.892991e+00
202 2.488017e-02 7.054443e-02 1.817406e+00
203 2.397545e-02 3.636294e-02 1.825129e+00
204 2.199541e-02 8.258630e-02 1.978647e+00
205 2.150930e-02 2.210042e-02 1.984223e+00
206 2.564046e-02 1.920641e-01 1.800019e+00
207 2.420024e-02 5.616979e-02 1.834612e+00
208 2.960948e-02 2.235197e-01 1.773078e+00
209 2.746487e-02 7.242971e-02 1.799233e+00
210 1.830781e-02 3.334098e-01 1.824253e+00
211 2.145882e-02 1.721126e-01 1.828719e+00
212 1.738176e-02 1.899947e-01 1.872828e+00
213 1.701536e-02 2.107966e-02 1.792857e+00
214 2.092519e-02 2.297826e-01 1.839570e+00
215 2.273547e-02 8.651190e-02 1.824483e+00
216 1.988995e-02 1.251576e-01 1.807756e+00
217 1.524352e-02 2.336069e-01 1.843514e+00
218 1.463127e-02 4.016435e-02 1.815275e+00
219 1.261362e-02 1.379001e-01 1.832244e+00
220 1.170374e-02 7.213462e-02 1.838271e+00
221 1.269383e-02 8.459617e-02 1.847885e+00
222 1.257452e-02 9.399001e-03 1.915174e+00
223 2.077992e-02 6.525413e-01 1.889646e+00
224 9.536681e-03 5.410627e-01 1.823649e+00
225 9.968986e-03 4.533074e-02 1.849095e+00
226 1.205654e-02 2.094044e-01 1.839056e+00
227 8.601681e-03 2.865545e-01 1.825352e+00
228 1.123318e-02 3.059279e-01 1.843718e+00
229 9.002581e-03 1.985720e-01 1.888707e+00
230 7.854459e-03 1.275326e-01 1.828892e+00
231 6.595908e-03 1.602340e-01 1.824705e+00
232 5.302703e-03 1.960617e-01 1.858246e+00
233 4.530348e-03 1.456531e-01 1.842969e+00
234 3.848450e-03 1.505177e-01 1.849425e+00
235 3.600005e-03 6.455729e-02 1.769040e+00
236 2.918496e-03 1.893077e-01 1.779475e+00
237 3.519747e-03 2.060139e-01 1.814441e+00
238 2.758794e-03 2.161952e-01 1.844516e+00
239 3.041962e-03 1.026418e-01 1.775244e+00
240 3.115318e-03 2.411460e-02 1.789057e+00
241 5.487726e-03 7.615303e-01 1.753444e+00
242 4.781327e-03 1.287235e-01 1.762460e+00
243 3.236922e-03 3.230077e-01 1.847419e+00
244 5.762991e-03 7.803923e-01 1.779713e+00
245 3.885742e-03 3.257421e-01 1.893177e+00
246 2.791868e-03 2.815097e-01 2.034863e+00
247 3.254397e-03 1.656702e-01 2.133642e+00
248 3.269695e-03 4.700616e-03 1.895125e+00
249 2.534065e-03 2.249844e-01 1.884450e+00
250 2.591089e-03 2.250293e-02 1.820073e+00
251 2.677309e-03 3.327560e-02 1.844932e+00
252 2.295586e-03 1.425769e-01 1.828535e+00
253 2.192622e-03 4.485310e-02 1.804661e+00
254 2.711461e-03 2.366294e-01 1.748742e+00
255 1.943461e-03 2.832422e-01 1.885197e+00
256 2.825172e-03 4.536808e-01 1.823494e+00
257 1.724745e-03 3.895080e-01 1.794955e+00
258 2.251519e-03 3.054212e-01 1.833612e+00
259 1.581916e-03 2.974002e-01 1.894318e+00
260 2.365397e-03 4.952732e-01 1.940023e+00
261 2.225003e-03 5.935337e-02 1.849462e+00
262 1.817200e-03 1.832817e-01 1.834040e+00
263 1.771524e-03 2.513558e-02 1.869899e+00
264 1.731397e-03 2.265122e-02 1.829347e+00
265 1.686526e-03 2.591574e-02 1.809715e+00
266 2.473366e-03 4.665446e-01 1.799558e+00
267 2.798730e-03 1.315469e-01 1.804818e+00
268 1.831637e-03 3.455471e-01 1.804303e+00
269 1.843981e-03 6.739411e-03 1.864027e+00
270 2.626338e-03 4.242762e-01 1.818822e+00
271 1.614888e-03 3.851181e-01 1.794596e+00
272 1.891961e-03 1.715743e-01 1.858783e+00
273 1.347947e-03 2.875398e-01 1.804080e+00
274 1.864921e-03 3.835272e-01 1.818759e+00
275 2.362372e-03 2.667406e-01 1.824847e+00
276 1.960157e-03 1.702586e-01 1.829070e+00
277 1.330306e-03 3.213268e-01 1.704097e+00
278 1.530480e-03 1.504722e-01 1.761522e+00
279 1.165547e-03 2.384437e-01 1.784310e+00
280 1.150479e-03 1.292746e-02 1.824316e+00
281 1.132650e-03 1.549737e-02 1.814533e+00
282 1.306458e-03 1.534527e-01 1.824545e+00
283 1.119242e-03 1.433006e-01 1.844345e+00
284 8.383982e-04 2.509232e-01 1.824418e+00
285 1.462353e-03 7.442222e-01 1.834170e+00
286 1.339766e-03 8.382862e-02 1.794988e+00
287 1.259363e-03 6.001271e-02 1.809549e+00
288 1.131266e-03 1.017154e-01 1.762847e+00
289 1.322442e-03 1.689928e-01 1.744717e+00
290 4.718440e-04 6.432025e-01 1.829010e+00
291 1.301837e-03 1.759041e+00 1.789340e+00
292 8.343260e-04 3.591163e-01 1.718724e+00
293 1.314677e-03 5.757351e-01 1.769672e+00
294 1.295958e-03 1.423863e-02 1.790738e+00
295 9.717577e-04 2.501624e-01 1.848444e+00
296 1.280219e-03 3.174260e-01 1.949329e+00
297 5.463726e-04 5.732194e-01 1.778970e+00
298 1.286942e-03 1.355429e+00 1.789207e+00
299 1.222021e-03 5.044616e-02 1.744665e+00
300 1.116810e-03 8.609548e-02 1.763425e+00
301 1.051820e-03 5.819285e-02 1.749661e+00
302 5.740336e-04 4.542472e-01 1.863815e+00
303 1.003717e-03 7.485342e-01 1.738699e+00
304 7.462726e-04 2.564914e-01 1.825309e+00
305 1.058346e-03 4.181758e-01 1.843304e+00
306 7.011388e-04 3.375144e-01 1.853552e+00
307 8.121523e-04 1.583331e-01 1.788587e+00
308 6.542516e-04 1.944226e-01 1.813696e+00
309 7.689535e-04 1.753178e-01 1.819697e+00
310 8.354211e-04 8.643901e-02 1.877938e+00
311 9.103271e-04 8.966265e-02 1.908951e+00
312 4.254168e-04 5.326770e-01 1.773276e+00
313 6.951716e-04 6.340952e-01 1.789782e+00
314 4.939518e-04 2.894533e-01 1.798554e+00
315 4.649356e-04 5.874297e-02 1.773220e+00
316 6.767893e-04 4.556623e-01 1.804535e+00
317 5.929780e-04 1.238366e-01 1.828141e+00
318 3.619405e-04 3.896224e-01 1.804202e+00
319 4.038812e-04 1.158773e-01 1.873899e+00
320 3.506140e-04 1.318882e-01 1.802541e+00
321 3.939794e-04 1.236841e-01 1.858410e+00
322 4.982740e-04 2.647210e-01 1.910057e+00
323 4.921404e-04 1.230980e-02 1.914433e+00
324 3.476664e-04 2.935625e-01 1.937251e+00
325 3.173725e-04 8.713497e-02 1.892961e+00
326 2.965412e-04 6.563662e-02 1.784787e+00
327 2.355002e-04 2.058434e-01 1.713776e+00
328 1.768885e-04 2.488817e-01 1.748797e+00
329 2.391335e-04 3.518884e-01 1.818084e+00
330 2.526815e-04 5.665471e-02 1.749285e+00
331 1.541634e-04 3.898905e-01 1.842972e+00
332 1.615011e-04 4.759667e-02 1.859872e+00
333 1.795479e-04 1.117446e-01 1.855184e+00
334 1.546582e-04 1.386247e-01 1.849142e+00
335 1.282041e-04 1.710483e-01 1.814917e+00
336 1.252573e-04 2.298515e-02 1.864672e+00
337 1.257669e-04 4.067949e-03 1.774645e+00
338 1.301121e-04 3.454946e-02 1.959078e+00
339 1.175857e-04 9.627397e-02 1.969350e+00
340 1.401702e-04 1.920688e-01 1.963259e+00
341 1.161842e-04 1.711205e-01 1.814927e+00
342 1.189434e-04 2.374826e-02 1.819005e+00
343 1.125950e-04 5.337294e-02 1.830133e+00
344 9.985649e-05 1.131358e-01 1.839712e+00
345 8.724784e-05 1.262677e-01 1.813864e+00
346 7.830552e-05 1.024933e-01 1.829925e+00
347 5.416985e-05 3.082244e-01 1.808544e+00
348 6.387347e-05 1.791332e-01 1.809702e+00
349 5.272765e-05 1.744984e-01 1.859504e+00
350 6.344484e-05 2.032555e-01 1.798933e+00
351 4.905038e-05 2.268814e-01 1.708609e+00
352 6.545082e-05 3.343590e-01 1.714615e+00
353 4.941268e-05 2.450411e-01 1.844443e+00
354 6.557392e-05 3.270667e-01 1.791552e+00
355 6.138438e-05 6.389031e-02 1.772674e+00
356 4.431968e-05 2.779974e-01 1.739297e+00
357 4.535460e-05 2.335111e-02 1.778550e+00
358 3.150465e-05 3.053704e-01 1.829664e+00
359 3.497520e-05 1.101599e-01 1.805084e+00
360 3.337136e-05 4.585629e-02 1.788675e+00
361 3.291133e-05 1.378537e-02 1.785279e+00
362 2.315608e-05 2.964100e-01 1.799389e+00
363 2.467155e-05 6.544593e-02 1.818879e+00
364 1.999994e-05 1.893520e-01 1.978156e+00
365 2.756325e-05 3.781663e-01 2.004223e+00
366 2.315274e-05 1.600141e-01 1.958613e+00
367 2.495530e-05 7.785511e-02 1.788189e+00
368 2.028716e-05 1.870600e-01 1.815259e+00
369 1.950470e-05 3.856932e-02 1.802888e+00
370 1.775718e-05 8.959490e-02 1.699521e+00
371 2.057031e-05 1.584223e-01 1.654785e+00
372 1.564174e-05 2.395962e-01 1.647944e+00
373 1.403110e-05 1.029708e-01 1.688989e+00
374 1.286509e-05 8.310211e-02 1.734618e+00
375 1.340559e-05 4.201336e-02 1.724991e+00
376 1.512398e-05 1.281848e-01 1.743530e+00
377 1.348788e-05 1.081793e-01 1.829096e+00
378 1.404035e-05 4.096034e-02 1.810177e+00
379 1.308807e-05 6.782483e-02 1.853769e+00
380 1.535493e-05 1.732007e-01 1.889880e+00
381 1.164243e-05 2.417788e-01 1.733468e+00
382 1.222335e-05 4.989622e-02 1.729957e+00
383 9.510667e-06 2.219261e-01 1.798479e+00
384 1.038766e-05 9.221141e-02 1.810193e+00
385 1.079284e-05 3.900584e-02 1.873404e+00
386 1.121610e-05 3.921711e-02 1.763660e+00
387 1.013143e-05 9.670638e-02 1.808338e+00
388 1.090804e-05 7.665328e-02 1.729638e+00
389 9.954286e-06 8.743593e-02 1.719911e+00
390 9.551570e-06 4.045660e-02 1.849865e+00
391 1.059729e-05 1.094817e-01 1.833551e+00
392 8.325295e-06 2.143941e-01 1.869015e+00
393 8.422274e-06 1.164871e-02 2.044202e+00
394 7.038002e-06 1.643584e-01 2.004132e+00
395 1.068679e-05 5.184415e-01 1.893386e+00
396 6.235161e-06 4.165547e-01 1.882923e+00
397 7.392252e-06 1.855752e-01 1.869946e+00
398 4.750902e-06 3.573133e-01 1.827787e+00
399 6.003020e-06 2.635539e-01 1.800037e+00
400 5.135819e-06 1.444608e-01 1.834483e+00
401 6.227279e-06 2.125192e-01 1.789740e+00
402 4.888913e-06 2.149198e-01 1.858000e+00
403 6.517128e-06 3.330422e-01 1.839402e+00
404 5.792458e-06 1.111947e-01 1.805137e+00
405 4.968861e-06 1.421843e-01 1.824505e+00
406 5.141766e-06 3.479758e-02 1.849999e+00
407 6.046938e-06 1.760431e-01 1.824202e+00
408 3.956313e-06 3.457328e-01 1.929551e+00
409 4.049251e-06 2.349107e-02 1.849257e+00
410 3.731085e-06 7.857417e-02 1.748589e+00
411 3.872812e-06 3.798545e-02 1.798427e+00
412 4.229061e-06 9.198732e-02 1.824325e+00
413 3.619394e-06 1.441614e-01 1.739899e+00
414 3.007247e-06 1.691297e-01 1.804565e+00
415 3.850958e-06 2.805592e-01 1.788392e+00
416 3.213627e-06 1.654994e-01 1.853568e+00
417 2.481084e-06 2.279490e-01 1.874276e+00
418 2.975889e-06 1.994311e-01 1.889582e+00
419 2.753716e-06 7.465781e-02 1.772434e+00
420 2.554852e-06 7.221655e-02 1.814070e+00
421 2.718766e-06 6.415793e-02 1.839067e+00
422 2.173753e-06 2.004635e-01 1.828304e+00
423 2.913501e-06 3.403095e-01 1.813346e+00
424 3.099090e-06 6.369945e-02 1.769233e+00
425 3.405637e-06 9.891544e-02 1.759962e+00
426 2.796443e-06 1.788782e-01 1.704164e+00
427 2.996828e-06 7.165711e-02 1.689252e+00
428 2.229200e-06 2.561468e-01 1.749774e+00
429 2.505613e-06 1.239967e-01 1.744222e+00
430 1.970948e-06 2.133872e-01 1.724142e+00
431 1.980300e-06 4.745221e-03 1.774445e+00
432 1.693485e-06 1.448342e-01 2.012404e+00
433 1.974441e-06 1.659040e-01 1.954204e+00
434 1.681945e-06 1.481411e-01 1.869752e+00
435 1.505762e-06 1.047493e-01 1.809551e+00
436 1.513679e-06 5.257661e-03 1.834489e+00
437 1.663490e-06 9.897119e-02 1.814492e+00
438 1.637124e-06 1.584952e-02 1.782796e+00
439 1.470007e-06 1.020800e-01 1.719229e+00
440 1.323856e-06 9.942168e-02 1.739832e+00
441 1.270414e-06 4.036861e-02 1.723962e+00
442 1.459584e-06 1.489042e-01 1.724347e+00
443 1.281610e-06 1.219348e-01 1.743489e+00
444 1.148224e-06 1.040765e-01 1.735701e+00
445 1.046599e-06 8.850693e-02 1.805004e+00
446 8.833549e-07 1.559754e-01 1.835026e+00
447 9.607947e-07 8.766554e-02 1.784805e+00
448 9.304203e-07 3.161382e-02 1.859202e+00
449 1.072416e-06 1.526148e-01 1.843711e+00
450 9.447168e-07 1.190764e-01 1.809602e+00
451 9.055741e-07 4.143332e-02 1.839229e+00
452 8.862213e-07 2.137074e-02 1.818574e+00
453 7.387352e-07 1.664213e-01 1.815093e+00
454 7.807237e-07 5.683832e-02 1.754442e+00
455 8.241162e-07 5.557993e-02 1.753095e+00
456 8.068910e-07 2.090141e-02 1.757170e+00
457 7.246891e-07 1.018748e-01 1.730184e+00
458 7.220490e-07 3.643177e-03 1.758217e+00
459 8.977553e-07 2.433440e-01 1.770297e+00
460 6.302738e-07 2.979447e-01 1.773642e+00
461 7.865119e-07 2.478892e-01 1.795199e+00
462 5.517761e-07 2.984516e-01 1.794901e+00
463 6.116928e-07 1.085887e-01 1.863106e+00
464 5.920297e-07 3.214532e-02 1.794739e+00
465 5.779008e-07 2.386526e-02 1.842863e+00
466 5.712282e-07 1.154636e-02 1.797716e+00
467 5.164534e-07 9.588946e-02 1.858582e+00
468 5.679274e-07 9.966834e-02 1.878844e+00
469 4.976146e-07 1.238060e-01 1.879622e+00
470 4.661563e-07 6.321835e-02 2.058070e+00
471 4.707515e-07 9.857672e-03 1.944113e+00
472 3.893283e-07 1.729642e-01 1.804391e+00
473 4.393360e-07 1.284460e-01 1.763540e+00
474 4.192819e-07 4.564634e-02 1.724323e+00
475 3.654344e-07 1.284279e-01 1.733940e+00
476 3.886385e-07 6.349733e-02 1.734659e+00
477 3.551925e-07 8.605945e-02 1.754082e+00
478 3.182599e-07 1.039791e-01 1.783242e+00
479 2.953929e-07 7.185008e-02 1.807407e+00
480 3.504882e-07 1.865151e-01 1.819478e+00
481 3.064538e-07 1.256371e-01 1.844230e+00
482 3.208230e-07 4.688852e-02 1.800243e+00
483 3.083441e-07 3.889661e-02 1.853602e+00
484 2.647439e-07 1.414009e-01 1.944446e+00
485 2.379917e-07 1.010496e-01 1.879285e+00
486 2.200253e-07 7.549161e-02 1.799290e+00
487 2.748170e-07 2.490244e-01 1.774203e+00
488 2.471987e-07 1.004969e-01 1.814713e+00
489 2.311999e-07 6.472019e-02 1.754605e+00
490 2.317193e-07 2.246333e-03 1.844038e+00
491 2.012215e-07 1.316153e-01 1.774859e+00
492 2.263833e-07 1.250451e-01 1.833680e+00
493 2.011161e-07 1.116124e-01 1.823337e+00
494 2.155773e-07 7.190483e-02 1.745589e+00
495 2.480039e-07 1.504176e-01 1.689035e+00
496 1.875802e-07 2.436401e-01 1.793615e+00
497 1.916413e-07 2.164965e-02 1.827285e+00
498 1.846771e-07 3.633951e-02 1.895180e+00
499 1.602782e-07 1.321164e-01 1.823570e+00
500 1.232476e-07 2.310398e-01 1.799881e+00
501 1.413036e-07 1.465015e-01 1.794303e+00
502 1.607774e-07 1.378154e-01 1.752460e+00
503 1.685623e-07 4.842092e-02 1.805210e+00
504 1.156122e-07 3.141281e-01 1.753783e+00
505 1.535904e-07 3.284965e-01 1.753823e+00
506 1.201341e-07 2.178276e-01 1.839243e+00
507 1.329738e-07 1.068775e-01 1.824123e+00
508 1.032934e-07 2.232050e-01 1.808578e+00
509 1.104293e-07 6.908424e-02 1.777683e+00
510 9.126031e-08 1.735862e-01 1.754498e+00
511 1.048863e-07 1.493092e-01 1.863168e+00
512 9.099556e-08 1.324362e-01 1.833230e+00
513 9.946191e-08 9.304130e-02 1.813700e+00
514 8.469623e-08 1.484556e-01 1.843566e+00
515 7.356966e-08 1.313703e-01 1.958373e+00
516 7.714245e-08 4.856335e-02 1.968347e+00
517 9.927416e-08 2.868941e-01 1.833197e+00
518 7.077064e-08 2.871192e-01 1.820076e+00
519 5.879009e-08 1.692870e-01 1.874430e+00
520 7.333203e-08 2.473536e-01 1.868345e+00
521 7.206970e-08 1.721398e-02 1.824583e+00
522 5.797039e-08 1.956344e-01 1.878466e+00
523 5.800657e-08 6.240764e-04 1.797710e+00
524 5.899575e-08 1.705298e-02 1.759366e+00
525 6.069125e-08 2.873934e-02 1.769214e+00
526 4.753931e-08 2.167024e-01 1.769880e+00
527 5.027058e-08 5.745285e-02 1.769951e+00
528 4.301489e-08 1.443327e-01 1.853695e+00
529 5.022426e-08 1.676017e-01 1.802390e+00
530 4.005630e-08 2.024511e-01 1.842194e+00
531 4.660525e-08 1.634935e-01 1.815357e+00
532 3.435339e-08 2.628857e-01 1.766172e+00
533 3.654707e-08 6.385628e-02 1.709717e+00
534 3.825598e-08 4.675893e-02 1.764617e+00
535 3.565741e-08 6.792582e-02 1.753804e+00
536 3.525058e-08 1.140938e-02 1.774975e+00
537 3.404923e-08 3.408026e-02 1.748905e+00
538 2.702275e-08 2.063624e-01 1.718800e+00
539 2.708389e-08 2.262476e-03 1.790605e+00
540 2.837280e-08 4.758944e-02 1.754287e+00
541 2.711007e-08 4.450473e-02 1.738397e+00
542 2.376845e-08 1.232612e-01 1.739708e+00
543 2.738583e-08 1.521927e-01 1.794270e+00
544 2.113275e-08 2.283326e-01 1.769505e+00
545 2.057364e-08 2.645746e-02 1.824141e+00
546 2.089585e-08 1.566149e-02 1.764600e+00
547 2.053089e-08 1.746574e-02 1.758415e+00
548 2.076903e-08 1.159923e-02 1.752605e+00
549 2.054783e-08 1.065058e-02 1.764319e+00
550 1.752008e-08 1.473510e-01 1.824941e+00
551 1.649739e-08 5.837254e-02 1.758003e+00
552 1.718875e-08 4.190735e-02 1.788678e+00
553 1.714118e-08 2.767691e-03 1.867791e+00
554 1.681645e-08 1.894461e-02 1.898865e+00
555 1.572332e-08 6.500356e-02 1.899177e+00
556 1.393084e-08 1.140012e-01 1.864248e+00
557 1.573246e-08 1.293261e-01 1.724613e+00
558 1.152782e-08 2.672589e-01 1.799441e+00
559 1.213608e-08 5.276439e-02 1.799655e+00
560 1.380766e-08 1.377360e-01 1.803386e+00
561 1.187159e-08 1.402170e-01 1.798560e+00
562 1.190656e-08 2.945691e-03 1.769283e+00
563 1.182265e-08 7.047590e-03 1.820456e+00
564 1.145276e-08 3.128620e-02 1.824179e+00
565 1.073640e-08 6.254938e-02 1.806930e+00
566 9.627811e-09 1.032549e-01 1.784724e+00
567 9.402201e-09 2.343310e-02 1.803041e+00
568 1.194804e-08 2.707703e-01 1.764242e+00
569 1.220562e-08 2.155871e-02 1.755355e+00
570 1.141353e-08 6.489535e-02 1.798568e+00
571 1.030743e-08 9.691167e-02 1.809814e+00
572 1.037972e-08 7.012985e-03 1.822916e+00
573 8.690944e-09 1.626991e-01 1.896788e+00
574 9.231716e-09 6.222243e-02 2.103829e+00
575 8.130222e-09 1.193163e-01 1.800461e+00
576 7.547382e-09 7.168808e-02 1.833464e+00
577 7.531408e-09 2.116481e-03 1.770008e+00
578 6.834585e-09 9.252229e-02 1.804293e+00
579 9.068135e-09 3.268011e-01 1.703196e+00
580 7.922716e-09 1.263124e-01 1.764211e+00
581 8.163839e-09 3.043430e-02 1.804513e+00
582 7.692869e-09 5.768974e-02 1.785034e+00
583 6.136113e-09 2.023636e-01 1.769171e+00
584 6.044791e-09 1.488265e-02 1.782926e+00
585 6.315517e-09 4.478666e-02 1.759828e+00
586 7.304770e-09 1.566385e-01 1.808862e+00
587 6.334416e-09 1.328384e-01 1.866872e+00
588 5.795178e-09 8.512834e-02 1.943136e+00
589 5.199254e-09 1.028310e-01 1.839480e+00
590 6.861207e-09 3.196522e-01 1.739183e+00
591 4.969141e-09 2.757628e-01 1.813283e+00
592 5.396653e-09 8.603338e-02 1.754091e+00
593 4.427037e-09 1.796700e-01 1.774705e+00
594 5.138771e-09 1.607700e-01 1.725131e+00
595 4.222862e-09 1.782352e-01 1.783943e+00
596 5.185933e-09 2.280614e-01 1.789640e+00
597 4.139339e-09 2.018141e-01 1.793602e+00
598 4.384236e-09 5.916345e-02 1.799204e+00
599 4.989092e-09 1.379615e-01 1.763863e+00
600 5.313879e-09 6.509953e-02 1.754201e+00
601 3.887551e-09 2.684156e-01 1.759095e+00
602 3.748422e-09 3.578838e-02 1.720112e+00
603 3.499089e-09 6.651679e-02 1.854670e+00
604 3.265483e-09 6.676192e-02 1.734411e+00
605 3.395052e-09 3.967819e-02 1.734977e+00
606 3.231715e-09 4.811006e-02 1.709386e+00
607 3.395701e-09 5.074252e-02 1.679805e+00
608 3.566904e-09 5.041752e-02 1.694923e+00
609 2.827227e-09 2.073721e-01 1.708144e+00
610 2.926800e-09 3.521904e-02 1.724858e+00
611 2.890948e-09 1.224955e-02 1.679140e+00
612 2.633030e-09 8.921547e-02 1.813765e+00
613 2.560236e-09 2.764647e-02 1.888594e+00
614 2.811886e-09 9.829155e-02 1.899516e+00
615 2.269936e-09 1.927354e-01 1.758827e+00
616 2.206812e-09 2.780859e-02 1.744054e+00
617 2.326572e-09 5.426841e-02 1.774778e+00
618 2.302736e-09 1.024537e-02 1.788414e+00
619 2.027284e-09 1.196192e-01 1.719802e+00
620 1.992727e-09 1.704619e-02 1.760300e+00
621 2.272010e-09 1.401512e-01 1.793127e+00
622 1.934584e-09 1.485142e-01 1.775233e+00
623 1.722575e-09 1.095893e-01 1.769476e+00
624 1.784749e-09 3.609374e-02 1.813957e+00
625 1.909441e-09 6.986544e-02 1.724731e+00
626 1.755310e-09 8.072033e-02 1.743958e+00
627 1.645026e-09 6.282916e-02 1.797976e+00
628 1.687626e-09 2.589641e-02 1.833367e+00
629 1.529237e-09 9.385280e-02 1.685134e+00
630 1.629125e-09 6.531875e-02 1.674320e+00
631 1.501831e-09 7.813686e-02 1.688347e+00
632 1.593683e-09 6.116023e-02 1.758451e+00
633 1.353665e-09 1.506055e-01 1.787065e+00
634 1.415938e-09 4.600273e-02 1.810025e+00
635 1.350739e-09 4.604657e-02 1.793290e+00
636 1.362367e-09 8.609058e-03 1.809124e+00
637 1.382182e-09 1.454465e-02 1.744569e+00
638 1.340709e-09 3.000556e-02 1.749809e+00
639 1.240499e-09 7.474390e-02 1.739174e+00
640 1.234447e-09 4.878808e-03 1.709440e+00
641 1.310957e-09 6.197900e-02 1.685489e+00
642 1.094968e-09 1.647565e-01 1.764081e+00
643 1.081730e-09 1.208982e-02 1.804396e+00
644 1.107744e-09 2.404838e-02 1.799837e+00
645 1.110392e-09 2.389936e-03 1.788935e+00
646 1.032830e-09 6.985059e-02 1.799356e+00
647 1.196286e-09 1.582605e-01 1.799384e+00
648 1.113486e-09 6.921428e-02 1.698580e+00
649 1.112506e-09 8.800134e-04 1.740404e+00
650 1.075742e-09 3.304613e-02 1.763557e+00
651 1.069214e-09 6.068265e-03 1.724199e+00
652 9.719804e-10 9.093976e-02 1.768890e+00
653 7.120140e-10 2.674605e-01 1.794856e+00
654 6.831441e-10 4.054682e-02 1.744012e+00
655 5.657166e-10 1.718927e-01 1.753602e+00
656 5.754734e-10 1.724691e-02 1.717286e+00
657 5.853443e-10 1.715263e-02 1.719883e+00
658 4.983857e-10 1.485598e-01 1.697698e+00
659 5.885397e-10 1.808920e-01 1.718172e+00
660 5.579023e-10 5.205661e-02 1.759547e+00
661 4.073822e-10 2.697964e-01 1.723379e+00
662 4.917561e-10 2.071122e-01 1.682551e+00
663 3.788294e-10 2.296396e-01 1.729167e+00
664 3.925041e-10 3.609732e-02 1.748919e+00
665 3.809236e-10 2.950418e-02 1.733434e+00
666 3.146510e-10 1.739788e-01 1.764805e+00
667 3.740533e-10 1.887881e-01 1.708688e+00
668 3.420159e-10 8.564951e-02 1.689702e+00
669 3.806072e-10 1.128350e-01 1.768473e+00
670 3.048330e-10 1.990876e-01 1.797812e+00
671 3.343558e-10 9.684881e-02 1.763910e+00
672 2.667772e-10 2.021159e-01 1.764180e+00
673 2.646786e-10 7.866279e-03 1.779430e+00
674 2.448086e-10 7.507216e-02 1.665355e+00
675 2.428312e-10 8.077404e-03 1.644629e+00
676 2.242501e-10 7.651874e-02 1.849024e+00
677 2.837801e-10 2.654628e-01 1.824506e+00
678 1.977214e-10 3.032584e-01 1.669114e+00
679 1.992532e-10 7.747137e-03 1.613819e+00
680 1.932020e-10 3.036920e-02 1.693750e+00
681 2.473497e-10 2.802646e-01 1.673811e+00
682 1.684027e-10 3.191714e-01 1.559459e+00
683 1.864136e-10 1.069508e-01 1.709384e+00
684 1.445563e-10 2.245400e-01 1.667833e+00
685 1.670768e-10 1.557908e-01 1.674573e+00
686 1.358413e-10 1.869527e-01 1.662857e+00
687 1.923753e-10 4.161767e-01 1.674617e+00
688 1.287684e-10 3.306396e-01 1.723614e+00
689 1.639425e-10 2.731577e-01 1.724953e+00
690 1.134594e-10 3.079321e-01 1.743047e+00
691 1.533998e-10 3.520247e-01 1.844456e+00
692 1.039113e-10 3.226113e-01 1.889939e+00
693 1.226238e-10 1.800812e-01 1.579005e+00
694 1.072405e-10 1.254508e-01 1.604373e+00
695 1.038353e-10 3.175362e-02 1.578892e+00
696 9.649548e-11 7.068692e-02 1.639085e+00
