1 9.958181e-01 1.000000e+00 3.694492e+00
2 9.835471e-01 1.232252e-02 3.949582e+00
3 9.751598e-01 8.527634e-03 3.817018e+00
4 9.713257e-01 3.931697e-03 3.746247e+00
5 9.699259e-01 1.441156e-03 3.399716e+00
6 9.700123e-01 8.910836e-05 3.434939e+00
7 9.698124e-01 2.061657e-04 3.725288e+00
8 9.695614e-01 2.587597e-04 3.655303e+00
9 9.682073e-01 1.396630e-03 4.016598e+00
10 9.628457e-01 5.537684e-03 3.583481e+00
11 9.629431e-01 1.011581e-04 3.524103e+00
12 9.627981e-01 1.505253e-04 3.733251e+00
13 9.629058e-01 1.117898e-04 3.627290e+00
14 9.627750e-01 1.358149e-04 3.621830e+00
15 9.626354e-01 1.449366e-04 3.649074e+00
16 9.623375e-01 3.094933e-04 3.422985e+00
17 9.624036e-01 6.866846e-05 3.501842e+00
18 9.511229e-01 1.172140e-02 3.496122e+00
19 9.502723e-01 8.942906e-04 3.489997e+00
20 9.511110e-01 8.825522e-04 3.503757e+00
21 9.507096e-01 4.220026e-04 3.353487e+00
22 9.507250e-01 1.623748e-05 3.515932e+00
23 9.332974e-01 1.833092e-02 3.225918e+00
24 9.226437e-01 1.141506e-02 3.492826e+00
25 9.150211e-01 8.261707e-03 3.325358e+00
26 9.140843e-01 1.023771e-03 3.245817e+00
27 9.137376e-01 3.793017e-04 3.253760e+00
28 9.140772e-01 3.716944e-04 3.158734e+00
29 9.137953e-01 3.084776e-04 3.364290e+00
30 9.137402e-01 6.028481e-05 3.652308e+00
31 9.134954e-01 2.679342e-04 3.408647e+00
32 9.134928e-01 2.796570e-06 3.317071e+00
33 9.053849e-01 8.875737e-03 4.958733e+00
34 9.050069e-01 4.174666e-04 3.331091e+00
35 9.052551e-01 2.742500e-04 3.460598e+00
36 8.917275e-01 1.494340e-02 3.765867e+00
37 8.910009e-01 8.148910e-04 3.444452e+00
38 8.682727e-01 2.550851e-02 3.969335e+00
39 8.610575e-01 8.309920e-03 3.676771e+00
40 8.225869e-01 4.467834e-02 3.577385e+00
41 8.148254e-01 9.435403e-03 3.489756e+00
42 8.123398e-01 3.050539e-03 3.536676e+00
43 7.991179e-01 1.627622e-02 4.198518e+00
44 7.953429e-01 4.723961e-03 3.848200e+00
45 7.945389e-01 1.010908e-03 3.867520e+00
46 7.949805e-01 5.557410e-04 3.801901e+00
47 7.940939e-01 1.115216e-03 3.538466e+00
48 7.945744e-01 6.050996e-04 3.601504e+00
49 7.941896e-01 4.842930e-04 3.548808e+00
50 7.942071e-01 2.201860e-05 3.648581e+00
51 7.941758e-01 3.942954e-05 3.486843e+00
52 7.700599e-01 3.036589e-02 3.824152e+00
53 7.696880e-01 4.829077e-04 3.566154e+00
54 7.691462e-01 7.040308e-04 3.635617e+00
55 7.689222e-01 2.911142e-04 3.879635e+00
56 7.415983e-01 3.553538e-02 3.849337e+00
57 7.371974e-01 5.934381e-03 3.787194e+00
58 7.351156e-01 2.823932e-03 3.506910e+00
59 7.348099e-01 4.158505e-04 3.555414e+00
60 7.350321e-01 3.023610e-04 3.533369e+00
61 6.253353e-01 1.492408e-01 3.677503e+00
62 6.220819e-01 5.202705e-03 3.317737e+00
63 6.061249e-01 2.565092e-02 3.377360e+00
64 5.939461e-01 2.009285e-02 3.570351e+00
65 5.722088e-01 3.659806e-02 3.688565e+00
66 5.710647e-01 1.999585e-03 3.377168e+00
67 5.704656e-01 1.049068e-03 3.398389e+00
68 5.274861e-01 7.534112e-02 3.373971e+00
69 4.919193e-01 6.742691e-02 3.506796e+00
70 2.124581e-01 5.681037e-01 3.581984e+00
71 1.743392e-01 1.794183e-01 4.237751e+00
72 5.713631e-01 2.277306e+00 3.562664e+00
73 1.329194e-01 7.673644e-01 3.540043e+00
74 9.552377e-02 2.813404e-01 3.614174e+00
75 9.492991e-02 6.216907e-03 3.804719e+00
76 9.292625e-02 2.110673e-02 3.489217e+00
77 8.770487e-02 5.618839e-02 3.559626e+00
78 8.636393e-02 1.528919e-02 3.583899e+00
79 8.536526e-02 1.156352e-02 3.595570e+00
80 8.234356e-02 3.539734e-02 3.534432e+00
81 7.857082e-02 4.581707e-02 3.563621e+00
82 7.965791e-02 1.383576e-02 3.597298e+00
83 7.306091e-02 8.281661e-02 3.562938e+00
84 6.403307e-02 1.235659e-01 3.885887e+00
85 6.094840e-02 4.817317e-02 3.668859e+00
86 5.784063e-02 5.099016e-02 3.557642e+00
87 7.261186e-02 2.553781e-01 3.845665e+00
88 4.399756e-02 3.940720e-01 3.793167e+00
89 4.164958e-02 5.336604e-02 3.612041e+00
90 4.046679e-02 2.839862e-02 3.581613e+00
91 3.928489e-02 2.920685e-02 3.611978e+00
92 5.831193e-02 4.843349e-01 3.709415e+00
93 4.236833e-02 2.734191e-01 3.575851e+00
94 4.105801e-02 3.092686e-02 3.349907e+00
95 3.367461e-02 1.798286e-01 3.427377e+00
96 3.244664e-02 3.646564e-02 3.309117e+00
97 3.258098e-02 4.140248e-03 3.532268e+00
98 2.360682e-02 2.754416e-01 3.629514e+00
99 2.084307e-02 1.170741e-01 3.708055e+00
100 2.184458e-02 4.804993e-02 3.542282e+00
101 2.125833e-02 2.683739e-02 3.694881e+00
102 1.315691e-02 3.810940e-01 3.765407e+00
103 1.272785e-02 3.261066e-02 3.795192e+00
104 7.951656e-03 3.752555e-01 3.544011e+00
105 7.094981e-03 1.077354e-01 3.641020e+00
106 6.745111e-03 4.931235e-02 3.558485e+00
107 6.218512e-03 7.807124e-02 3.514662e+00
108 6.325713e-03 1.723908e-02 3.700614e+00
109 5.788353e-03 8.494856e-02 3.731649e+00
110 5.481274e-03 5.305117e-02 3.549391e+00
111 4.772019e-03 1.293960e-01 3.552371e+00
112 4.317409e-03 9.526575e-02 3.696521e+00
113 3.810665e-03 1.173723e-01 3.832553e+00
114 4.430748e-03 1.627230e-01 3.640259e+00
115 1.147606e-03 7.409904e-01 3.587996e+00
116 9.095065e-04 2.074750e-01 3.469856e+00
117 8.546333e-04 6.033288e-02 3.497850e+00
118 8.719859e-04 2.030418e-02 3.522989e+00
119 9.714060e-04 1.140157e-01 3.625367e+00
120 5.720260e-04 4.111361e-01 3.565408e+00
121 1.012987e-03 7.708767e-01 3.500963e+00
122 6.021639e-04 4.055564e-01 3.645540e+00
123 9.403724e-04 5.616552e-01 3.501688e+00
124 6.143297e-04 3.467166e-01 3.483552e+00
125 4.617923e-04 2.482990e-01 3.587699e+00
126 3.304400e-04 2.844401e-01 4.123589e+00
127 4.218933e-04 2.767622e-01 3.473985e+00
128 2.639751e-04 3.743083e-01 3.621578e+00
129 2.492914e-04 5.562541e-02 3.387953e+00
130 1.865640e-04 2.516227e-01 3.385507e+00
131 2.164515e-04 1.601993e-01 3.363370e+00
132 1.208823e-04 4.415271e-01 3.334880e+00
133 2.292060e-04 8.961097e-01 3.481877e+00
134 9.417435e-05 5.891280e-01 3.485530e+00
135 1.045994e-04 1.106998e-01 3.523004e+00
136 8.213016e-05 2.148126e-01 3.801265e+00
137 7.761701e-05 5.495126e-02 3.693528e+00
138 6.027086e-05 2.234838e-01 3.543880e+00
139 7.316750e-05 2.139780e-01 3.579586e+00
140 4.198965e-05 4.261161e-01 3.520241e+00
141 6.672755e-05 5.891428e-01 3.532624e+00
142 5.125424e-05 2.318879e-01 3.596008e+00
143 5.244512e-05 2.323473e-02 3.505715e+00
144 3.567712e-05 3.197246e-01 3.575546e+00
145 4.610059e-05 2.921611e-01 3.542953e+00
146 3.551035e-05 2.297204e-01 3.508712e+00
147 3.578282e-05 7.673111e-03 3.528632e+00
148 2.877440e-05 1.958600e-01 3.484319e+00
149 2.725927e-05 5.265552e-02 3.515377e+00
150 2.360835e-05 1.339329e-01 3.565592e+00
151 2.867622e-05 2.146641e-01 3.518506e+00
152 1.955498e-05 3.180767e-01 3.432960e+00
153 2.381477e-05 2.178365e-01 3.578492e+00
154 1.824402e-05 2.339199e-01 3.524458e+00
155 2.281149e-05 2.503541e-01 3.563997e+00
156 1.752181e-05 2.318866e-01 3.529605e+00
157 2.093562e-05 1.948319e-01 3.635553e+00
158 1.623321e-05 2.246127e-01 3.583931e+00
159 1.845688e-05 1.369826e-01 3.831260e+00
160 1.597808e-05 1.343024e-01 3.747196e+00
161 1.920479e-05 2.019462e-01 3.630271e+00
162 1.585998e-05 1.741653e-01 3.596087e+00
163 1.990982e-05 2.553493e-01 3.491959e+00
164 1.540692e-05 2.261646e-01 3.513629e+00
165 1.948713e-05 2.648298e-01 3.526170e+00
166 1.450830e-05 2.554935e-01 3.531643e+00
167 1.858045e-05 2.806778e-01 3.717944e+00
168 1.387076e-05 2.534755e-01 3.629217e+00
169 1.793905e-05 2.932997e-01 3.541677e+00
170 1.340576e-05 2.527051e-01 3.622626e+00
171 1.720139e-05 2.831337e-01 3.733401e+00
172 1.303096e-05 2.424473e-01 3.599806e+00
173 1.741135e-05 3.361530e-01 3.588560e+00
174 1.336491e-05 2.324026e-01 3.489626e+00
175 1.634178e-05 2.227382e-01 3.485811e+00
176 1.389570e-05 1.496828e-01 3.746389e+00
177 1.617763e-05 1.642183e-01 3.684929e+00
178 1.363605e-05 1.571047e-01 3.587208e+00
179 1.555479e-05 1.407109e-01 3.541794e+00
180 1.307118e-05 1.596681e-01 3.644925e+00
181 1.543026e-05 1.804789e-01 3.524560e+00
182 1.234669e-05 1.998387e-01 3.779445e+00
183 1.460286e-05 1.827346e-01 3.755434e+00
184 1.204247e-05 1.753349e-01 3.495636e+00
185 1.395109e-05 1.584905e-01 3.535483e+00
186 1.223057e-05 1.233249e-01 3.531055e+00
187 1.328718e-05 8.639090e-02 3.613773e+00
188 1.215463e-05 8.523662e-02 3.546559e+00
189 1.399627e-05 1.515180e-01 3.590573e+00
190 1.192227e-05 1.481822e-01 3.493442e+00
191 1.337861e-05 1.221522e-01 3.553021e+00
192 1.168531e-05 1.265677e-01 3.542307e+00
193 1.265565e-05 8.303950e-02 3.529221e+00
194 1.202078e-05 5.016475e-02 3.595029e+00
195 1.327246e-05 1.041266e-01 3.513664e+00
196 1.145529e-05 1.369128e-01 3.565487e+00
197 1.332187e-05 1.629439e-01 3.573187e+00
198 1.136560e-05 1.468460e-01 3.786706e+00
199 1.279588e-05 1.258427e-01 3.577542e+00
200 1.145714e-05 1.046230e-01 3.570225e+00
201 1.291690e-05 1.274112e-01 3.524794e+00
202 1.162756e-05 9.981823e-02 3.564748e+00
203 1.267338e-05 8.994344e-02 3.563237e+00
204 1.139451e-05 1.009101e-01 3.597221e+00
205 1.300126e-05 1.410110e-01 3.622237e+00
206 1.139916e-05 1.232271e-01 3.601286e+00
207 1.247653e-05 9.451365e-02 3.547232e+00
208 1.121658e-05 1.009859e-01 3.556645e+00
209 1.237858e-05 1.035969e-01 3.794209e+00
210 1.134899e-05 8.317493e-02 4.116525e+00
211 1.208701e-05 6.502946e-02 3.558147e+00
212 1.124183e-05 6.992485e-02 3.501632e+00
213 1.172692e-05 4.315017e-02 3.565688e+00
214 1.129485e-05 3.684362e-02 3.564675e+00
215 1.183542e-05 4.785924e-02 3.566561e+00
216 1.122462e-05 5.160735e-02 3.500734e+00
217 1.197989e-05 6.728677e-02 3.611743e+00
218 1.122493e-05 6.301855e-02 3.557946e+00
219 1.167406e-05 4.001101e-02 3.572338e+00
220 1.111355e-05 4.801307e-02 3.675415e+00
221 1.167416e-05 5.044405e-02 3.654217e+00
222 1.111078e-05 4.825848e-02 3.510467e+00
223 1.169422e-05 5.251070e-02 3.531807e+00
224 1.110483e-05 5.039993e-02 3.556003e+00
225 1.190802e-05 7.232831e-02 3.521421e+00
226 1.095913e-05 7.968491e-02 3.597058e+00
227 1.155493e-05 5.436480e-02 3.631474e+00
228 1.088854e-05 5.767104e-02 3.485804e+00
229 1.144861e-05 5.143610e-02 3.490885e+00
230 1.083526e-05 5.357415e-02 3.493980e+00
231 1.153336e-05 6.442932e-02 3.668629e+00
232 1.093152e-05 5.218308e-02 3.454938e+00
233 1.137370e-05 4.044996e-02 3.606000e+00
234 1.088541e-05 4.293106e-02 3.620244e+00
235 1.159383e-05 6.507946e-02 3.617691e+00
236 1.088158e-05 6.143361e-02 3.797315e+00
237 1.136296e-05 4.423853e-02 3.458582e+00
238 1.116121e-05 1.775500e-02 3.596840e+00
239 1.078444e-05 3.375723e-02 3.475750e+00
240 1.110203e-05 2.944911e-02 3.800934e+00
241 1.092486e-05 1.595878e-02 3.542053e+00
242 1.121210e-05 2.629213e-02 3.547104e+00
243 1.078447e-05 3.813953e-02 3.535058e+00
244 1.101429e-05 2.130978e-02 3.536662e+00
245 1.082696e-05 1.700739e-02 3.543010e+00
246 1.111691e-05 2.678007e-02 3.464494e+00
247 1.080792e-05 2.779438e-02 3.547413e+00
248 1.121656e-05 3.780899e-02 3.453567e+00
249 1.074845e-05 4.173413e-02 3.448674e+00
250 1.105583e-05 2.859762e-02 3.937805e+00
251 1.068269e-05 3.375005e-02 3.604945e+00
252 1.095360e-05 2.535998e-02 3.579012e+00
253 1.069220e-05 2.386433e-02 3.623865e+00
254 1.100748e-05 2.948620e-02 3.632135e+00
255 1.071575e-05 2.650297e-02 3.766097e+00
256 1.089348e-05 1.658662e-02 3.554313e+00
257 1.070851e-05 1.698000e-02 3.507162e+00
258 1.093259e-05 2.092473e-02 3.441782e+00
259 1.067266e-05 2.377550e-02 3.522348e+00
260 1.090589e-05 2.185339e-02 3.506709e+00
261 1.063955e-05 2.442147e-02 3.558601e+00
262 1.071850e-05 7.420465e-03 3.691956e+00
263 1.079384e-05 7.028597e-03 3.478208e+00
264 1.066852e-05 1.160998e-02 3.499366e+00
265 1.082425e-05 1.459656e-02 3.854654e+00
266 1.066944e-05 1.430167e-02 4.381620e+00
267 1.083742e-05 1.574361e-02 3.395483e+00
268 1.064207e-05 1.802536e-02 3.508301e+00
269 1.078075e-05 1.303160e-02 3.491779e+00
270 1.063349e-05 1.365944e-02 3.485026e+00
271 1.079927e-05 1.559016e-02 3.571757e+00
272 1.062796e-05 1.586358e-02 3.607997e+00
273 1.081110e-05 1.723195e-02 3.589952e+00
274 1.062356e-05 1.734671e-02 3.451222e+00
275 1.077964e-05 1.469207e-02 3.602913e+00
276 1.060744e-05 1.597520e-02 3.674046e+00
277 1.075771e-05 1.416665e-02 3.782615e+00
278 1.059027e-05 1.556430e-02 3.892970e+00
279 1.074051e-05 1.418657e-02 3.421380e+00
280 1.059856e-05 1.321612e-02 3.541085e+00
281 1.067479e-05 7.192396e-03 3.420896e+00
282 1.060697e-05 6.353732e-03 3.582466e+00
283 1.070712e-05 9.442340e-03 3.532073e+00
284 1.062176e-05 7.972703e-03 3.373436e+00
285 1.071815e-05 9.074980e-03 3.366652e+00
286 1.058485e-05 1.243640e-02 3.427226e+00
287 1.066126e-05 7.218156e-03 3.399668e+00
288 1.056030e-05 9.469152e-03 3.333062e+00
289 1.063760e-05 7.319443e-03 3.388820e+00
290 1.058873e-05 4.594218e-03 3.343448e+00
291 1.063863e-05 4.712510e-03 3.397175e+00
292 1.059429e-05 4.167747e-03 3.366077e+00
293 1.066955e-05 7.103958e-03 3.341224e+00
294 1.055576e-05 1.066508e-02 3.499508e+00
295 1.063285e-05 7.303224e-03 3.071936e+00
296 1.054072e-05 8.664668e-03 3.047215e+00
297 1.059598e-05 5.243014e-03 3.180847e+00
298 1.055472e-05 3.894234e-03 3.253327e+00
299 1.062384e-05 6.548847e-03 3.261350e+00
300 1.055487e-05 6.492606e-03 3.242609e+00
301 1.060827e-05 5.059413e-03 3.292084e+00
302 1.054448e-05 6.013377e-03 3.242289e+00
303 1.062084e-05 7.242240e-03 3.214152e+00
304 1.054256e-05 7.370934e-03 3.223995e+00
305 1.059108e-05 4.602977e-03 3.827055e+00
306 1.054258e-05 4.579595e-03 3.573034e+00
307 1.059420e-05 4.896270e-03 3.316428e+00
308 1.054224e-05 4.904868e-03 3.139470e+00
309 1.053581e-05 6.099775e-04 3.060608e+00
310 1.055356e-05 1.685589e-03 3.052342e+00
311 1.053162e-05 2.079560e-03 3.061448e+00
312 1.056452e-05 3.124076e-03 3.012318e+00
313 1.052412e-05 3.823631e-03 2.889131e+00
314 1.056303e-05 3.696335e-03 2.899622e+00
315 1.051779e-05 4.282383e-03 3.079716e+00
316 1.054037e-05 2.146925e-03 3.016371e+00
317 1.051413e-05 2.489475e-03 2.980680e+00
318 1.054324e-05 2.768567e-03 2.963667e+00
319 1.050493e-05 3.633947e-03 2.942557e+00
320 1.055214e-05 4.494294e-03 3.171989e+00
321 1.050148e-05 4.800680e-03 2.975643e+00
322 1.054251e-05 3.907064e-03 2.830042e+00
323 1.049590e-05 4.421071e-03 2.959057e+00
324 1.052461e-05 2.735241e-03 3.038261e+00
325 1.049246e-05 3.054937e-03 3.094207e+00
326 1.052335e-05 2.944062e-03 3.216406e+00
327 1.049266e-05 2.916195e-03 3.019315e+00
328 1.051700e-05 2.319192e-03 2.957167e+00
329 1.049132e-05 2.441153e-03 2.962559e+00
330 1.052549e-05 3.257137e-03 3.086659e+00
331 1.048457e-05 3.888200e-03 3.143816e+00
332 1.050992e-05 2.417568e-03 3.286970e+00
333 1.048250e-05 2.608864e-03 3.183570e+00
334 1.049660e-05 1.345216e-03 3.222850e+00
335 1.048326e-05 1.270383e-03 3.255929e+00
336 1.050207e-05 1.794202e-03 3.136421e+00
337 1.048848e-05 1.294120e-03 3.204534e+00
338 1.050750e-05 1.813510e-03 3.174869e+00
339 1.047550e-05 3.045714e-03 3.050218e+00
340 1.049730e-05 2.080845e-03 3.286837e+00
341 1.047098e-05 2.506745e-03 3.087935e+00
342 1.049181e-05 1.988793e-03 3.244044e+00
343 1.047113e-05 1.970593e-03 3.135093e+00
344 1.048782e-05 1.593647e-03 3.080163e+00
345 1.047109e-05 1.595049e-03 3.131162e+00
346 1.048600e-05 1.423877e-03 3.136017e+00
347 1.046901e-05 1.620039e-03 3.104141e+00
348 1.049106e-05 2.106066e-03 3.150902e+00
349 1.046425e-05 2.556125e-03 3.175995e+00
350 1.047685e-05 1.204691e-03 3.197481e+00
351 1.046156e-05 1.459492e-03 2.853041e+00
352 1.046898e-05 7.094792e-04 2.968058e+00
353 1.046094e-05 7.681697e-04 2.774912e+00
354 1.047141e-05 1.001089e-03 3.358952e+00
355 1.046338e-05 7.676030e-04 3.870687e+00
356 1.047489e-05 1.100526e-03 2.918944e+00
357 1.045498e-05 1.901256e-03 2.839262e+00
358 1.046855e-05 1.297924e-03 2.696092e+00
359 1.045212e-05 1.569324e-03 2.695718e+00
360 1.046380e-05 1.117503e-03 2.663107e+00
361 1.045154e-05 1.171324e-03 2.775272e+00
362 1.046183e-05 9.845419e-04 2.798984e+00
363 1.045074e-05 1.059963e-03 2.855840e+00
364 1.046085e-05 9.669821e-04 2.839949e+00
365 1.044993e-05 1.043951e-03 2.775309e+00
366 1.045847e-05 8.175778e-04 2.924074e+00
367 1.044695e-05 1.101152e-03 2.702619e+00
368 1.046032e-05 1.278974e-03 2.855822e+00
369 1.044300e-05 1.655109e-03 3.432139e+00
370 1.045284e-05 9.416222e-04 3.127183e+00
371 1.043990e-05 1.237493e-03 2.711057e+00
372 1.045122e-05 1.084173e-03 2.584035e+00
373 1.044002e-05 1.071530e-03 2.676838e+00
374 1.044632e-05 6.037699e-04 2.622755e+00
375 1.043714e-05 8.795727e-04 2.726881e+00
376 1.043862e-05 1.417994e-04 2.583983e+00
377 1.043305e-05 5.327456e-04 2.758586e+00
378 1.043920e-05 5.886093e-04 2.782608e+00
379 1.043262e-05 6.296988e-04 2.781798e+00
380 1.043745e-05 4.627462e-04 2.895913e+00
381 1.042990e-05 7.232256e-04 2.680145e+00
382 1.043501e-05 4.895952e-04 2.560164e+00
383 1.042943e-05 5.347889e-04 2.743105e+00
384 1.043164e-05 2.126382e-04 2.846180e+00
385 1.042556e-05 5.831181e-04 3.082220e+00
386 1.042923e-05 3.515753e-04 2.984085e+00
387 1.042290e-05 6.065310e-04 2.726523e+00
388 1.042651e-05 3.462041e-04 2.752439e+00
389 1.042185e-05 4.470691e-04 2.811363e+00
390 1.042309e-05 1.193654e-04 2.932917e+00
391 1.042018e-05 2.790349e-04 2.803268e+00
392 1.042358e-05 3.262204e-04 2.741540e+00
393 1.041824e-05 5.127263e-04 2.879617e+00
394 1.041997e-05 1.666587e-04 2.759212e+00
395 1.041697e-05 2.888294e-04 2.711867e+00
396 1.041847e-05 1.442271e-04 2.718362e+00
397 1.041326e-05 5.000863e-04 2.759330e+00
398 1.041678e-05 3.386141e-04 2.991154e+00
399 1.041132e-05 5.246492e-04 2.815877e+00
400 1.041404e-05 2.618233e-04 3.006344e+00
401 1.040897e-05 4.875884e-04 2.735994e+00
402 1.041155e-05 2.482012e-04 2.791418e+00
403 1.040716e-05 4.211887e-04 2.696005e+00
404 1.040943e-05 2.178736e-04 2.679186e+00
405 1.040559e-05 3.688839e-04 2.775362e+00
406 1.040830e-05 2.599803e-04 2.600041e+00
407 1.040452e-05 3.630239e-04 2.702503e+00
408 1.040530e-05 7.544906e-05 2.655268e+00
409 1.040231e-05 2.878805e-04 2.695504e+00
410 1.040438e-05 1.987856e-04 2.663462e+00
411 1.040026e-05 3.960282e-04 2.686017e+00
412 1.040199e-05 1.664828e-04 2.821669e+00
413 1.039797e-05 3.861613e-04 3.183005e+00
414 1.039997e-05 1.924415e-04 3.487720e+00
415 1.039650e-05 3.340178e-04 2.936300e+00
416 1.039728e-05 7.499722e-05 2.572434e+00
417 1.039387e-05 3.278792e-04 2.682405e+00
418 1.039511e-05 1.197966e-04 2.695256e+00
419 1.039250e-05 2.509681e-04 2.767345e+00
420 1.039307e-05 5.409098e-05 2.767242e+00
421 1.039093e-05 2.054271e-04 2.630890e+00
422 1.039016e-05 7.423773e-05 2.636382e+00
423 1.039044e-05 2.695490e-05 2.719281e+00
424 1.038859e-05 1.778794e-04 2.623650e+00
425 1.038934e-05 7.174385e-05 2.758209e+00
426 1.038599e-05 3.223924e-04 2.599151e+00
427 1.038719e-05 1.153137e-04 2.724124e+00
428 1.038386e-05 3.200787e-04 2.568260e+00
429 1.038489e-05 9.942474e-05 2.775134e+00
430 1.038184e-05 2.941309e-04 2.703943e+00
431 1.038240e-05 5.367042e-05 2.701847e+00
432 1.037999e-05 2.315535e-04 2.753152e+00
433 1.038050e-05 4.922980e-05 2.807767e+00
434 1.037804e-05 2.376477e-04 2.855510e+00
435 1.037810e-05 5.689279e-06 2.749716e+00
436 1.037628e-05 1.748049e-04 2.759374e+00
437 1.037649e-05 2.042958e-05 2.759148e+00
438 1.037444e-05 1.974227e-04 2.984275e+00
439 1.037527e-05 7.936245e-05 2.766989e+00
440 1.037284e-05 2.342362e-04 2.741987e+00
441 1.037302e-05 1.789194e-05 2.879772e+00
442 1.037073e-05 2.215082e-04 2.830127e+00
443 1.037101e-05 2.711913e-05 3.219063e+00
444 1.036874e-05 2.188065e-04 2.821147e+00
445 1.036886e-05 1.174451e-05 2.750143e+00
446 1.036706e-05 1.734034e-04 2.773269e+00
447 1.036674e-05 3.083735e-05 2.871224e+00
448 1.036518e-05 1.507037e-04 2.727234e+00
449 1.036486e-05 3.042901e-05 2.783344e+00
450 1.036357e-05 1.252877e-04 2.788923e+00
451 1.036329e-05 2.611401e-05 2.860668e+00
452 1.036155e-05 1.684451e-04 2.878015e+00
453 1.036133e-05 2.152079e-05 2.735598e+00
454 1.035957e-05 1.693106e-04 2.717375e+00
455 1.035959e-05 1.403215e-06 2.815538e+00
456 1.035765e-05 1.865240e-04 3.327458e+00
457 1.035732e-05 3.202078e-05 2.875439e+00
458 1.035568e-05 1.584916e-04 3.057543e+00
459 1.035541e-05 2.595055e-05 2.740169e+00
460 1.035387e-05 1.488644e-04 2.760163e+00
461 1.035345e-05 4.064166e-05 2.743178e+00
462 1.035208e-05 1.325314e-04 2.725526e+00
463 1.035173e-05 3.401124e-05 2.783046e+00
464 1.035033e-05 1.350877e-04 2.782726e+00
465 1.034988e-05 4.366698e-05 2.887474e+00
466 1.034836e-05 1.463191e-04 2.887718e+00
467 1.034787e-05 4.774891e-05 2.823153e+00
468 1.034651e-05 1.306817e-04 2.791192e+00
469 1.034607e-05 4.274216e-05 2.797940e+00
470 1.034470e-05 1.326575e-04 2.854057e+00
471 1.034422e-05 4.609525e-05 2.887386e+00
472 1.034292e-05 1.256578e-04 3.353949e+00
473 1.034225e-05 6.521143e-05 2.855632e+00
474 1.034105e-05 1.157188e-04 2.776489e+00
475 1.034046e-05 5.735343e-05 2.759018e+00
476 1.033909e-05 1.319719e-04 2.982892e+00
477 1.033854e-05 5.361422e-05 2.791569e+00
478 1.033722e-05 1.274554e-04 2.741780e+00
479 1.033670e-05 5.030016e-05 2.743946e+00
480 1.033534e-05 1.317710e-04 2.783598e+00
481 1.033479e-05 5.319414e-05 2.718335e+00
482 1.033355e-05 1.198402e-04 2.751599e+00
483 1.033281e-05 7.217939e-05 2.793355e+00
484 1.033163e-05 1.141937e-04 2.808229e+00
485 1.033091e-05 6.951975e-05 2.951611e+00
486 1.032983e-05 1.039653e-04 2.967324e+00
487 1.032905e-05 7.598059e-05 3.051330e+00
488 1.032794e-05 1.068896e-04 3.126855e+00
489 1.032727e-05 6.548379e-05 2.807501e+00
490 1.032605e-05 1.182416e-04 2.752038e+00
491 1.032534e-05 6.879974e-05 2.783658e+00
492 1.032420e-05 1.103926e-04 2.829137e+00
493 1.032344e-05 7.326230e-05 2.764854e+00
494 1.032236e-05 1.043099e-04 2.759343e+00
495 1.032159e-05 7.537807e-05 2.782091e+00
496 1.032048e-05 1.075724e-04 2.703338e+00
497 1.031969e-05 7.571634e-05 2.760471e+00
498 1.031859e-05 1.074450e-04 2.751624e+00
499 1.031786e-05 7.014943e-05 2.791221e+00
500 1.031674e-05 1.087066e-04 2.927064e+00
501 1.031595e-05 7.628118e-05 2.821064e+00
502 1.031487e-05 1.048983e-04 2.916912e+00
503 1.031415e-05 6.988045e-05 2.760014e+00
504 1.031300e-05 1.116907e-04 2.782366e+00
505 1.031221e-05 7.649252e-05 2.767467e+00
506 1.031111e-05 1.063121e-04 2.823663e+00
507 1.031035e-05 7.432686e-05 2.711120e+00
508 1.030927e-05 1.044458e-04 2.751145e+00
509 1.030843e-05 8.125989e-05 2.829255e+00
510 1.030836e-05 7.413886e-06 2.764849e+00
511 2.040939e-05 9.798881e-01 2.768279e+00
512 1.786869e-05 1.244869e-01 2.839606e+00
513 1.885011e-05 5.492423e-02 2.925311e+00
514 1.621592e-05 1.397439e-01 3.179493e+00
515 1.521275e-05 6.186330e-02 3.165750e+00
516 1.409539e-05 7.344896e-02 3.402315e+00
517 1.320020e-05 6.350965e-02 3.175336e+00
518 1.274810e-05 3.424910e-02 3.159619e+00
519 1.268403e-05 5.026487e-03 3.204150e+00
520 1.257805e-05 8.354891e-03 3.155211e+00
521 1.261585e-05 3.005430e-03 3.207841e+00
522 1.257366e-05 3.344898e-03 3.239173e+00
523 1.257843e-05 3.798437e-04 3.102170e+00
524 1.257768e-05 5.966362e-05 3.166805e+00
525 1.257118e-05 5.167989e-04 3.189142e+00
526 1.257262e-05 1.147708e-04 3.152024e+00
527 1.256755e-05 4.034429e-04 3.324143e+00
528 1.256630e-05 9.975202e-05 3.271533e+00
529 1.256360e-05 2.149563e-04 3.840148e+00
530 1.255893e-05 3.711257e-04 3.166216e+00
531 1.255735e-05 1.262147e-04 3.150798e+00
532 1.255373e-05 2.878985e-04 3.157572e+00
533 1.255171e-05 1.610688e-04 3.158817e+00
534 1.254963e-05 1.659138e-04 3.230729e+00
535 1.254825e-05 1.100781e-04 3.157563e+00
536 1.254824e-05 9.489530e-07 3.171723e+00
537 1.254672e-05 1.211467e-04 3.175115e+00
538 1.254649e-05 1.767869e-05 3.197839e+00
539 1.254509e-05 1.120759e-04 3.183868e+00
540 1.254402e-05 8.487609e-05 3.205825e+00
541 1.254301e-05 8.115626e-05 3.270178e+00
542 1.254358e-05 4.572896e-05 3.198925e+00
543 1.254399e-05 3.248865e-05 3.111581e+00
544 1.254224e-05 1.391501e-04 3.189927e+00
545 1.254252e-05 2.228058e-05 3.104060e+00
546 1.254101e-05 1.205254e-04 3.206309e+00
547 1.254104e-05 2.627821e-06 3.127450e+00
548 1.253874e-05 1.834008e-04 3.170294e+00
549 1.253809e-05 5.219897e-05 3.189157e+00
550 1.253649e-05 1.270834e-04 3.206106e+00
551 1.253516e-05 1.059817e-04 3.086870e+00
552 1.253375e-05 1.130214e-04 3.103588e+00
553 1.253352e-05 1.827282e-05 3.166681e+00
554 1.253336e-05 1.238147e-05 3.151141e+00
555 1.253230e-05 8.519700e-05 3.685645e+00
556 1.253109e-05 9.642630e-05 3.316387e+00
557 1.267988e-05 1.187407e-02 3.436365e+00
558 1.255803e-05 9.609721e-03 3.135466e+00
559 1.185089e-05 5.631006e-02 2.825644e+00
560 1.129932e-05 4.654279e-02 2.694986e+00
561 1.081513e-05 4.285117e-02 2.638037e+00
562 1.058498e-05 2.128053e-02 2.622882e+00
563 1.030515e-05 2.643583e-02 2.470440e+00
564 1.018570e-05 1.159135e-02 2.580571e+00
565 1.004480e-05 1.383357e-02 2.582364e+00
566 9.989032e-06 5.551660e-03 2.708321e+00
567 9.907765e-06 8.135630e-03 2.715341e+00
568 9.870325e-06 3.778791e-03 2.721868e+00
569 9.830886e-06 3.995795e-03 2.786373e+00
570 9.819653e-06 1.142585e-03 2.889425e+00
571 9.794348e-06 2.577008e-03 2.603445e+00
572 9.790392e-06 4.038964e-04 2.603339e+00
573 9.777090e-06 1.358648e-03 2.602257e+00
574 9.772242e-06 4.958975e-04 2.608198e+00
575 9.763190e-06 9.263001e-04 2.652494e+00
576 9.760158e-06 3.104744e-04 2.575985e+00
577 9.752095e-06 8.261378e-04 2.652191e+00
578 9.756108e-06 4.114334e-04 2.622926e+00
579 1.367707e-05 4.018978e-01 2.559961e+00
580 1.243142e-05 9.107515e-02 2.447636e+00
581 1.265198e-05 1.774148e-02 2.575712e+00
582 1.302887e-05 2.978907e-02 2.680678e+00
583 1.312322e-05 7.241555e-03 2.854932e+00
584 1.310575e-05 1.331334e-03 2.861095e+00
585 1.309981e-05 4.530402e-04 2.623538e+00
586 1.315014e-05 3.842174e-03 2.631024e+00
587 1.312777e-05 1.701170e-03 2.625005e+00
588 1.313698e-05 7.016380e-04 2.684618e+00
589 1.311835e-05 1.418347e-03 2.671996e+00
590 1.312185e-05 2.666493e-04 2.575545e+00
591 1.311084e-05 8.384098e-04 2.657820e+00
592 1.310830e-05 1.941899e-04 2.574632e+00
593 1.310333e-05 3.787854e-04 2.624186e+00
594 1.309583e-05 5.723217e-04 2.680901e+00
595 1.309548e-05 2.726881e-05 2.538778e+00
596 1.308983e-05 4.309567e-04 2.771271e+00
597 1.308833e-05 1.145408e-04 2.904533e+00
598 1.308606e-05 1.739161e-04 2.631625e+00
599 1.308399e-05 1.581634e-04 2.657320e+00
600 1.307866e-05 4.068243e-04 2.604231e+00
601 1.307770e-05 7.352440e-05 2.484169e+00
602 1.307451e-05 2.443483e-04 2.506053e+00
603 1.307315e-05 1.038219e-04 2.442995e+00
604 1.307190e-05 9.587437e-05 2.596166e+00
605 1.306928e-05 2.005043e-04 2.695161e+00
606 1.306624e-05 2.320889e-04 2.615826e+00
607 1.306449e-05 1.343539e-04 2.623987e+00
608 1.306335e-05 8.666713e-05 2.604141e+00
609 1.306078e-05 1.970270e-04 2.708537e+00
610 1.305974e-05 7.935149e-05 2.827065e+00
611 1.305680e-05 2.255379e-04 2.880847e+00
612 1.305568e-05 8.550526e-05 2.602808e+00
613 1.305341e-05 1.744092e-04 2.643464e+00
614 1.305181e-05 1.223598e-04 2.631321e+00
615 1.305009e-05 1.318624e-04 2.638970e+00
616 1.304847e-05 1.237316e-04 2.687983e+00
617 1.304683e-05 1.259283e-04 2.671156e+00
618 1.304497e-05 1.426338e-04 2.590237e+00
619 1.304324e-05 1.326600e-04 2.644213e+00
620 1.304165e-05 1.216851e-04 2.674182e+00
621 1.304009e-05 1.199317e-04 2.637489e+00
622 1.303857e-05 1.159709e-04 2.687718e+00
623 1.303703e-05 1.180660e-04 3.134858e+00
624 1.303537e-05 1.279744e-04 2.889930e+00
625 1.303386e-05 1.153426e-04 2.694133e+00
626 1.303222e-05 1.262398e-04 2.582308e+00
627 1.303051e-05 1.307461e-04 2.624381e+00
628 1.302899e-05 1.172660e-04 2.483632e+00
629 1.302737e-05 1.242996e-04 2.512096e+00
630 1.302585e-05 1.160079e-04 2.581875e+00
631 1.302419e-05 1.274203e-04 2.490314e+00
632 1.302267e-05 1.171514e-04 2.630848e+00
633 1.302104e-05 1.249084e-04 2.772294e+00
634 1.301953e-05 1.164793e-04 2.742831e+00
635 1.301791e-05 1.242105e-04 2.568781e+00
636 1.301636e-05 1.191349e-04 2.701171e+00
637 1.301482e-05 1.180058e-04 2.632364e+00
638 1.301324e-05 1.212522e-04 2.686734e+00
639 1.301168e-05 1.204435e-04 2.749829e+00
640 1.301011e-05 1.206051e-04 2.492157e+00
641 1.300850e-05 1.232320e-04 2.652050e+00
642 1.300698e-05 1.173986e-04 2.518875e+00
643 1.300543e-05 1.190736e-04 2.519292e+00
644 1.300385e-05 1.213818e-04 2.600270e+00
645 1.300226e-05 1.219468e-04 2.575948e+00
646 1.300070e-05 1.202053e-04 2.512675e+00
647 1.299914e-05 1.199158e-04 2.707394e+00
648 1.299757e-05 1.209112e-04 2.715788e+00
649 1.299599e-05 1.214143e-04 2.412247e+00
650 1.299444e-05 1.194377e-04 2.435203e+00
651 1.299288e-05 1.202803e-04 2.407381e+00
652 1.299131e-05 1.203138e-04 2.422132e+00
653 1.298974e-05 1.212537e-04 2.421110e+00
654 1.298819e-05 1.191524e-04 2.498140e+00
655 1.298662e-05 1.212667e-04 2.623321e+00
656 1.298506e-05 1.196345e-04 2.386958e+00
657 1.298349e-05 1.207156e-04 2.443074e+00
658 1.298194e-05 1.193034e-04 2.329819e+00
659 1.298037e-05 1.210225e-04 2.351458e+00
660 1.297881e-05 1.201077e-04 2.217354e+00
661 1.297725e-05 1.203062e-04 2.420121e+00
662 1.297569e-05 1.203183e-04 2.673830e+00
663 1.297413e-05 1.201737e-04 2.580252e+00
664 1.297257e-05 1.202999e-04 2.413645e+00
665 1.297102e-05 1.199159e-04 2.420604e+00
666 1.296945e-05 1.208064e-04 2.527327e+00
667 1.296789e-05 1.199085e-04 2.491688e+00
668 1.296633e-05 1.206366e-04 2.323829e+00
669 1.296477e-05 1.203057e-04 2.359238e+00
670 1.296321e-05 1.205659e-04 2.356802e+00
671 1.296165e-05 1.203621e-04 2.463792e+00
672 1.296009e-05 1.202994e-04 2.364911e+00
673 1.295852e-05 1.205985e-04 2.400299e+00
674 1.295696e-05 1.204513e-04 2.406902e+00
675 1.295540e-05 1.205644e-04 2.491471e+00
676 1.295384e-05 1.206479e-04 2.441707e+00
677 1.295228e-05 1.206238e-04 2.554756e+00
678 1.295071e-05 1.206051e-04 2.553995e+00
679 1.294915e-05 1.206686e-04 2.343274e+00
680 1.294759e-05 1.206715e-04 2.436111e+00
681 1.294602e-05 1.207329e-04 2.372249e+00
682 1.294446e-05 1.208331e-04 2.323506e+00
683 1.294290e-05 1.207916e-04 2.372935e+00
684 1.294133e-05 1.209015e-04 2.469879e+00
685 1.293977e-05 1.208644e-04 2.302601e+00
686 1.293820e-05 1.208852e-04 2.469685e+00
687 1.293664e-05 1.208793e-04 2.448998e+00
688 1.293508e-05 1.209565e-04 2.141100e+00
689 1.293351e-05 1.209412e-04 2.336087e+00
690 1.293195e-05 1.209891e-04 2.428792e+00
691 1.293038e-05 1.210130e-04 2.470489e+00
692 1.292882e-05 1.210539e-04 2.478353e+00
693 1.292725e-05 1.210829e-04 2.328588e+00
694 1.292568e-05 1.211252e-04 2.330022e+00
695 1.292412e-05 1.211533e-04 2.288016e+00
696 1.292255e-05 1.211792e-04 2.225780e+00
697 1.292099e-05 1.212085e-04 2.191072e+00
698 1.291942e-05 1.212401e-04 2.196607e+00
699 1.291785e-05 1.212717e-04 2.176344e+00
700 1.291629e-05 1.213032e-04 2.090934e+00
701 1.291472e-05 1.213349e-04 2.085572e+00
702 1.291315e-05 1.213663e-04 2.113753e+00
703 1.291158e-05 1.213980e-04 2.071938e+00
704 1.291002e-05 1.214294e-04 1.987846e+00
705 1.290845e-05 1.214610e-04 2.014666e+00
706 1.290688e-05 1.214925e-04 2.077912e+00
707 1.290531e-05 1.215240e-04 2.030450e+00
708 1.290374e-05 1.215556e-04 1.938514e+00
709 1.290217e-05 1.215870e-04 2.022163e+00
710 1.290060e-05 1.216185e-04 2.036593e+00
711 1.289903e-05 1.216500e-04 1.980524e+00
712 1.289746e-05 1.216815e-04 1.987831e+00
713 1.289590e-05 1.217130e-04 2.029582e+00
714 1.289433e-05 1.217444e-04 2.042895e+00
715 1.289275e-05 1.217758e-04 2.064690e+00
716 1.289118e-05 1.218072e-04 2.155544e+00
717 1.288961e-05 1.218387e-04 2.106089e+00
718 1.288804e-05 1.218701e-04 2.099627e+00
719 1.288647e-05 1.219015e-04 2.084713e+00
720 1.288490e-05 1.219330e-04 1.966637e+00
721 1.288333e-05 1.219643e-04 1.932312e+00
722 1.288176e-05 1.219957e-04 1.952863e+00
723 1.288019e-05 1.220271e-04 2.008273e+00
724 1.287861e-05 1.220584e-04 2.034523e+00
725 1.287704e-05 1.220898e-04 1.938176e+00
726 1.287547e-05 1.221211e-04 1.959865e+00
727 1.287390e-05 1.221524e-04 2.085847e+00
728 1.287232e-05 1.221838e-04 1.972956e+00
729 1.287075e-05 1.222151e-04 1.910911e+00
730 1.286918e-05 1.222464e-04 2.036533e+00
731 1.286760e-05 1.222777e-04 2.065018e+00
732 1.286603e-05 1.223090e-04 2.505844e+00
733 1.286445e-05 1.223403e-04 2.078464e+00
734 1.286288e-05 1.223715e-04 1.938447e+00
735 1.286131e-05 1.224028e-04 1.930349e+00
736 1.285973e-05 1.224341e-04 1.958771e+00
737 1.285816e-05 1.224653e-04 1.896632e+00
738 1.285658e-05 1.224966e-04 1.912049e+00
739 1.285501e-05 1.225278e-04 1.909518e+00
740 1.285343e-05 1.225590e-04 1.917640e+00
741 1.285185e-05 1.225902e-04 1.945558e+00
742 1.285028e-05 1.226214e-04 1.972260e+00
743 1.284870e-05 1.226526e-04 1.946260e+00
744 1.284713e-05 1.226838e-04 2.064125e+00
745 1.284555e-05 1.227150e-04 2.092729e+00
746 1.284397e-05 1.227461e-04 2.113557e+00
747 1.284240e-05 1.227773e-04 2.050731e+00
748 1.284082e-05 1.228084e-04 2.063884e+00
749 1.283924e-05 1.228395e-04 2.056278e+00
750 1.283766e-05 1.228707e-04 2.057452e+00
751 1.283609e-05 1.229018e-04 2.051084e+00
752 1.283451e-05 1.229329e-04 2.107001e+00
753 1.283293e-05 1.229641e-04 2.078351e+00
754 1.283135e-05 1.229950e-04 2.064465e+00
755 1.282977e-05 1.230262e-04 2.065158e+00
756 1.282819e-05 1.230572e-04 2.120643e+00
757 1.282662e-05 1.230883e-04 2.112847e+00
758 1.282504e-05 1.231194e-04 1.986152e+00
759 1.282346e-05 1.231504e-04 2.099561e+00
760 1.282188e-05 1.231814e-04 2.128086e+00
761 1.282030e-05 1.232125e-04 2.048954e+00
762 1.281872e-05 1.232435e-04 2.175155e+00
763 1.281714e-05 1.232745e-04 2.267671e+00
764 1.281556e-05 1.233055e-04 2.334099e+00
765 1.281398e-05 1.233365e-04 2.044482e+00
766 1.281240e-05 1.233675e-04 2.093023e+00
767 1.281081e-05 1.233985e-04 2.134087e+00
768 1.280923e-05 1.234294e-04 2.105020e+00
769 1.280765e-05 1.234603e-04 2.113478e+00
770 1.280607e-05 1.234913e-04 2.111722e+00
771 1.280449e-05 1.235222e-04 1.957699e+00
772 1.280291e-05 1.235531e-04 1.902010e+00
773 1.280132e-05 1.235841e-04 1.938931e+00
774 1.279974e-05 1.236150e-04 1.966161e+00
775 1.279816e-05 1.236459e-04 1.902640e+00
776 1.279658e-05 1.236767e-04 1.952267e+00
777 1.279499e-05 1.237077e-04 1.994406e+00
778 1.279341e-05 1.237385e-04 1.965958e+00
779 1.279183e-05 1.237694e-04 1.973365e+00
780 1.279024e-05 1.238002e-04 2.120074e+00
781 1.278866e-05 1.238311e-04 2.267341e+00
782 1.278707e-05 1.238619e-04 1.951218e+00
783 1.278549e-05 1.238927e-04 1.910533e+00
784 1.278391e-05 1.239235e-04 1.959321e+00
785 1.278232e-05 1.239544e-04 1.931366e+00
786 1.278074e-05 1.239851e-04 1.937077e+00
787 1.277915e-05 1.240160e-04 1.931136e+00
788 1.277757e-05 1.240467e-04 1.924396e+00
789 1.277598e-05 1.240775e-04 1.957816e+00
790 1.277440e-05 1.241082e-04 2.002116e+00
791 1.277281e-05 1.241390e-04 2.036550e+00
792 1.277122e-05 1.241697e-04 2.070829e+00
793 1.276964e-05 1.242005e-04 2.056940e+00
794 1.276805e-05 1.242312e-04 2.057045e+00
795 1.276646e-05 1.242619e-04 2.092613e+00
796 1.276488e-05 1.242926e-04 2.134208e+00
797 1.276329e-05 1.243233e-04 2.148541e+00
798 1.276170e-05 1.243540e-04 2.197234e+00
799 1.276012e-05 1.243847e-04 2.236741e+00
800 1.275853e-05 1.244153e-04 2.357610e+00
801 1.275694e-05 1.244460e-04 2.126831e+00
802 1.275535e-05 1.244766e-04 2.072181e+00
803 1.275376e-05 1.245073e-04 2.091792e+00
804 1.275218e-05 1.245379e-04 2.135060e+00
805 1.275059e-05 1.245685e-04 2.120714e+00
806 1.274900e-05 1.245991e-04 2.092273e+00
807 1.274741e-05 1.246297e-04 2.072485e+00
808 1.274582e-05 1.246604e-04 2.084914e+00
809 1.274423e-05 1.246909e-04 2.056885e+00
810 1.274264e-05 1.247215e-04 2.029716e+00
811 1.274105e-05 1.247521e-04 2.091430e+00
812 1.273946e-05 1.247826e-04 2.093088e+00
813 1.273787e-05 1.248132e-04 2.097822e+00
814 1.273628e-05 1.248437e-04 2.140536e+00
815 1.273469e-05 1.248742e-04 2.246595e+00
816 1.273310e-05 1.249048e-04 2.469420e+00
817 1.273151e-05 1.249352e-04 2.022295e+00
818 1.272992e-05 1.249657e-04 1.986988e+00
819 1.272833e-05 1.249963e-04 2.077792e+00
820 1.272674e-05 1.250268e-04 2.085926e+00
821 1.272515e-05 1.250572e-04 2.056182e+00
822 1.272355e-05 1.250876e-04 2.043326e+00
823 1.272196e-05 1.251181e-04 2.022641e+00
824 1.272037e-05 1.251486e-04 2.077577e+00
825 1.271878e-05 1.251790e-04 2.134687e+00
826 1.271719e-05 1.252094e-04 2.085569e+00
827 1.271559e-05 1.252398e-04 2.085197e+00
828 1.271400e-05 1.252702e-04 2.112292e+00
829 1.271241e-05 1.253006e-04 2.078543e+00
830 1.271081e-05 1.253310e-04 2.099865e+00
831 1.270922e-05 1.253614e-04 2.218150e+00
832 1.270763e-05 1.253918e-04 2.294526e+00
833 1.270603e-05 1.254221e-04 2.217450e+00
834 1.270444e-05 1.254524e-04 2.001566e+00
835 1.270284e-05 1.254828e-04 1.938389e+00
836 1.270125e-05 1.255132e-04 1.953090e+00
837 1.269966e-05 1.255434e-04 2.089818e+00
838 1.269806e-05 1.255738e-04 2.043429e+00
839 1.269647e-05 1.256041e-04 1.973202e+00
840 1.269487e-05 1.256343e-04 1.904162e+00
841 1.269328e-05 1.256647e-04 1.973393e+00
842 1.269168e-05 1.256949e-04 2.007808e+00
843 1.269008e-05 1.257252e-04 2.029014e+00
844 1.268849e-05 1.257554e-04 1.924413e+00
845 1.268689e-05 1.257857e-04 2.072062e+00
846 1.268530e-05 1.258159e-04 2.070427e+00
847 1.268370e-05 1.258461e-04 2.093072e+00
848 1.268210e-05 1.258763e-04 2.162813e+00
849 1.268051e-05 1.259066e-04 2.097425e+00
850 1.267891e-05 1.259368e-04 2.078992e+00
851 1.267731e-05 1.259670e-04 1.994493e+00
852 1.267571e-05 1.259971e-04 2.141706e+00
853 1.267412e-05 1.260273e-04 2.056527e+00
854 1.267252e-05 1.260574e-04 2.125965e+00
855 1.267092e-05 1.260876e-04 2.211985e+00
856 1.266932e-05 1.261177e-04 2.224591e+00
857 1.266773e-05 1.261479e-04 2.294375e+00
858 1.266613e-05 1.261780e-04 2.117954e+00
859 1.266453e-05 1.262081e-04 2.091994e+00
860 1.266293e-05 1.262382e-04 2.077909e+00
861 1.266133e-05 1.262683e-04 2.107016e+00
862 1.265973e-05 1.262984e-04 2.085602e+00
863 1.265813e-05 1.263284e-04 2.120008e+00
864 1.265653e-05 1.263585e-04 2.084498e+00
865 1.265493e-05 1.263886e-04 2.044061e+00
866 1.265333e-05 1.264186e-04 2.112158e+00
867 1.265173e-05 1.264486e-04 2.113761e+00
868 1.265013e-05 1.264787e-04 2.064393e+00
869 1.264853e-05 1.265087e-04 2.050503e+00
870 1.264693e-05 1.265387e-04 2.169656e+00
871 1.264533e-05 1.265687e-04 2.204789e+00
872 1.264373e-05 1.265987e-04 2.183113e+00
873 1.264213e-05 1.266286e-04 2.303160e+00
874 1.264053e-05 1.266586e-04 2.433697e+00
875 1.263893e-05 1.266886e-04 2.371479e+00
876 1.263733e-05 1.267185e-04 2.071043e+00
877 1.263572e-05 1.267485e-04 2.126875e+00
878 1.263412e-05 1.267784e-04 2.134740e+00
879 1.263252e-05 1.268083e-04 2.042977e+00
880 1.263092e-05 1.268383e-04 2.127929e+00
881 1.262932e-05 1.268681e-04 2.085786e+00
882 1.262771e-05 1.268980e-04 1.993972e+00
883 1.262611e-05 1.269279e-04 1.966584e+00
884 1.262451e-05 1.269578e-04 2.001897e+00
885 1.262290e-05 1.269877e-04 2.093226e+00
886 1.262130e-05 1.270175e-04 2.092289e+00
887 1.261970e-05 1.270474e-04 2.065048e+00
888 1.261809e-05 1.270772e-04 2.001510e+00
889 1.261649e-05 1.271071e-04 2.023213e+00
890 1.261489e-05 1.271368e-04 2.092533e+00
891 1.261328e-05 1.271666e-04 2.235994e+00
892 1.261168e-05 1.271964e-04 1.932091e+00
893 1.261007e-05 1.272262e-04 2.001787e+00
894 1.260847e-05 1.272560e-04 2.183885e+00
895 1.260686e-05 1.272858e-04 2.086230e+00
896 1.260526e-05 1.273155e-04 2.077796e+00
897 1.260365e-05 1.273452e-04 2.135547e+00
898 1.260205e-05 1.273750e-04 2.120890e+00
899 1.260044e-05 1.274047e-04 2.204476e+00
900 1.259884e-05 1.274345e-04 2.079450e+00
901 1.259723e-05 1.274642e-04 2.121540e+00
902 1.259562e-05 1.274938e-04 2.064750e+00
903 1.259402e-05 1.275236e-04 2.064940e+00
904 1.259241e-05 1.275532e-04 2.107041e+00
905 1.259080e-05 1.275829e-04 2.121546e+00
906 1.258920e-05 1.276126e-04 2.176735e+00
907 1.258759e-05 1.276422e-04 2.218570e+00
908 1.258598e-05 1.276718e-04 2.295202e+00
909 1.258438e-05 1.277015e-04 2.071364e+00
910 1.258277e-05 1.277311e-04 2.050117e+00
911 1.258116e-05 1.277607e-04 2.106667e+00
912 1.257955e-05 1.277904e-04 2.070547e+00
913 1.257795e-05 1.278199e-04 2.036945e+00
914 1.257634e-05 1.278495e-04 2.141688e+00
915 1.257473e-05 1.278791e-04 2.127526e+00
916 1.257312e-05 1.279086e-04 2.071225e+00
917 1.257151e-05 1.279382e-04 2.065002e+00
918 1.256990e-05 1.279677e-04 2.141711e+00
919 1.256829e-05 1.279973e-04 2.100191e+00
920 1.256669e-05 1.280268e-04 2.099582e+00
921 1.256508e-05 1.280563e-04 2.085052e+00
922 1.256347e-05 1.280858e-04 2.065190e+00
923 1.256186e-05 1.281153e-04 2.155536e+00
924 1.256025e-05 1.281448e-04 2.190887e+00
925 1.255864e-05 1.281743e-04 2.300840e+00
926 1.255703e-05 1.282038e-04 2.113942e+00
927 1.255542e-05 1.282332e-04 2.127331e+00
928 1.255381e-05 1.282626e-04 2.100396e+00
929 1.255220e-05 1.282921e-04 2.085562e+00
930 1.255059e-05 1.283215e-04 2.119699e+00
931 1.254897e-05 1.283509e-04 2.141555e+00
932 1.254736e-05 1.283803e-04 2.085853e+00
933 1.254575e-05 1.284098e-04 2.079102e+00
934 1.254414e-05 1.284391e-04 2.135302e+00
935 1.254253e-05 1.284685e-04 2.168897e+00
936 1.254092e-05 1.284979e-04 2.051135e+00
937 1.253931e-05 1.285272e-04 2.043288e+00
938 1.253769e-05 1.285566e-04 2.092629e+00
939 1.253608e-05 1.285859e-04 2.107245e+00
940 1.253445e-05 1.304051e-04 2.408177e+00
941 1.253265e-05 1.436535e-04 2.288123e+00
942 1.253057e-05 1.659689e-04 2.397910e+00
943 1.252839e-05 1.735061e-04 2.330676e+00
944 1.252608e-05 1.845764e-04 2.442840e+00
945 1.252364e-05 1.948121e-04 2.471134e+00
946 1.252113e-05 2.000803e-04 2.470639e+00
947 1.251859e-05 2.030094e-04 2.435774e+00
948 1.251604e-05 2.041339e-04 2.441607e+00
949 1.251334e-05 2.155210e-04 2.555288e+00
950 1.251071e-05 2.098811e-04 2.581396e+00
951 1.250808e-05 2.107847e-04 2.589936e+00
952 1.250540e-05 2.140564e-04 2.513601e+00
953 1.250272e-05 2.145727e-04 2.651092e+00
954 1.249998e-05 2.189547e-04 2.583015e+00
955 1.249724e-05 2.186829e-04 2.442855e+00
956 1.249457e-05 2.138332e-04 2.575833e+00
957 1.249184e-05 2.186464e-04 2.505149e+00
958 1.248914e-05 2.162854e-04 2.519739e+00
959 1.248635e-05 2.228357e-04 2.506084e+00
960 1.248361e-05 2.196973e-04 2.799423e+00
961 1.248076e-05 2.287958e-04 2.818646e+00
962 1.247811e-05 2.119840e-04 2.540693e+00
963 1.247534e-05 2.223315e-04 2.645131e+00
964 1.247259e-05 2.203080e-04 2.483917e+00
965 1.246975e-05 2.273031e-04 2.559431e+00
966 1.246709e-05 2.135555e-04 2.576234e+00
967 1.246431e-05 2.226843e-04 2.477600e+00
968 1.246160e-05 2.173714e-04 2.519471e+00
969 1.245877e-05 2.273596e-04 2.561225e+00
970 1.245613e-05 2.118869e-04 2.568255e+00
971 1.245336e-05 2.220999e-04 2.428889e+00
972 1.245061e-05 2.209632e-04 2.456975e+00
973 1.244787e-05 2.203346e-04 2.590049e+00
974 1.244515e-05 2.184843e-04 2.750666e+00
975 1.244230e-05 2.288582e-04 2.720473e+00
976 1.243962e-05 2.152194e-04 2.449955e+00
977 1.243686e-05 2.220775e-04 2.475962e+00
978 1.243411e-05 2.210690e-04 2.371477e+00
979 1.243132e-05 2.247869e-04 2.393316e+00
980 1.242868e-05 2.117281e-04 2.519923e+00
981 1.242593e-05 2.216449e-04 2.526236e+00
982 1.242316e-05 2.232616e-04 2.491758e+00
983 1.242042e-05 2.198033e-04 2.498673e+00
984 1.241766e-05 2.229284e-04 2.449398e+00
985 1.241485e-05 2.259915e-04 2.415043e+00
986 1.241222e-05 2.119018e-04 2.427381e+00
987 1.240947e-05 2.214734e-04 2.385925e+00
988 1.240671e-05 2.222278e-04 2.443365e+00
989 1.240388e-05 2.281020e-04 2.581969e+00
990 1.240116e-05 2.198220e-04 2.545359e+00
991 1.239834e-05 2.272451e-04 2.554283e+00
992 1.239560e-05 2.205112e-04 2.631348e+00
993 1.239288e-05 2.194614e-04 2.582900e+00
994 1.239018e-05 2.179858e-04 2.582571e+00
995 1.238741e-05 2.239103e-04 2.575641e+00
996 1.238461e-05 2.255825e-04 2.603951e+00
997 1.238188e-05 2.206916e-04 2.538011e+00
998 1.237923e-05 2.138854e-04 2.450438e+00
999 1.237648e-05 2.220358e-04 2.603967e+00
1000 1.237370e-05 2.244789e-04 2.518797e+00
1001 1.237094e-05 2.230563e-04 2.506059e+00
1002 1.236827e-05 2.159587e-04 2.407941e+00
1003 1.236546e-05 2.277019e-04 2.687557e+00
1004 1.236261e-05 2.298983e-04 2.708500e+00
1005 1.236005e-05 2.075663e-04 3.131296e+00
1006 1.235717e-05 2.325551e-04 2.534360e+00
1007 1.235457e-05 2.105144e-04 2.568031e+00
1008 1.235167e-05 2.349570e-04 2.471241e+00
1009 1.234908e-05 2.098089e-04 2.546494e+00
1010 1.234627e-05 2.273615e-04 2.596296e+00
1011 1.234367e-05 2.106040e-04 2.505442e+00
1012 1.234077e-05 2.346359e-04 2.477595e+00
1013 1.233810e-05 2.168495e-04 2.492082e+00
1014 1.233539e-05 2.193348e-04 2.505333e+00
1015 1.233249e-05 2.348895e-04 2.498882e+00
1016 1.232984e-05 2.154066e-04 2.526854e+00
1017 1.232704e-05 2.265494e-04 2.433753e+00
1018 1.232434e-05 2.195087e-04 2.596948e+00
1019 1.232158e-05 2.240746e-04 2.582880e+00
1020 1.231898e-05 2.108489e-04 2.568970e+00
1021 1.231611e-05 2.324895e-04 2.539714e+00
1022 1.231351e-05 2.118054e-04 2.477606e+00
1023 1.231072e-05 2.266310e-04 2.471032e+00
1024 1.230805e-05 2.163788e-04 2.512425e+00
1025 1.230527e-05 2.259278e-04 2.484984e+00
1026 1.230261e-05 2.158626e-04 2.559753e+00
1027 1.229974e-05 2.338917e-04 2.569216e+00
1028 1.229709e-05 2.148651e-04 2.819199e+00
1029 1.229424e-05 2.324438e-04 2.517688e+00
1030 1.229154e-05 2.189334e-04 2.489322e+00
1031 1.228879e-05 2.238199e-04 2.499389e+00
1032 1.228609e-05 2.197718e-04 2.463665e+00
1033 1.228320e-05 2.352127e-04 2.602800e+00
1034 1.228065e-05 2.081279e-04 2.511938e+00
1035 1.227781e-05 2.310569e-04 2.526427e+00
1036 1.227513e-05 2.177656e-04 2.511975e+00
1037 1.227230e-05 2.312971e-04 2.597002e+00
1038 1.226970e-05 2.114183e-04 2.532617e+00
1039 1.226688e-05 2.302966e-04 2.512819e+00
1040 1.226421e-05 2.173408e-04 2.483804e+00
1041 1.226143e-05 2.267521e-04 2.512816e+00
1042 1.225875e-05 2.183180e-04 2.701057e+00
1043 1.225586e-05 2.360152e-04 2.728190e+00
1044 1.225330e-05 2.086967e-04 2.554840e+00
1045 1.225042e-05 2.350424e-04 2.575419e+00
1046 1.224777e-05 2.165681e-04 2.582001e+00
1047 1.224499e-05 2.270987e-04 2.546108e+00
1048 1.224235e-05 2.152199e-04 2.548098e+00
1049 1.223953e-05 2.307443e-04 2.665205e+00
1050 1.223692e-05 2.125154e-04 2.533733e+00
1051 1.223410e-05 2.311215e-04 2.512972e+00
1052 1.223148e-05 2.137316e-04 2.561643e+00
1053 1.222858e-05 2.371607e-04 2.569095e+00
1054 1.222602e-05 2.090646e-04 2.497920e+00
1055 1.222317e-05 2.334736e-04 2.652209e+00
1056 1.222060e-05 2.104150e-04 2.610851e+00
1057 1.221770e-05 2.370815e-04 2.448801e+00
1058 1.221502e-05 2.191279e-04 2.512780e+00
1059 1.221222e-05 2.295568e-04 2.567865e+00
1060 1.220962e-05 2.130007e-04 2.561439e+00
1061 1.220672e-05 2.371692e-04 2.582894e+00
1062 1.220406e-05 2.181947e-04 2.568750e+00
1063 1.220117e-05 2.364663e-04 2.540939e+00
1064 1.219850e-05 2.193412e-04 2.604187e+00
1065 1.219564e-05 2.342258e-04 2.589259e+00
1066 1.219306e-05 2.111155e-04 2.506357e+00
1067 1.219014e-05 2.395427e-04 2.532642e+00
1068 1.218756e-05 2.118124e-04 2.623471e+00
1069 1.218468e-05 2.367259e-04 2.554031e+00
1070 1.218211e-05 2.102924e-04 2.456124e+00
1071 1.217925e-05 2.352658e-04 2.568743e+00
1072 1.217663e-05 2.153833e-04 2.828424e+00
1073 1.217382e-05 2.302164e-04 2.596396e+00
1074 1.217123e-05 2.126528e-04 2.491620e+00
1075 1.216842e-05 2.314631e-04 2.498890e+00
1076 1.216583e-05 2.121841e-04 2.505318e+00
1077 1.216299e-05 2.334748e-04 2.511755e+00
1078 1.216030e-05 2.213474e-04 2.582765e+00
1079 1.215750e-05 2.307182e-04 2.568825e+00
1080 1.215489e-05 2.143477e-04 2.540996e+00
1081 1.215194e-05 2.429635e-04 2.400753e+00
1082 1.214939e-05 2.097789e-04 2.344892e+00
1083 1.214657e-05 2.318998e-04 2.358455e+00
1084 1.214397e-05 2.137275e-04 2.400772e+00
1085 1.214114e-05 2.334500e-04 2.456685e+00
1086 1.213848e-05 2.194035e-04 2.576402e+00
1087 1.213562e-05 2.349438e-04 2.561592e+00
1088 1.213296e-05 2.197262e-04 2.610289e+00
1089 1.213014e-05 2.325304e-04 2.527343e+00
1090 1.212755e-05 2.132814e-04 2.470160e+00
1091 1.212468e-05 2.366119e-04 2.537437e+00
1092 1.212206e-05 2.161596e-04 2.482201e+00
1093 1.211926e-05 2.307039e-04 2.532638e+00
1094 1.211660e-05 2.192545e-04 2.572834e+00
1095 1.211384e-05 2.284919e-04 2.316305e+00
1096 1.211116e-05 2.207999e-04 2.309996e+00
1097 1.210832e-05 2.347145e-04 2.407525e+00
1098 1.210575e-05 2.124833e-04 2.457192e+00
1099 1.210287e-05 2.378917e-04 2.511805e+00
1100 1.210025e-05 2.157780e-04 2.541721e+00
1101 1.209743e-05 2.334974e-04 2.496100e+00
1102 1.209479e-05 2.184094e-04 2.485096e+00
1103 1.209194e-05 2.349871e-04 2.694779e+00
1104 1.208938e-05 2.120167e-04 2.673427e+00
1105 1.208655e-05 2.342826e-04 2.470678e+00
1106 1.208393e-05 2.169822e-04 2.547813e+00
1107 1.208106e-05 2.371751e-04 2.560504e+00
1108 1.207851e-05 2.108069e-04 2.509361e+00
1109 1.207565e-05 2.368209e-04 2.589966e+00
1110 1.207299e-05 2.205318e-04 2.546509e+00
1111 1.207015e-05 2.348170e-04 2.567423e+00
1112 1.206751e-05 2.193501e-04 2.583089e+00
1113 1.206473e-05 2.303231e-04 2.519160e+00
1114 1.206214e-05 2.147743e-04 2.519712e+00
1115 1.205933e-05 2.326170e-04 2.518982e+00
1116 1.205671e-05 2.175134e-04 2.574119e+00
1117 1.205390e-05 2.325691e-04 2.450376e+00
1118 1.205128e-05 2.173908e-04 2.553581e+00
1119 1.204836e-05 2.423065e-04 2.442456e+00
1120 1.204575e-05 2.171924e-04 2.589008e+00
1121 1.204297e-05 2.305019e-04 2.491989e+00
1122 1.204033e-05 2.190846e-04 2.435844e+00
1123 1.203753e-05 2.327885e-04 2.512486e+00
1124 1.203493e-05 2.154825e-04 2.386247e+00
1125 1.203202e-05 2.418666e-04 2.364041e+00
1126 1.202936e-05 2.211887e-04 2.512106e+00
1127 1.202647e-05 2.408275e-04 2.477759e+00
1128 1.202383e-05 2.187906e-04 2.512743e+00
1129 1.202110e-05 2.276691e-04 2.505000e+00
1130 1.201851e-05 2.148872e-04 2.847930e+00
1131 1.201570e-05 2.340855e-04 2.807655e+00
1132 1.201309e-05 2.173444e-04 2.484753e+00
1133 1.201021e-05 2.397669e-04 2.450302e+00
1134 1.200762e-05 2.158605e-04 2.415016e+00
1135 1.200486e-05 2.298356e-04 2.393336e+00
1136 1.200222e-05 2.191523e-04 2.317478e+00
1137 1.199930e-05 2.436879e-04 2.420185e+00
1138 1.199670e-05 2.166698e-04 2.449742e+00
1139 1.199391e-05 2.324578e-04 2.393998e+00
1140 1.199129e-05 2.182395e-04 2.365401e+00
1141 1.198851e-05 2.318139e-04 2.491559e+00
1142 1.198583e-05 2.235142e-04 2.602805e+00
1143 1.198296e-05 2.400507e-04 2.432733e+00
1144 1.198035e-05 2.179855e-04 2.713599e+00
1145 1.197757e-05 2.317051e-04 2.935821e+00
1146 1.197492e-05 2.212465e-04 2.631427e+00
1147 1.197208e-05 2.373292e-04 2.638308e+00
1148 1.196953e-05 2.129807e-04 2.519947e+00
1149 1.196664e-05 2.410829e-04 2.512352e+00
1150 1.196404e-05 2.171549e-04 2.512862e+00
1151 1.196124e-05 2.339608e-04 2.371605e+00
1152 1.195860e-05 2.210294e-04 2.522867e+00
1153 1.195577e-05 2.369814e-04 2.488922e+00
1154 1.195322e-05 2.129521e-04 2.456829e+00
1155 1.195041e-05 2.350991e-04 2.470641e+00
1156 1.194777e-05 2.212696e-04 2.505441e+00
1157 1.194495e-05 2.358028e-04 2.581658e+00
1158 1.194236e-05 2.169533e-04 2.673609e+00
1159 1.193949e-05 2.399487e-04 2.869155e+00
1160 1.193686e-05 2.201975e-04 2.624497e+00
1161 1.193414e-05 2.280659e-04 2.470184e+00
1162 1.193146e-05 2.244321e-04 2.540587e+00
1163 1.192866e-05 2.348862e-04 2.583428e+00
1164 1.192610e-05 2.148336e-04 2.568430e+00
1165 1.192326e-05 2.374728e-04 2.533005e+00
1166 1.192067e-05 2.175615e-04 2.567638e+00
1167 1.191784e-05 2.370582e-04 2.589534e+00
1168 1.191516e-05 2.251955e-04 2.463425e+00
1169 1.191241e-05 2.311936e-04 2.532856e+00
1170 1.190983e-05 2.164496e-04 2.568484e+00
1171 1.190696e-05 2.411594e-04 2.488769e+00
1172 1.190430e-05 2.230690e-04 2.694709e+00
1173 1.190154e-05 2.321686e-04 2.862043e+00
1174 1.189885e-05 2.256569e-04 2.482986e+00
1175 1.189608e-05 2.330493e-04 2.435494e+00
1176 1.189341e-05 2.239928e-04 2.491665e+00
1177 1.189061e-05 2.358287e-04 2.617465e+00
1178 1.188804e-05 2.155528e-04 2.562226e+00
1179 1.188521e-05 2.380524e-04 2.582133e+00
1180 1.188253e-05 2.258068e-04 2.568596e+00
1181 1.187981e-05 2.293475e-04 2.469969e+00
1182 1.187720e-05 2.195969e-04 2.568318e+00
1183 1.187434e-05 2.406855e-04 2.548378e+00
1184 1.187166e-05 2.253474e-04 2.582685e+00
1185 1.186887e-05 2.354159e-04 2.498345e+00
1186 1.186629e-05 2.167121e-04 2.554389e+00
1187 1.186352e-05 2.341885e-04 2.504521e+00
1188 1.186098e-05 2.139850e-04 2.547712e+00
1189 1.185811e-05 2.421470e-04 2.450039e+00
1190 1.185556e-05 2.149800e-04 2.420932e+00
1191 1.185277e-05 2.352658e-04 2.518994e+00
1192 1.185009e-05 2.262271e-04 2.473726e+00
1193 1.184714e-05 2.487818e-04 2.511354e+00
1194 1.184455e-05 2.181031e-04 2.491935e+00
1195 1.184178e-05 2.344141e-04 2.530672e+00
1196 1.183915e-05 2.218914e-04 2.453287e+00
1197 1.183635e-05 2.365884e-04 2.533232e+00
1198 1.183376e-05 2.186270e-04 2.455927e+00
1199 1.183099e-05 2.344838e-04 2.456970e+00
1200 1.182837e-05 2.212816e-04 2.469929e+00
1201 1.182552e-05 2.411336e-04 2.436155e+00
1202 1.182293e-05 2.189599e-04 2.490771e+00
1203 1.182015e-05 2.344742e-04 2.504576e+00
1204 1.181745e-05 2.283763e-04 2.477786e+00
1205 1.181467e-05 2.357668e-04 2.470041e+00
1206 1.181209e-05 2.183354e-04 2.436765e+00
1207 1.180935e-05 2.321869e-04 2.434658e+00
1208 1.180673e-05 2.211231e-04 2.623461e+00
1209 1.180391e-05 2.389427e-04 2.826601e+00
1210 1.180126e-05 2.249770e-04 2.456728e+00
1211 1.179853e-05 2.310896e-04 2.497889e+00
1212 1.179589e-05 2.237380e-04 2.464125e+00
1213 1.179311e-05 2.353586e-04 2.407197e+00
1214 1.179040e-05 2.300228e-04 2.464540e+00
1215 1.178766e-05 2.325944e-04 2.504804e+00
1216 1.178506e-05 2.209716e-04 2.483343e+00
1217 1.178231e-05 2.332914e-04 2.455787e+00
1218 1.177968e-05 2.230395e-04 2.547644e+00
1219 1.177692e-05 2.343730e-04 2.547554e+00
1220 1.177432e-05 2.201186e-04 2.491863e+00
1221 1.177146e-05 2.429953e-04 2.484859e+00
1222 1.176889e-05 2.189418e-04 2.540751e+00
1223 1.176603e-05 2.429612e-04 2.722245e+00
1224 1.176334e-05 2.282237e-04 2.615193e+00
1225 1.176060e-05 2.333689e-04 2.513369e+00
1226 1.175798e-05 2.221689e-04 2.498131e+00
1227 1.175515e-05 2.413977e-04 2.576683e+00
1228 1.175254e-05 2.216314e-04 2.574380e+00
1229 1.174975e-05 2.370524e-04 2.483726e+00
1230 1.174721e-05 2.161184e-04 2.469835e+00
1231 1.174440e-05 2.398170e-04 2.520373e+00
1232 1.174179e-05 2.216802e-04 2.470474e+00
1233 1.173897e-05 2.401411e-04 2.491975e+00
1234 1.173626e-05 2.311212e-04 2.519627e+00
1235 1.173348e-05 2.368906e-04 2.519626e+00
1236 1.173094e-05 2.168675e-04 2.729600e+00
1237 1.172806e-05 2.448875e-04 2.741536e+00
1238 1.172544e-05 2.234610e-04 2.907842e+00
1239 1.172264e-05 2.386549e-04 2.512486e+00
1240 1.172008e-05 2.191479e-04 2.483278e+00
1241 1.171729e-05 2.372567e-04 2.561146e+00
1242 1.171469e-05 2.218877e-04 2.512605e+00
1243 1.171189e-05 2.397466e-04 2.456222e+00
1244 1.170937e-05 2.149434e-04 2.456540e+00
1245 1.170662e-05 2.351666e-04 2.526873e+00
1246 1.170394e-05 2.283044e-04 2.462570e+00
1247 1.170115e-05 2.386718e-04 2.561669e+00
1248 1.169851e-05 2.252066e-04 2.546506e+00
1249 1.169569e-05 2.412681e-04 2.519654e+00
1250 1.169317e-05 2.157964e-04 2.491460e+00
1251 1.169038e-05 2.387555e-04 2.631461e+00
1252 1.168773e-05 2.260203e-04 2.665901e+00
1253 1.168486e-05 2.454857e-04 2.540734e+00
1254 1.168228e-05 2.215042e-04 2.533141e+00
1255 1.167950e-05 2.372501e-04 2.483996e+00
1256 1.167694e-05 2.194242e-04 2.433497e+00
1257 1.167418e-05 2.365532e-04 2.453984e+00
1258 1.167159e-05 2.214670e-04 2.547683e+00
1259 1.166874e-05 2.448445e-04 2.484470e+00
1260 1.166620e-05 2.175973e-04 2.477899e+00
1261 1.166341e-05 2.392295e-04 2.519498e+00
1262 1.166083e-05 2.210009e-04 2.471250e+00
1263 1.165800e-05 2.425956e-04 2.569072e+00
1264 1.165530e-05 2.313790e-04 2.594331e+00
1265 1.165249e-05 2.410827e-04 2.442009e+00
1266 1.164996e-05 2.176488e-04 2.482494e+00
1267 1.164718e-05 2.380174e-04 2.488703e+00
1268 1.164461e-05 2.213765e-04 2.461338e+00
1269 1.164182e-05 2.394145e-04 2.488205e+00
1270 1.163923e-05 2.223851e-04 2.511959e+00
1271 1.163648e-05 2.358987e-04 2.471331e+00
1272 1.163384e-05 2.270310e-04 2.491123e+00
1273 1.163102e-05 2.423819e-04 2.631387e+00
1274 1.162840e-05 2.250272e-04 2.655473e+00
1275 1.162564e-05 2.374415e-04 2.568293e+00
1276 1.162306e-05 2.218535e-04 2.446040e+00
1277 1.162026e-05 2.407901e-04 2.512577e+00
1278 1.161770e-05 2.204696e-04 2.518379e+00
1279 1.161486e-05 2.449294e-04 2.560431e+00
1280 1.161223e-05 2.261942e-04 2.512523e+00
1281 1.160946e-05 2.387085e-04 2.503216e+00
1282 1.160682e-05 2.271587e-04 2.539778e+00
1283 1.160397e-05 2.458123e-04 2.532928e+00
1284 1.160136e-05 2.245764e-04 2.554638e+00
1285 1.159859e-05 2.385858e-04 2.504874e+00
1286 1.159606e-05 2.185709e-04 2.541315e+00
1287 1.159328e-05 2.392964e-04 2.686398e+00
1288 1.159076e-05 2.181304e-04 2.862200e+00
1289 1.158788e-05 2.479580e-04 2.882173e+00
1290 1.158528e-05 2.246529e-04 2.560916e+00
1291 1.158246e-05 2.431407e-04 2.604442e+00
1292 1.157988e-05 2.231576e-04 2.643803e+00
1293 1.157707e-05 2.422416e-04 2.568748e+00
1294 1.157454e-05 2.188093e-04 2.554220e+00
1295 1.157167e-05 2.481656e-04 2.569259e+00
1296 1.156914e-05 2.182327e-04 2.582322e+00
1297 1.156631e-05 2.442753e-04 2.539955e+00
1298 1.156369e-05 2.264957e-04 2.456792e+00
1299 1.156096e-05 2.360797e-04 2.506537e+00
1300 1.155840e-05 2.221812e-04 2.428758e+00
1301 1.155557e-05 2.442069e-04 2.512314e+00
1302 1.155299e-05 2.235949e-04 2.538522e+00
1303 1.155021e-05 2.402704e-04 2.518084e+00
1304 1.154767e-05 2.205202e-04 2.685191e+00
1305 1.154492e-05 2.378281e-04 2.924850e+00
1306 1.154226e-05 2.303965e-04 2.573057e+00
1307 1.153946e-05 2.426851e-04 2.552899e+00
1308 1.153686e-05 2.251894e-04 2.483967e+00
1309 1.153411e-05 2.381921e-04 2.484151e+00
1310 1.153150e-05 2.267353e-04 2.483569e+00
1311 1.152869e-05 2.433555e-04 2.534302e+00
1312 1.152611e-05 2.238306e-04 2.358081e+00
1313 1.152338e-05 2.371759e-04 2.352234e+00
1314 1.152077e-05 2.262114e-04 2.315980e+00
1315 1.151805e-05 2.363828e-04 2.345076e+00
1316 1.151543e-05 2.275019e-04 2.372657e+00
1317 1.151270e-05 2.368758e-04 2.344818e+00
1318 1.151011e-05 2.248683e-04 2.576097e+00
1319 1.150727e-05 2.470231e-04 2.637695e+00
1320 1.150468e-05 2.247836e-04 2.525905e+00
1321 1.150185e-05 2.463477e-04 2.393150e+00
1322 1.149930e-05 2.216493e-04 2.496786e+00
1323 1.149659e-05 2.357133e-04 2.490577e+00
1324 1.149396e-05 2.281405e-04 2.379513e+00
1325 1.149118e-05 2.420694e-04 2.421229e+00
1326 1.148852e-05 2.318950e-04 2.421771e+00
1327 1.148574e-05 2.414301e-04 2.533767e+00
1328 1.148311e-05 2.293777e-04 2.565968e+00
1329 1.148033e-05 2.414907e-04 2.574960e+00
1330 1.147775e-05 2.255610e-04 2.540891e+00
1331 1.147500e-05 2.391957e-04 2.555343e+00
1332 1.147241e-05 2.257581e-04 2.547394e+00
1333 1.146962e-05 2.427069e-04 2.646313e+00
1334 1.146703e-05 2.261206e-04 2.806294e+00
1335 1.146431e-05 2.375745e-04 2.511191e+00
1336 1.146177e-05 2.215729e-04 2.472878e+00
1337 1.145896e-05 2.450722e-04 2.533145e+00
1338 1.145641e-05 2.222209e-04 2.454085e+00
1339 1.145364e-05 2.417134e-04 2.552623e+00
1340 1.145104e-05 2.275546e-04 2.338003e+00
1341 1.144822e-05 2.462694e-04 2.436287e+00
1342 1.144565e-05 2.238099e-04 2.334809e+00
1343 1.144280e-05 2.495805e-04 2.308260e+00
1344 1.144030e-05 2.185550e-04 2.401009e+00
1345 1.143747e-05 2.469312e-04 2.309136e+00
1346 1.143488e-05 2.266585e-04 2.365557e+00
1347 1.143213e-05 2.407576e-04 2.498895e+00
1348 1.142952e-05 2.276976e-04 2.727159e+00
1349 1.142676e-05 2.414146e-04 2.603338e+00
1350 1.142419e-05 2.251855e-04 2.571809e+00
1351 1.142140e-05 2.444931e-04 2.475640e+00
1352 1.141889e-05 2.191386e-04 2.482474e+00
1353 1.141604e-05 2.498129e-04 2.446028e+00
1354 1.141336e-05 2.345657e-04 2.455107e+00
1355 1.141056e-05 2.454676e-04 2.482186e+00
1356 1.140802e-05 2.229192e-04 2.449501e+00
1357 1.140529e-05 2.391854e-04 2.504441e+00
1358 1.140272e-05 2.254647e-04 2.554152e+00
1359 1.139992e-05 2.455613e-04 2.448100e+00
1360 1.139735e-05 2.248888e-04 2.433297e+00
1361 1.139454e-05 2.472171e-04 2.496320e+00
1362 1.139201e-05 2.215678e-04 2.454804e+00
1363 1.138927e-05 2.406972e-04 2.547126e+00
1364 1.138672e-05 2.237068e-04 2.546810e+00
1365 1.138391e-05 2.472381e-04 2.504904e+00
1366 1.138126e-05 2.321836e-04 2.464502e+00
1367 1.137853e-05 2.400729e-04 2.520111e+00
1368 1.137594e-05 2.279101e-04 2.449114e+00
1369 1.137317e-05 2.432106e-04 2.344687e+00
1370 1.137057e-05 2.287403e-04 2.426657e+00
1371 1.136782e-05 2.420597e-04 2.321340e+00
1372 1.136527e-05 2.243392e-04 2.369450e+00
1373 1.136251e-05 2.424382e-04 2.416581e+00
1374 1.135990e-05 2.296967e-04 2.726500e+00
1375 1.135714e-05 2.435771e-04 2.378457e+00
1376 1.135460e-05 2.233568e-04 2.431776e+00
1377 1.135187e-05 2.400862e-04 2.335913e+00
1378 1.134920e-05 2.352708e-04 2.302498e+00
1379 1.134642e-05 2.450329e-04 2.413565e+00
1380 1.134384e-05 2.272322e-04 2.555450e+00
1381 1.134108e-05 2.431995e-04 2.565981e+00
1382 1.133854e-05 2.241280e-04 2.470011e+00
1383 1.133581e-05 2.411100e-04 2.548198e+00
1384 1.133326e-05 2.248123e-04 2.468915e+00
1385 1.133046e-05 2.469676e-04 2.502350e+00
1386 1.132795e-05 2.213642e-04 2.545575e+00
1387 1.132513e-05 2.489719e-04 2.493697e+00
1388 1.132242e-05 2.397244e-04 2.712929e+00
1389 1.131970e-05 2.396026e-04 2.652547e+00
1390 1.131719e-05 2.219738e-04 2.608776e+00
1391 1.131435e-05 2.513992e-04 2.509100e+00
1392 1.131182e-05 2.237096e-04 2.671456e+00
1393 1.130900e-05 2.484999e-04 2.512263e+00
1394 1.130643e-05 2.277701e-04 2.561549e+00
1395 1.130375e-05 2.370335e-04 2.520238e+00
1396 1.130120e-05 2.255145e-04 2.539352e+00
1397 1.129845e-05 2.429937e-04 2.477859e+00
1398 1.129582e-05 2.327764e-04 2.512761e+00
1399 1.129306e-05 2.449179e-04 2.498140e+00
1400 1.129051e-05 2.258498e-04 2.492066e+00
1401 1.128779e-05 2.409784e-04 2.674035e+00
1402 1.128519e-05 2.302345e-04 2.694977e+00
1403 1.128243e-05 2.442035e-04 2.735624e+00
1404 1.127994e-05 2.207199e-04 2.574089e+00
1405 1.127715e-05 2.470152e-04 2.442938e+00
1406 1.127453e-05 2.323981e-04 2.457153e+00
1407 1.127175e-05 2.471371e-04 2.462828e+00
1408 1.126914e-05 2.308944e-04 2.567386e+00
1409 1.126631e-05 2.513606e-04 2.554211e+00
1410 1.126377e-05 2.255186e-04 2.548011e+00
1411 1.126105e-05 2.416929e-04 2.505816e+00
1412 1.125846e-05 2.302207e-04 2.541001e+00
1413 1.125574e-05 2.410204e-04 2.533776e+00
1414 1.125324e-05 2.222269e-04 2.617690e+00
1415 1.125048e-05 2.453848e-04 2.685788e+00
1416 1.124792e-05 2.274477e-04 2.688056e+00
1417 1.124518e-05 2.441553e-04 2.749382e+00
1418 1.124258e-05 2.304579e-04 2.540231e+00
1419 1.123986e-05 2.421554e-04 2.464248e+00
1420 1.123726e-05 2.313071e-04 2.554891e+00
1421 1.123454e-05 2.419964e-04 2.575828e+00
1422 1.123186e-05 2.389023e-04 2.589180e+00
1423 1.122916e-05 2.406341e-04 2.463876e+00
1424 1.122647e-05 2.386893e-04 2.492123e+00
1425 1.122376e-05 2.418530e-04 2.490923e+00
1426 1.122119e-05 2.288734e-04 2.436514e+00
1427 1.121851e-05 2.392537e-04 2.477187e+00
1428 1.121590e-05 2.326392e-04 2.533966e+00
1429 1.121320e-05 2.400927e-04 2.469042e+00
1430 1.121057e-05 2.345378e-04 2.506383e+00
1431 1.120782e-05 2.457539e-04 2.797976e+00
1432 1.120525e-05 2.295945e-04 2.443575e+00
1433 1.120250e-05 2.449085e-04 2.490646e+00
1434 1.119987e-05 2.349828e-04 2.519370e+00
1435 1.119714e-05 2.432271e-04 2.491926e+00
1436 1.119463e-05 2.249927e-04 2.534064e+00
1437 1.119192e-05 2.420317e-04 2.470266e+00
1438 1.118934e-05 2.303415e-04 2.463463e+00
1439 1.118658e-05 2.464345e-04 2.576632e+00
1440 1.118398e-05 2.328173e-04 2.491397e+00
1441 1.118128e-05 2.406244e-04 2.561491e+00
1442 1.117871e-05 2.306205e-04 2.505884e+00
1443 1.117588e-05 2.524160e-04 2.576357e+00
1444 1.117331e-05 2.306211e-04 2.596138e+00
1445 1.117063e-05 2.398549e-04 2.710061e+00
1446 1.116804e-05 2.317185e-04 2.513115e+00
1447 1.116538e-05 2.382756e-04 2.491833e+00
1448 1.116274e-05 2.364764e-04 2.448693e+00
1449 1.115999e-05 2.461880e-04 2.401147e+00
1450 1.115734e-05 2.370324e-04 2.484865e+00
1451 1.115460e-05 2.459550e-04 2.568133e+00
1452 1.115195e-05 2.377044e-04 2.436001e+00
1453 1.114920e-05 2.468165e-04 2.443017e+00
1454 1.114662e-05 2.311240e-04 2.471169e+00
1455 1.114397e-05 2.380243e-04 2.463554e+00
1456 1.114132e-05 2.378282e-04 2.489760e+00
1457 1.113865e-05 2.391722e-04 2.547723e+00
1458 1.113608e-05 2.307388e-04 2.519865e+00
1459 1.113344e-05 2.375367e-04 2.519440e+00
1460 1.113079e-05 2.376451e-04 2.422427e+00
1461 1.112805e-05 2.456884e-04 2.512620e+00
1462 1.112545e-05 2.336113e-04 2.498703e+00
1463 1.112280e-05 2.386885e-04 2.506023e+00
1464 1.112021e-05 2.323765e-04 2.561347e+00
1465 1.111751e-05 2.436780e-04 2.491432e+00
1466 1.111496e-05 2.290179e-04 2.519233e+00
1467 1.111217e-05 2.507401e-04 2.512372e+00
1468 1.110966e-05 2.259201e-04 2.520004e+00
1469 1.110695e-05 2.437886e-04 2.561759e+00
1470 1.110439e-05 2.304917e-04 2.470187e+00
1471 1.110160e-05 2.517978e-04 2.443358e+00
1472 1.109899e-05 2.344201e-04 2.420495e+00
1473 1.109624e-05 2.484533e-04 2.239605e+00
1474 1.109377e-05 2.226080e-04 2.351199e+00
1475 1.109096e-05 2.529566e-04 2.386942e+00
1476 1.108833e-05 2.375170e-04 2.492471e+00
1477 1.108560e-05 2.455260e-04 2.567984e+00
1478 1.108310e-05 2.262571e-04 2.694626e+00
1479 1.108039e-05 2.442444e-04 2.512568e+00
1480 1.107786e-05 2.279658e-04 2.541429e+00
1481 1.107513e-05 2.464637e-04 2.568678e+00
1482 1.107260e-05 2.289941e-04 2.756802e+00
1483 1.106977e-05 2.554158e-04 2.554852e+00
1484 1.106721e-05 2.309626e-04 2.562411e+00
1485 1.106451e-05 2.438706e-04 2.526009e+00
1486 1.106197e-05 2.297229e-04 2.533554e+00
1487 1.105925e-05 2.460399e-04 2.435678e+00
1488 1.105669e-05 2.314551e-04 2.547997e+00
1489 1.105402e-05 2.413565e-04 2.507029e+00
1490 1.105144e-05 2.331176e-04 2.737575e+00
1491 1.104870e-05 2.484275e-04 2.743058e+00
1492 1.104611e-05 2.344864e-04 2.513484e+00
1493 1.104332e-05 2.521935e-04 2.946292e+00
1494 1.104077e-05 2.314728e-04 2.569279e+00
1495 1.103800e-05 2.504943e-04 2.953838e+00
1496 1.103542e-05 2.339526e-04 2.753046e+00
1497 1.103274e-05 2.422914e-04 2.526547e+00
1498 1.103014e-05 2.356615e-04 2.463969e+00
1499 1.102740e-05 2.487039e-04 2.561891e+00
1500 1.102491e-05 2.258938e-04 2.449254e+00
1501 1.102212e-05 2.534613e-04 2.450213e+00
1502 1.101954e-05 2.337206e-04 2.540365e+00
1503 1.101680e-05 2.486126e-04 2.533710e+00
1504 1.101424e-05 2.322466e-04 2.554962e+00
1505 1.101146e-05 2.521487e-04 2.506638e+00
1506 1.100888e-05 2.348404e-04 2.351742e+00
1507 1.100624e-05 2.393804e-04 2.308985e+00
1508 1.100373e-05 2.279955e-04 2.393533e+00
1509 1.100104e-05 2.443534e-04 2.512915e+00
1510 1.099846e-05 2.346976e-04 2.666522e+00
1511 1.099572e-05 2.490840e-04 2.729761e+00
1512 1.099323e-05 2.266444e-04 2.498591e+00
1513 1.099052e-05 2.464718e-04 2.407328e+00
1514 1.098798e-05 2.307720e-04 2.422425e+00
1515 1.098524e-05 2.496863e-04 2.533342e+00
1516 1.098266e-05 2.353844e-04 2.477778e+00
1517 1.097995e-05 2.461059e-04 2.512122e+00
1518 1.097743e-05 2.300812e-04 2.435936e+00
1519 1.097471e-05 2.478620e-04 2.449332e+00
1520 1.097217e-05 2.310511e-04 2.519264e+00
1521 1.096938e-05 2.543717e-04 2.499507e+00
1522 1.096680e-05 2.347536e-04 2.561350e+00
1523 1.096414e-05 2.430070e-04 2.631658e+00
1524 1.096156e-05 2.352387e-04 2.709627e+00
1525 1.095881e-05 2.510106e-04 3.043330e+00
1526 1.095627e-05 2.316789e-04 2.505655e+00
1527 1.095354e-05 2.489002e-04 2.491338e+00
1528 1.095096e-05 2.355067e-04 2.498787e+00
1529 1.094820e-05 2.524629e-04 2.477791e+00
1530 1.094572e-05 2.266509e-04 2.484357e+00
1531 1.094302e-05 2.466473e-04 2.498624e+00
1532 1.094048e-05 2.315772e-04 2.476863e+00
1533 1.093773e-05 2.511934e-04 2.484257e+00
1534 1.093525e-05 2.275696e-04 2.499026e+00
1535 1.093242e-05 2.579694e-04 2.498700e+00
1536 1.092991e-05 2.295396e-04 2.457225e+00
1537 1.092719e-05 2.491548e-04 2.568486e+00
1538 1.092463e-05 2.343009e-04 2.590001e+00
1539 1.092193e-05 2.469843e-04 2.491495e+00
1540 1.091943e-05 2.295484e-04 2.519670e+00
1541 1.091668e-05 2.510270e-04 2.485439e+00
1542 1.091416e-05 2.314110e-04 2.602916e+00
1543 1.091146e-05 2.473499e-04 2.583361e+00
1544 1.090892e-05 2.330884e-04 2.365935e+00
1545 1.090618e-05 2.503922e-04 2.456686e+00
1546 1.090358e-05 2.386440e-04 2.616848e+00
1547 1.090086e-05 2.495602e-04 2.533801e+00
1548 1.089835e-05 2.307197e-04 2.582963e+00
1549 1.089562e-05 2.503861e-04 2.709376e+00
1550 1.089310e-05 2.306106e-04 2.751076e+00
1551 1.089040e-05 2.483370e-04 2.534013e+00
1552 1.088776e-05 2.425291e-04 2.470672e+00
1553 1.088503e-05 2.506034e-04 2.525327e+00
1554 1.088254e-05 2.288098e-04 2.534572e+00
1555 1.087984e-05 2.479825e-04 2.483681e+00
1556 1.087729e-05 2.343096e-04 2.555173e+00
1557 1.087453e-05 2.535159e-04 2.484761e+00
1558 1.087194e-05 2.388532e-04 2.449496e+00
1559 1.086919e-05 2.522969e-04 2.365403e+00
1560 1.086670e-05 2.296575e-04 2.324352e+00
1561 1.086406e-05 2.426424e-04 2.449197e+00
1562 1.086150e-05 2.353531e-04 2.429131e+00
1563 1.085879e-05 2.493915e-04 2.701142e+00
1564 1.085620e-05 2.392733e-04 2.935237e+00
1565 1.085352e-05 2.460487e-04 2.616904e+00
1566 1.085099e-05 2.337501e-04 2.622184e+00
1567 1.084824e-05 2.529452e-04 2.526655e+00
1568 1.084574e-05 2.310908e-04 2.589774e+00
1569 1.084304e-05 2.481398e-04 2.569295e+00
1570 1.084051e-05 2.337106e-04 2.538163e+00
1571 1.083781e-05 2.491343e-04 2.457116e+00
1572 1.083529e-05 2.327125e-04 2.539977e+00
1573 1.083251e-05 2.561339e-04 2.588764e+00
1574 1.082998e-05 2.334969e-04 2.575991e+00
1575 1.082720e-05 2.566896e-04 2.533800e+00
1576 1.082470e-05 2.313491e-04 2.561791e+00
1577 1.082195e-05 2.540571e-04 2.687261e+00
1578 1.081946e-05 2.301351e-04 2.791946e+00
1579 1.081678e-05 2.473207e-04 2.456786e+00
1580 1.081421e-05 2.380470e-04 2.561889e+00
1581 1.081147e-05 2.532855e-04 2.505346e+00
1582 1.080898e-05 2.301998e-04 2.401321e+00
1583 1.080627e-05 2.503725e-04 2.386847e+00
1584 1.080374e-05 2.346170e-04 2.524471e+00
1585 1.080108e-05 2.463003e-04 2.548387e+00
1586 1.079853e-05 2.359805e-04 2.567944e+00
1587 1.079584e-05 2.488774e-04 2.519616e+00
1588 1.079326e-05 2.390696e-04 2.485381e+00
1589 1.079053e-05 2.530385e-04 2.561973e+00
1590 1.078797e-05 2.366009e-04 2.512084e+00
1591 1.078529e-05 2.491806e-04 2.554708e+00
1592 1.078272e-05 2.382295e-04 2.505850e+00
1593 1.078000e-05 2.518363e-04 2.512955e+00
1594 1.077744e-05 2.372508e-04 2.518901e+00
1595 1.077474e-05 2.506203e-04 2.484854e+00
1596 1.077226e-05 2.304254e-04 2.512687e+00
1597 1.076955e-05 2.513302e-04 2.470767e+00
1598 1.076696e-05 2.406981e-04 2.513063e+00
1599 1.076432e-05 2.450542e-04 2.512935e+00
1600 1.076179e-05 2.348511e-04 2.491729e+00
1601 1.075912e-05 2.487798e-04 2.498627e+00
1602 1.075662e-05 2.322810e-04 2.408294e+00
1603 1.075386e-05 2.565188e-04 2.322653e+00
1604 1.075138e-05 2.301422e-04 2.408246e+00
1605 1.074860e-05 2.584972e-04 2.441174e+00
1606 1.074610e-05 2.333481e-04 2.442948e+00
1607 1.074343e-05 2.484051e-04 2.435721e+00
1608 1.074089e-05 2.363685e-04 2.589916e+00
1609 1.073822e-05 2.486166e-04 2.448951e+00
1610 1.073568e-05 2.366697e-04 2.478481e+00
1611 1.073297e-05 2.515915e-04 2.547237e+00
1612 1.073044e-05 2.361419e-04 2.624726e+00
1613 1.072769e-05 2.559191e-04 2.783249e+00
1614 1.072522e-05 2.308678e-04 2.441855e+00
1615 1.072241e-05 2.616631e-04 2.505483e+00
1616 1.071989e-05 2.349420e-04 2.526957e+00
1617 1.071723e-05 2.484301e-04 2.386908e+00
1618 1.071472e-05 2.340295e-04 2.365793e+00
1619 1.071202e-05 2.520871e-04 2.498443e+00
1620 1.070946e-05 2.391691e-04 2.477940e+00
1621 1.070674e-05 2.535268e-04 2.491662e+00
1622 1.070416e-05 2.412062e-04 2.463332e+00
1623 1.070144e-05 2.536797e-04 2.491650e+00
1624 1.069896e-05 2.317425e-04 2.476504e+00
1625 1.069629e-05 2.501638e-04 2.554072e+00
1626 1.069381e-05 2.315554e-04 2.609213e+00
1627 1.069111e-05 2.522195e-04 2.736595e+00
1628 1.068861e-05 2.338949e-04 2.573724e+00
1629 1.068592e-05 2.523364e-04 2.468739e+00
1630 1.068338e-05 2.370977e-04 2.470516e+00
1631 1.068064e-05 2.562894e-04 2.491339e+00
1632 1.067812e-05 2.363864e-04 2.538552e+00
1633 1.067535e-05 2.598305e-04 2.469550e+00
1634 1.067277e-05 2.412031e-04 2.450529e+00
1635 1.067009e-05 2.511701e-04 2.505121e+00
1636 1.066767e-05 2.271958e-04 2.491723e+00
1637 1.066493e-05 2.565689e-04 2.506051e+00
1638 1.066244e-05 2.336597e-04 2.470112e+00
1639 1.065976e-05 2.509656e-04 2.449351e+00
1640 1.065726e-05 2.347469e-04 2.488978e+00
1641 1.065456e-05 2.532973e-04 2.554456e+00
1642 1.065203e-05 2.375330e-04 2.519395e+00
1643 1.064937e-05 2.495201e-04 2.814386e+00
1644 1.064687e-05 2.346934e-04 2.492189e+00
1645 1.064423e-05 2.482969e-04 2.407221e+00
1646 1.064160e-05 2.469995e-04 2.456557e+00
1647 1.063891e-05 2.523423e-04 2.499020e+00
1648 1.063644e-05 2.321612e-04 2.498605e+00
1649 1.063375e-05 2.529916e-04 2.463787e+00
1650 1.063126e-05 2.340259e-04 2.505409e+00
1651 1.062853e-05 2.570685e-04 2.519679e+00
1652 1.062595e-05 2.426367e-04 2.560943e+00
1653 1.062330e-05 2.495728e-04 2.547804e+00
1654 1.062083e-05 2.323626e-04 2.478425e+00
1655 1.061815e-05 2.521707e-04 2.428050e+00
1656 1.061565e-05 2.357504e-04 2.477036e+00
1657 1.061296e-05 2.537683e-04 2.450213e+00
1658 1.061047e-05 2.338349e-04 2.811365e+00
1659 1.060778e-05 2.541886e-04 2.693345e+00
1660 1.060526e-05 2.374267e-04 2.568548e+00
1661 1.060258e-05 2.526188e-04 2.498343e+00
1662 1.060006e-05 2.374359e-04 2.532674e+00
1663 1.059739e-05 2.516404e-04 2.477658e+00
1664 1.059488e-05 2.371309e-04 2.420855e+00
1665 1.059216e-05 2.566818e-04 2.449113e+00
1666 1.058964e-05 2.381819e-04 2.534592e+00
1667 1.058697e-05 2.516355e-04 2.427742e+00
1668 1.058439e-05 2.445659e-04 2.428140e+00
1669 1.058170e-05 2.538353e-04 2.498718e+00
1670 1.057920e-05 2.359276e-04 2.435036e+00
1671 1.057653e-05 2.526226e-04 2.435699e+00
1672 1.057401e-05 2.378334e-04 2.463509e+00
1673 1.057137e-05 2.504794e-04 2.632353e+00
1674 1.056884e-05 2.386789e-04 2.686944e+00
1675 1.056615e-05 2.544381e-04 2.596810e+00
1676 1.056368e-05 2.344282e-04 2.483899e+00
1677 1.056094e-05 2.594113e-04 2.484635e+00
1678 1.055843e-05 2.369717e-04 2.512377e+00
1679 1.055571e-05 2.580419e-04 2.385945e+00
1680 1.055319e-05 2.389583e-04 2.478631e+00
1681 1.055043e-05 2.612735e-04 2.505703e+00
1682 8.170851e-06 2.255433e-01 2.407951e+00
1683 9.466455e-06 1.585642e-01 2.527647e+00
1684 1.830328e-05 9.334885e-01 2.519778e+00
1685 2.010342e-05 9.835057e-02 2.540472e+00
1686 9.454925e-06 5.296857e-01 2.505590e+00
1687 9.418016e-06 3.903724e-03 2.631921e+00
1688 7.691043e-06 1.833691e-01 2.805712e+00
1689 6.840391e-06 1.106029e-01 2.519299e+00
1690 6.435383e-06 5.920835e-02 2.491483e+00
1691 7.058907e-06 9.688998e-02 2.548078e+00
1692 6.584576e-06 6.719613e-02 2.540265e+00
1693 5.185345e-06 2.125013e-01 2.366188e+00
1694 5.904380e-06 1.386667e-01 2.435246e+00
1695 4.932081e-06 1.646742e-01 2.365765e+00
1696 4.408992e-06 1.060584e-01 2.524693e+00
1697 3.654398e-06 1.711489e-01 2.555120e+00
1698 5.029754e-06 3.763563e-01 2.492167e+00
1699 3.554503e-06 2.933048e-01 2.617873e+00
1700 4.162145e-06 1.709500e-01 2.502198e+00
1701 3.775748e-06 9.283609e-02 2.492312e+00
1702 5.045745e-06 3.363564e-01 2.519505e+00
1703 3.452090e-06 3.158414e-01 2.534244e+00
1704 5.267495e-06 5.258860e-01 2.463855e+00
1705 3.528976e-06 3.300468e-01 2.568413e+00
1706 5.148036e-06 4.587906e-01 2.730121e+00
1707 3.480406e-06 3.239352e-01 2.513615e+00
1708 5.185475e-06 4.899050e-01 2.498885e+00
1709 3.555438e-06 3.143466e-01 2.568127e+00
1710 5.110362e-06 4.373367e-01 2.511749e+00
1711 3.512384e-06 3.126938e-01 2.477851e+00
1712 5.115453e-06 4.564049e-01 2.583359e+00
1713 3.535248e-06 3.089082e-01 2.540445e+00
1714 5.004040e-06 4.154708e-01 2.548201e+00
1715 3.466963e-06 3.071672e-01 2.568163e+00
1716 5.034687e-06 4.521894e-01 2.603930e+00
1717 3.494929e-06 3.058298e-01 2.576379e+00
1718 4.951922e-06 4.168875e-01 2.568773e+00
1719 3.442798e-06 3.047553e-01 3.170639e+00
1720 4.993233e-06 4.503418e-01 2.783885e+00
1721 3.492237e-06 3.006061e-01 2.654336e+00
1722 4.755891e-06 3.618467e-01 2.532670e+00
1723 3.396613e-06 2.858094e-01 2.568264e+00
1724 4.932504e-06 4.521831e-01 2.597245e+00
1725 3.451968e-06 3.001591e-01 2.539956e+00
1726 4.871544e-06 4.112369e-01 2.582254e+00
1727 3.451193e-06 2.915608e-01 2.533659e+00
1728 4.826486e-06 3.984980e-01 2.505677e+00
1729 3.422726e-06 2.908451e-01 2.540168e+00
1730 4.784181e-06 3.977691e-01 2.547033e+00
1731 3.398759e-06 2.895839e-01 2.568765e+00
1732 4.735637e-06 3.933429e-01 2.581319e+00
1733 3.376924e-06 2.869124e-01 2.799569e+00
1734 4.691488e-06 3.892785e-01 2.899307e+00
1735 3.349380e-06 2.860730e-01 2.701900e+00
1736 4.638387e-06 3.848495e-01 2.448990e+00
1737 3.334478e-06 2.811125e-01 2.548129e+00
1738 4.597905e-06 3.788978e-01 2.513240e+00
1739 3.300244e-06 2.822287e-01 2.560913e+00
1740 4.553025e-06 3.796023e-01 2.428816e+00
1741 3.274089e-06 2.808980e-01 2.519226e+00
1742 4.505834e-06 3.762099e-01 2.478142e+00
1743 4.057706e-06 9.945493e-02 2.511525e+00
1744 4.622430e-06 1.391732e-01 2.555043e+00
1745 3.389963e-06 2.666275e-01 2.544891e+00
1746 4.409967e-06 3.008892e-01 2.568418e+00
1747 3.059465e-06 3.062384e-01 2.743158e+00
1748 4.406384e-06 4.402465e-01 2.757461e+00
1749 3.277766e-06 2.561326e-01 2.526023e+00
1750 4.546921e-06 3.872014e-01 2.386866e+00
1751 3.214212e-06 2.931015e-01 2.422160e+00
1752 4.507777e-06 4.024519e-01 2.372978e+00
1753 3.196734e-06 2.908404e-01 2.323305e+00
1754 4.454752e-06 3.935325e-01 2.400216e+00
1755 3.162332e-06 2.901216e-01 2.336994e+00
1756 4.409802e-06 3.944778e-01 2.384677e+00
1757 3.139495e-06 2.880646e-01 2.387139e+00
1758 4.354402e-06 3.869754e-01 2.414626e+00
1759 3.914715e-06 1.009753e-01 2.519968e+00
1760 4.452446e-06 1.373615e-01 2.534029e+00
1761 3.198151e-06 2.817091e-01 2.610190e+00
1762 4.568933e-06 4.286169e-01 2.707137e+00
1763 3.196172e-06 3.004555e-01 2.593323e+00
1764 4.031311e-06 2.612934e-01 2.547642e+00
1765 4.677903e-06 1.603924e-01 2.484599e+00
1766 3.489880e-06 2.539648e-01 2.547521e+00
1767 1.396165e-06 5.999388e-01 2.491311e+00
1768 2.119737e-06 5.182564e-01 2.552996e+00
1769 8.987215e-07 5.760222e-01 2.504733e+00
1770 2.003611e-06 1.229401e+00 2.505569e+00
1771 1.390523e-06 3.059918e-01 2.400915e+00
1772 1.495930e-06 7.580440e-02 2.413502e+00
1773 5.668142e-07 6.210959e-01 2.491382e+00
1774 6.905684e-07 2.183329e-01 2.540728e+00
1775 3.929347e-07 4.309982e-01 2.555026e+00
1776 4.554506e-07 1.591001e-01 2.667321e+00
1777 4.617122e-07 1.374812e-02 3.003516e+00
1778 2.639222e-07 4.283837e-01 2.442889e+00
1779 1.871963e-07 2.907139e-01 2.499234e+00
1780 2.133483e-07 1.397032e-01 2.428451e+00
1781 2.066670e-07 3.131632e-02 2.505892e+00
1782 1.354576e-07 3.445609e-01 2.608807e+00
1783 1.899747e-07 4.024657e-01 2.623846e+00
1784 1.727206e-07 9.082319e-02 2.596593e+00
1785 1.332846e-07 2.283225e-01 2.547413e+00
1786 1.308946e-07 1.793167e-02 2.575843e+00
1787 9.509037e-08 2.735346e-01 2.471188e+00
1788 1.089182e-07 1.454181e-01 2.477312e+00
1789 9.068730e-08 1.673819e-01 2.561999e+00
1790 6.090303e-08 3.284282e-01 2.770894e+00
1791 6.587061e-08 8.156540e-02 2.674310e+00
1792 5.462596e-08 1.707082e-01 2.575433e+00
1793 5.499805e-08 6.811632e-03 2.567193e+00
1794 4.934668e-08 1.027559e-01 2.533884e+00
1795 3.900057e-08 2.096617e-01 2.547689e+00
1796 5.034562e-08 2.908946e-01 2.463225e+00
1797 3.194857e-08 3.654152e-01 2.386745e+00
1798 3.379989e-08 5.794689e-02 2.525860e+00
1799 2.427836e-08 2.817030e-01 2.561554e+00
1800 3.453287e-08 4.223727e-01 2.541423e+00
1801 2.803902e-08 1.880486e-01 2.393919e+00
1802 1.952663e-08 3.035907e-01 2.456570e+00
1803 2.420516e-08 2.395971e-01 2.603569e+00
1804 1.663330e-08 3.128201e-01 2.729675e+00
1805 1.799693e-08 8.198232e-02 2.679798e+00
1806 1.716053e-08 4.647464e-02 2.574908e+00
1807 1.480107e-08 1.374934e-01 2.429001e+00
1808 1.034720e-08 3.009156e-01 2.448841e+00
1809 1.301822e-08 2.581396e-01 2.469753e+00
1810 7.835682e-09 3.980988e-01 2.400325e+00
1811 8.630990e-09 1.014982e-01 2.393323e+00
1812 6.555827e-09 2.404316e-01 2.471286e+00
1813 8.702505e-09 3.274457e-01 2.457141e+00
1814 6.393213e-09 2.653595e-01 2.553504e+00
1815 7.036318e-09 1.005918e-01 2.539978e+00
1816 4.620087e-09 3.433942e-01 2.309591e+00
1817 4.858529e-09 5.160979e-02 2.344925e+00
1818 3.760432e-09 2.260143e-01 2.505537e+00
1819 3.045254e-09 1.901850e-01 2.561685e+00
1820 3.072125e-09 8.823878e-03 2.659931e+00
1821 3.307570e-09 7.663924e-02 2.801605e+00
1822 2.391631e-09 2.769221e-01 2.526547e+00
1823 1.651315e-09 3.095443e-01 2.589277e+00
1824 2.270264e-09 3.748218e-01 2.539656e+00
1825 1.661628e-09 2.680906e-01 2.526394e+00
1826 1.812881e-09 9.102735e-02 2.547478e+00
1827 1.276799e-09 2.957075e-01 2.573806e+00
1828 1.207783e-09 5.405361e-02 2.512624e+00
1829 1.003544e-09 1.691024e-01 2.499029e+00
1830 9.096639e-10 9.354859e-02 2.484239e+00
1831 1.027224e-09 1.292346e-01 2.483835e+00
1832 8.012686e-10 2.199670e-01 2.540837e+00
1833 8.612008e-10 7.479660e-02 2.534095e+00
1834 6.730398e-10 2.184867e-01 2.618116e+00
1835 5.816241e-10 1.358252e-01 2.498308e+00
1836 4.242966e-10 2.704969e-01 2.505751e+00
1837 7.954387e-10 8.747233e-01 2.484930e+00
1838 3.340783e-10 5.800075e-01 2.826991e+00
1839 2.509238e-10 2.489072e-01 2.799614e+00
1840 3.059408e-10 2.192577e-01 2.763466e+00
1841 2.263589e-10 2.601219e-01 2.533369e+00
1842 2.438205e-10 7.714115e-02 2.527809e+00
1843 2.206925e-10 9.485689e-02 2.491171e+00
1844 2.121140e-10 3.887070e-02 2.463658e+00
1845 1.292662e-10 3.905817e-01 2.513196e+00
1846 1.698260e-10 3.137704e-01 2.483135e+00
1847 1.169795e-10 3.111802e-01 2.456640e+00
1848 1.505328e-10 2.868303e-01 2.456995e+00
1849 1.149961e-10 2.360727e-01 2.406972e+00
1850 8.936951e-11 2.228476e-01 2.366566e+00
