1 9.942153e-01 1.000000e+00 2.058729e+00
2 9.588738e-01 3.554715e-02 1.903279e+00
3 8.958888e-01 6.568637e-02 1.964020e+00
4 8.478428e-01 5.362943e-02 2.018560e+00
5 8.184843e-01 3.462726e-02 1.974849e+00
6 8.116980e-01 8.291319e-03 1.834488e+00
7 7.974863e-01 1.750863e-02 1.823564e+00
8 7.766856e-01 2.608278e-02 1.905175e+00
9 7.419054e-01 4.478039e-02 1.913506e+00
10 7.257411e-01 2.178751e-02 1.914151e+00
11 7.229830e-01 3.800372e-03 1.924753e+00
12 6.980287e-01 3.451571e-02 1.928466e+00
13 6.924703e-01 7.963025e-03 2.290067e+00
14 6.723983e-01 2.898602e-02 2.112326e+00
15 6.667506e-01 8.399418e-03 1.792208e+00
16 6.603952e-01 9.531832e-03 1.869647e+00
17 6.447852e-01 2.363744e-02 1.944381e+00
18 6.411992e-01 5.561436e-03 1.809567e+00
19 6.395258e-01 2.609793e-03 1.864628e+00
20 6.359724e-01 5.556400e-03 1.879220e+00
21 6.244395e-01 1.813431e-02 1.809450e+00
22 6.013631e-01 3.695539e-02 1.969458e+00
23 5.969874e-01 7.276291e-03 1.979926e+00
24 5.366547e-01 1.010619e-01 1.863890e+00
25 5.305954e-01 1.129097e-02 1.783283e+00
26 5.242365e-01 1.198445e-02 1.784929e+00
27 5.103277e-01 2.653153e-02 1.874378e+00
28 4.989547e-01 2.228567e-02 1.745442e+00
29 4.972087e-01 3.499270e-03 1.726619e+00
30 4.778763e-01 3.888193e-02 1.778439e+00
31 4.521843e-01 5.376278e-02 1.758325e+00
32 4.195745e-01 7.211609e-02 1.772377e+00
33 4.118640e-01 1.837707e-02 1.791497e+00
34 3.724513e-01 9.569347e-02 1.835147e+00
35 3.742419e-01 4.807586e-03 1.842908e+00
36 3.750497e-01 2.158447e-03 1.733751e+00
37 3.363287e-01 1.032421e-01 1.832985e+00
38 3.146336e-01 6.450564e-02 1.879853e+00
39 3.081113e-01 2.072991e-02 1.842876e+00
40 3.068256e-01 4.173001e-03 1.795337e+00
41 3.033430e-01 1.135034e-02 1.829207e+00
42 3.017574e-01 5.227161e-03 1.736965e+00
43 3.018934e-01 4.507096e-04 1.699646e+00
44 2.986848e-01 1.062829e-02 1.713827e+00
45 2.793115e-01 6.486207e-02 1.627041e+00
46 2.711041e-01 2.938439e-02 1.706360e+00
47 2.647228e-01 2.353803e-02 1.801950e+00
48 2.659903e-01 4.788178e-03 1.809274e+00
49 2.651542e-01 3.143661e-03 1.790187e+00
50 2.590661e-01 2.296034e-02 1.853786e+00
51 2.559342e-01 1.208926e-02 1.918355e+00
52 2.550968e-01 3.272123e-03 1.881888e+00
53 2.565683e-01 5.768576e-03 1.994810e+00
54 2.516670e-01 1.910352e-02 1.803225e+00
55 2.483342e-01 1.324280e-02 1.749765e+00
56 2.471646e-01 4.709619e-03 1.817638e+00
57 2.459133e-01 5.062562e-03 1.790268e+00
58 2.440117e-01 7.732788e-03 1.758669e+00
59 2.419812e-01 8.321611e-03 1.459091e+00
60 2.423671e-01 1.594965e-03 1.310887e+00
61 2.406079e-01 7.258427e-03 1.323846e+00
62 2.412065e-01 2.487708e-03 1.371842e+00
63 2.403452e-01 3.570714e-03 1.316340e+00
64 2.400023e-01 1.426888e-03 1.339434e+00
65 2.395467e-01 1.898133e-03 1.335182e+00
66 2.394686e-01 3.259100e-04 1.411687e+00
67 2.389224e-01 2.280841e-03 1.327367e+00
68 2.389628e-01 1.690785e-04 1.291415e+00
69 2.412069e-01 9.390685e-03 1.329760e+00
70 2.388776e-01 9.656652e-03 1.339451e+00
71 2.347248e-01 1.738463e-02 1.359895e+00
72 2.351139e-01 1.657758e-03 1.299745e+00
73 2.340169e-01 4.666074e-03 1.287252e+00
74 2.373365e-01 1.418555e-02 1.243665e+00
75 2.351744e-01 9.109913e-03 1.259811e+00
76 2.379506e-01 1.180469e-02 1.211498e+00
77 2.324864e-01 2.296331e-02 1.236008e+00
78 2.326227e-01 5.863133e-04 1.283709e+00
79 2.270895e-01 2.378644e-02 1.447094e+00
80 2.311338e-01 1.780956e-02 1.376157e+00
81 2.254341e-01 2.466002e-02 1.359496e+00
82 2.267128e-01 5.672072e-03 1.338992e+00
83 2.232044e-01 1.547471e-02 1.258488e+00
84 2.235030e-01 1.337596e-03 1.332612e+00
85 2.241729e-01 2.997151e-03 1.303435e+00
86 2.225400e-01 7.284016e-03 1.316030e+00
87 2.237158e-01 5.283527e-03 1.591603e+00
88 2.242171e-01 2.240703e-03 1.284008e+00
89 2.214235e-01 1.245934e-02 1.390728e+00
90 2.209454e-01 2.159189e-03 1.279920e+00
91 2.215948e-01 2.939140e-03 1.348463e+00
92 2.203047e-01 5.821809e-03 1.291928e+00
93 2.204756e-01 7.757159e-04 1.339867e+00
94 2.220966e-01 7.352208e-03 1.387222e+00
95 2.201980e-01 8.548403e-03 1.311996e+00
96 2.205253e-01 1.486251e-03 1.227572e+00
97 2.206294e-01 4.721261e-04 1.311250e+00
98 2.200161e-01 2.779560e-03 1.328199e+00
99 2.207196e-01 3.197310e-03 1.439351e+00
100 2.206339e-01 3.882129e-04 1.232046e+00
101 2.190320e-01 7.260460e-03 1.239974e+00
102 2.188929e-01 6.348533e-04 1.291753e+00
103 2.178220e-01 4.892745e-03 1.347618e+00
104 2.199641e-01 9.834270e-03 1.399896e+00
105 2.174807e-01 1.129003e-02 1.263937e+00
106 2.176190e-01 6.361206e-04 1.260568e+00
107 2.160373e-01 7.268458e-03 1.267943e+00
108 2.156674e-01 1.711884e-03 1.255803e+00
109 2.162504e-01 2.702994e-03 1.279601e+00
110 2.149619e-01 5.958098e-03 1.259384e+00
111 2.156514e-01 3.207540e-03 1.224108e+00
112 2.154382e-01 9.887619e-04 1.243969e+00
113 2.153195e-01 5.508499e-04 1.239937e+00
114 2.149675e-01 1.635112e-03 1.258761e+00
115 2.153007e-01 1.550380e-03 1.279595e+00
116 2.141684e-01 5.259457e-03 1.277730e+00
117 2.148937e-01 3.386864e-03 1.263739e+00
118 2.148430e-01 2.362418e-04 1.262163e+00
119 2.142265e-01 2.869332e-03 1.266683e+00
120 2.146919e-01 2.172510e-03 1.247103e+00
121 2.144245e-01 1.245592e-03 1.283315e+00
122 2.141349e-01 1.350474e-03 1.298827e+00
123 2.141095e-01 1.189810e-04 1.332124e+00
124 2.138794e-01 1.074577e-03 1.259765e+00
125 2.137274e-01 7.107010e-04 1.287649e+00
126 2.137175e-01 4.605364e-05 1.264141e+00
127 2.136062e-01 5.211330e-04 1.314554e+00
128 2.143892e-01 3.665791e-03 1.338314e+00
129 2.133109e-01 5.029481e-03 1.298285e+00
130 2.154669e-01 1.010700e-02 1.267918e+00
131 2.129655e-01 1.160907e-02 1.243823e+00
132 2.130287e-01 2.970223e-04 1.227301e+00
133 2.166626e-01 1.705808e-02 1.236137e+00
134 2.139420e-01 1.255667e-02 1.235946e+00
135 2.131038e-01 3.918015e-03 1.259846e+00
136 2.122319e-01 4.091378e-03 1.244104e+00
137 2.122646e-01 1.538089e-04 1.264070e+00
138 2.129152e-01 3.065035e-03 1.211561e+00
139 2.127353e-01 8.448338e-04 1.247782e+00
140 2.119692e-01 3.601040e-03 1.251786e+00
141 2.182776e-01 2.976082e-02 1.256794e+00
142 2.109289e-01 3.366671e-02 1.259026e+00
143 2.218104e-01 5.158861e-02 1.264416e+00
144 2.117483e-01 4.536388e-02 1.295691e+00
145 2.144919e-01 1.295729e-02 1.292158e+00
146 2.081861e-01 2.939911e-02 1.243706e+00
147 2.128877e-01 2.258389e-02 1.216291e+00
148 2.058298e-01 3.315347e-02 1.275219e+00
149 2.049175e-01 4.431886e-03 1.264271e+00
150 2.039164e-01 4.885598e-03 1.275327e+00
151 2.034941e-01 2.071117e-03 1.247951e+00
152 2.062668e-01 1.362581e-02 1.255362e+00
153 2.029670e-01 1.599796e-02 1.248599e+00
154 2.027371e-01 1.132738e-03 1.227486e+00
155 2.024053e-01 1.636318e-03 1.228129e+00
156 2.023258e-01 3.928106e-04 1.271033e+00
157 2.024417e-01 5.727165e-04 1.263900e+00
158 2.021286e-01 1.546463e-03 1.252469e+00
159 2.022824e-01 7.606334e-04 1.186960e+00
160 2.021170e-01 8.174563e-04 1.200263e+00
161 2.023016e-01 9.134245e-04 1.248400e+00
162 2.021535e-01 7.321901e-04 1.243806e+00
163 2.023631e-01 1.036910e-03 1.231663e+00
164 2.038945e-01 7.567421e-03 1.251340e+00
165 2.023449e-01 7.599991e-03 1.255974e+00
166 2.021311e-01 1.056476e-03 1.271546e+00
167 2.021058e-01 1.253180e-04 1.256217e+00
168 2.021627e-01 2.813137e-04 1.242479e+00
169 2.024607e-01 1.474265e-03 1.256141e+00
170 2.029499e-01 2.416376e-03 1.248540e+00
171 2.022475e-01 3.460817e-03 1.251012e+00
172 2.019740e-01 1.352296e-03 1.244483e+00
173 2.014177e-01 2.754562e-03 1.219543e+00
174 2.017291e-01 1.546078e-03 1.243754e+00
175 2.019138e-01 9.154169e-04 1.260430e+00
176 2.018006e-01 5.604981e-04 1.247793e+00
177 2.132984e-01 5.697607e-02 1.248380e+00
178 2.067044e-01 3.091445e-02 1.299861e+00
179 2.052866e-01 6.859010e-03 1.223315e+00
180 2.049379e-01 1.698900e-03 1.251792e+00
181 2.041716e-01 3.739104e-03 1.239584e+00
182 2.017778e-01 1.172409e-02 1.263755e+00
183 2.015378e-01 1.189454e-03 1.267668e+00
184 2.011544e-01 1.902678e-03 1.236706e+00
185 2.004162e-01 3.669926e-03 1.259624e+00
186 2.002266e-01 9.459085e-04 1.251732e+00
187 2.001638e-01 3.133031e-04 1.259618e+00
188 1.998690e-01 1.473220e-03 1.255232e+00
189 1.997089e-01 8.008207e-04 1.384402e+00
190 1.993634e-01 1.730100e-03 1.322812e+00
191 1.991140e-01 1.250906e-03 1.278186e+00
192 1.992515e-01 6.906254e-04 1.255847e+00
193 1.991457e-01 5.311459e-04 1.231803e+00
194 1.990568e-01 4.463820e-04 1.243703e+00
195 1.991107e-01 2.706079e-04 1.268205e+00
196 1.990175e-01 4.676916e-04 1.244063e+00
197 1.988231e-01 9.768130e-04 1.240063e+00
198 1.987954e-01 1.396578e-04 1.267215e+00
199 1.987307e-01 3.251461e-04 1.307756e+00
200 1.989362e-01 1.033954e-03 1.359900e+00
201 1.992629e-01 1.642319e-03 1.272291e+00
202 1.985853e-01 3.400873e-03 1.260212e+00
203 1.986304e-01 2.274015e-04 1.255495e+00
204 1.990483e-01 2.103751e-03 1.224340e+00
205 1.976381e-01 7.084653e-03 1.259852e+00
206 1.969960e-01 3.248996e-03 1.223613e+00
207 1.968368e-01 8.077948e-04 1.200118e+00
208 1.963957e-01 2.241087e-03 1.234144e+00
209 1.978864e-01 7.590356e-03 1.211946e+00
210 1.968423e-01 5.276105e-03 1.216007e+00
211 1.962576e-01 2.970838e-03 1.251443e+00
212 2.036625e-01 3.773070e-02 1.260261e+00
213 1.971634e-01 3.191109e-02 1.233881e+00
214 1.964113e-01 3.814584e-03 1.293556e+00
215 1.957759e-01 3.235087e-03 1.255470e+00
216 1.955005e-01 1.406624e-03 1.287296e+00
217 1.960508e-01 2.814903e-03 1.256697e+00
218 1.955325e-01 2.644092e-03 1.255772e+00
219 1.955485e-01 8.197999e-05 1.227203e+00
220 1.952788e-01 1.379150e-03 1.259896e+00
221 1.956514e-01 1.907958e-03 1.255982e+00
222 1.953557e-01 1.511081e-03 1.256156e+00
223 1.952788e-01 3.939070e-04 1.251720e+00
224 1.954699e-01 9.786840e-04 1.195946e+00
225 1.950727e-01 2.032191e-03 1.215856e+00
226 1.950777e-01 2.600024e-05 1.183790e+00
227 1.951607e-01 4.253564e-04 1.171514e+00
228 1.948418e-01 1.634216e-03 1.187883e+00
229 1.958177e-01 5.008709e-03 1.163596e+00
230 1.952002e-01 3.153352e-03 1.196597e+00
231 1.948336e-01 1.877839e-03 1.191510e+00
232 1.947885e-01 2.315975e-04 1.192248e+00
233 1.948335e-01 2.307981e-04 1.191038e+00
234 1.948232e-01 5.264149e-05 1.186894e+00
235 1.947341e-01 4.577297e-04 1.183045e+00
236 1.949143e-01 9.256122e-04 1.199569e+00
237 1.971085e-01 1.125732e-02 1.179718e+00
238 1.958674e-01 6.296657e-03 1.183780e+00
239 1.954028e-01 2.371920e-03 1.184813e+00
240 1.952482e-01 7.911833e-04 1.187703e+00
241 1.950553e-01 9.878456e-04 1.182079e+00
242 1.950225e-01 1.681202e-04 1.186514e+00
243 1.949586e-01 3.279682e-04 1.179390e+00
244 1.949202e-01 1.966944e-04 1.196441e+00
245 1.949253e-01 2.578993e-05 1.163231e+00
246 1.948527e-01 3.723865e-04 1.163653e+00
247 1.948453e-01 3.802914e-05 1.191900e+00
248 1.948157e-01 1.517700e-04 1.182131e+00
249 1.948590e-01 2.225575e-04 1.144538e+00
250 1.947389e-01 6.166285e-04 1.183482e+00
251 1.947292e-01 4.991468e-05 1.219879e+00
252 1.947062e-01 1.177431e-04 1.219623e+00
253 1.947129e-01 3.442802e-05 1.207138e+00
254 1.946988e-01 7.289531e-05 1.173923e+00
255 1.946873e-01 5.870354e-05 1.195654e+00
256 1.946758e-01 5.919543e-05 1.207147e+00
257 1.946764e-01 3.020549e-06 1.263780e+00
258 1.946653e-01 5.686923e-05 1.244277e+00
259 1.946715e-01 3.159534e-05 1.267073e+00
260 1.948048e-01 6.851023e-04 1.268454e+00
261 1.946865e-01 6.073044e-04 1.227677e+00
262 1.946609e-01 1.317277e-04 1.236347e+00
263 1.946510e-01 5.052178e-05 1.211387e+00
264 1.946587e-01 3.953698e-05 1.196597e+00
265 1.966113e-01 1.003050e-02 1.191496e+00
266 1.955584e-01 5.355222e-03 1.283627e+00
267 1.953597e-01 1.016072e-03 1.371487e+00
268 1.949994e-01 1.844389e-03 1.311672e+00
269 1.948442e-01 7.955667e-04 1.159941e+00
270 1.948378e-01 3.305598e-05 1.135872e+00
271 2.004015e-01 2.855588e-02 1.143543e+00
272 1.971417e-01 1.626636e-02 1.256268e+00
273 1.961215e-01 5.174974e-03 1.319494e+00
274 1.953498e-01 3.934795e-03 1.227982e+00
275 1.952376e-01 5.743636e-04 1.231798e+00
276 1.950438e-01 9.928155e-04 1.267066e+00
277 1.949407e-01 5.284033e-04 1.231931e+00
278 1.949148e-01 1.332399e-04 1.224550e+00
279 1.948232e-01 4.700045e-04 1.267918e+00
280 1.947728e-01 2.582291e-04 1.255091e+00
281 1.947482e-01 1.265169e-04 1.207422e+00
282 2.013797e-01 3.405157e-02 1.214768e+00
283 1.969625e-01 2.193459e-02 1.240220e+00
284 1.952171e-01 8.861626e-03 1.279467e+00
285 1.945209e-01 3.566096e-03 1.235429e+00
286 1.939793e-01 2.784273e-03 1.239895e+00
287 1.935595e-01 2.164290e-03 1.218701e+00
288 1.931076e-01 2.334908e-03 1.232038e+00
289 1.935986e-01 2.542835e-03 1.175775e+00
290 1.931153e-01 2.496487e-03 1.248519e+00
291 1.961007e-01 1.545899e-02 1.198768e+00
292 1.959710e-01 6.610781e-04 1.252322e+00
293 1.950306e-01 4.798980e-03 1.290285e+00
294 1.946465e-01 1.969367e-03 1.284515e+00
295 1.943540e-01 1.502666e-03 1.279430e+00
296 1.959806e-01 8.369551e-03 1.208289e+00
297 1.945862e-01 7.115339e-03 1.159659e+00
298 1.939430e-01 3.305468e-03 1.208009e+00
299 1.938655e-01 3.993180e-04 1.210327e+00
300 1.937203e-01 7.493515e-04 1.209424e+00
301 1.938139e-01 4.833318e-04 1.209042e+00
302 1.936303e-01 9.473358e-04 1.194947e+00
303 1.935184e-01 5.780144e-04 1.211127e+00
304 1.935621e-01 2.259471e-04 1.192428e+00
305 1.948791e-01 6.804350e-03 1.310799e+00
306 1.936835e-01 6.135071e-03 1.231988e+00
307 1.943274e-01 3.324440e-03 1.186105e+00
308 1.932580e-01 5.503009e-03 1.157430e+00
309 1.929792e-01 1.443047e-03 1.139911e+00
310 1.928412e-01 7.149500e-04 1.279961e+00
311 1.927369e-01 5.409263e-04 1.319239e+00
312 1.927286e-01 4.283248e-05 1.343569e+00
313 1.926808e-01 2.479953e-04 1.295862e+00
314 1.938287e-01 5.957481e-03 1.207894e+00
315 1.929384e-01 4.593490e-03 1.216008e+00
316 1.927151e-01 1.157003e-03 1.251638e+00
317 1.927167e-01 8.162477e-06 1.103498e+00
318 1.925714e-01 7.541350e-04 8.731190e-01
319 1.924844e-01 4.516237e-04 8.246260e-01
320 1.925452e-01 3.159860e-04 8.403470e-01
321 1.924082e-01 7.116394e-04 8.568520e-01
322 1.923835e-01 1.283631e-04 8.700130e-01
323 1.923957e-01 6.353802e-05 8.640650e-01
324 1.923830e-01 6.609553e-05 8.603070e-01
325 1.923594e-01 1.228475e-04 8.643360e-01
326 1.936257e-01 6.583224e-03 8.369400e-01
327 1.930144e-01 3.157137e-03 9.117650e-01
328 1.936304e-01 3.191415e-03 9.215160e-01
329 1.925942e-01 5.351292e-03 9.295200e-01
330 1.925446e-01 2.576047e-04 8.491610e-01
331 1.923145e-01 1.195224e-03 8.722010e-01
332 1.923944e-01 4.155859e-04 8.727430e-01
333 1.922386e-01 8.099056e-04 8.669720e-01
334 1.921902e-01 2.515620e-04 8.196420e-01
335 1.921700e-01 1.053387e-04 8.308250e-01
336 1.922150e-01 2.342961e-04 8.485470e-01
337 1.921853e-01 1.544210e-04 8.341310e-01
338 1.921659e-01 1.011010e-04 8.310260e-01
339 1.921677e-01 9.576541e-06 8.399300e-01
340 1.921400e-01 1.443581e-04 8.187560e-01
341 1.921302e-01 5.106997e-05 8.395930e-01
342 1.921419e-01 6.107946e-05 8.189000e-01
343 1.921236e-01 9.533450e-05 8.130230e-01
344 1.921129e-01 5.602348e-05 8.223340e-01
345 1.921201e-01 3.763528e-05 8.398290e-01
346 1.921149e-01 2.675633e-05 8.573970e-01
347 1.932261e-01 5.783788e-03 8.760010e-01
348 1.924077e-01 4.235359e-03 8.457680e-01
349 1.923311e-01 3.983503e-04 8.511850e-01
350 1.921878e-01 7.446486e-04 8.733620e-01
351 1.921481e-01 2.069016e-04 8.573930e-01
352 1.921110e-01 1.927990e-04 8.404800e-01
353 1.921130e-01 1.023490e-05 8.457820e-01
354 1.920993e-01 7.138623e-05 8.783070e-01
355 1.920767e-01 1.175606e-04 8.724650e-01
356 1.920733e-01 1.760099e-05 8.706870e-01
357 1.920649e-01 4.382176e-05 8.694810e-01
358 1.920720e-01 3.699154e-05 8.522500e-01
359 1.928726e-01 4.168168e-03 8.638920e-01
360 1.924221e-01 2.335550e-03 8.513020e-01
361 1.925079e-01 4.457184e-04 8.428760e-01
362 1.925975e-01 4.652052e-04 8.638670e-01
363 1.924685e-01 6.696258e-04 8.663500e-01
364 1.921784e-01 1.507127e-03 8.464670e-01
365 1.921391e-01 2.043794e-04 8.605710e-01
366 1.928587e-01 3.745007e-03 8.669050e-01
367 1.927017e-01 8.139835e-04 8.463810e-01
368 1.920975e-01 3.135255e-03 8.872000e-01
369 1.920570e-01 2.113242e-04 8.255640e-01
370 1.920886e-01 1.646187e-04 8.129160e-01
371 1.920314e-01 2.978179e-04 8.577900e-01
372 1.920387e-01 3.820027e-05 8.453300e-01
373 1.920498e-01 5.772207e-05 8.436660e-01
374 1.921016e-01 2.700638e-04 8.488220e-01
375 1.920211e-01 4.193374e-04 8.306890e-01
376 1.920025e-01 9.657046e-05 8.550530e-01
377 1.919863e-01 8.477856e-05 8.251790e-01
378 1.919886e-01 1.235990e-05 8.167920e-01
379 1.919833e-01 2.799147e-05 8.303560e-01
380 1.919802e-01 1.588670e-05 8.067790e-01
381 1.921421e-01 8.432981e-04 8.071630e-01
382 1.920007e-01 7.360614e-04 8.253590e-01
383 1.919952e-01 2.832697e-05 8.040170e-01
384 1.919685e-01 1.393874e-04 8.213810e-01
385 1.919616e-01 3.569517e-05 8.404450e-01
386 1.919564e-01 2.712653e-05 8.480060e-01
387 1.919573e-01 4.659609e-06 8.342380e-01
388 1.982933e-01 3.300710e-02 8.432090e-01
389 1.854915e-01 6.455973e-02 9.149610e-01
390 1.841310e-01 7.334738e-03 9.419130e-01
391 1.837685e-01 1.968569e-03 8.842630e-01
392 1.834620e-01 1.667898e-03 8.402880e-01
393 1.697933e-01 7.450436e-02 8.282530e-01
394 1.634622e-01 3.728693e-02 9.145790e-01
395 1.607241e-01 1.675056e-02 8.971160e-01
396 1.583764e-01 1.460710e-02 8.214120e-01
397 1.585405e-01 1.036288e-03 8.247160e-01
398 1.581003e-01 2.776910e-03 8.105600e-01
399 1.573921e-01 4.479466e-03 7.980970e-01
400 1.546077e-01 1.769090e-02 8.367940e-01
401 1.365664e-01 1.166907e-01 8.549990e-01
402 1.332485e-01 2.429503e-02 8.301210e-01
403 1.312311e-01 1.514004e-02 8.374110e-01
404 1.311129e-01 9.006920e-04 8.062870e-01
405 1.317449e-01 4.820023e-03 7.832230e-01
406 1.314464e-01 2.265785e-03 7.924880e-01
407 1.338230e-01 1.808077e-02 8.215480e-01
408 1.306289e-01 2.386799e-02 8.220220e-01
409 1.259332e-01 3.594700e-02 8.724410e-01
410 5.593829e-03 9.555810e-01 8.492880e-01
411 5.666585e-03 1.300655e-02 8.310400e-01
412 5.649677e-03 2.983807e-03 8.246240e-01
413 5.804138e-03 2.733983e-02 8.342510e-01
414 5.268418e-03 9.229975e-02 8.072660e-01
415 9.850741e-03 8.697722e-01 8.512070e-01
416 1.490311e-03 8.487108e-01 8.941520e-01
417 1.793514e-03 2.034496e-01 9.685110e-01
418 8.650280e-04 5.176911e-01 8.317540e-01
419 1.026377e-03 1.865246e-01 8.630770e-01
420 7.924611e-04 2.279045e-01 8.731200e-01
421 8.197432e-04 3.442703e-02 8.336490e-01
422 8.471552e-04 3.343977e-02 8.041560e-01
423 5.460655e-04 3.554126e-01 8.124570e-01
424 6.239602e-04 1.426472e-01 8.072180e-01
425 7.292358e-04 1.687215e-01 8.043140e-01
426 8.940570e-04 2.260192e-01 8.066800e-01
427 6.097695e-04 3.179747e-01 8.249180e-01
428 5.939976e-04 2.586534e-02 8.243450e-01
429 5.676201e-04 4.440666e-02 8.283180e-01
430 4.988509e-04 1.211537e-01 7.940400e-01
431 4.823033e-04 3.317142e-02 8.160140e-01
432 4.787082e-04 7.454082e-03 8.400410e-01
433 4.471015e-04 6.602488e-02 8.732600e-01
434 4.666479e-04 4.371794e-02 8.814090e-01
435 4.040421e-04 1.341605e-01 9.212230e-01
436 3.958418e-04 2.029581e-02 8.755550e-01
437 3.542887e-04 1.049741e-01 8.520370e-01
438 5.035029e-04 4.211658e-01 8.130980e-01
439 6.980486e-04 3.863843e-01 8.098170e-01
440 4.162452e-04 4.037016e-01 8.189110e-01
441 4.461354e-04 7.180918e-02 8.126870e-01
442 3.908988e-04 1.238114e-01 8.429170e-01
443 3.456215e-04 1.158286e-01 8.426020e-01
444 3.626785e-04 4.935151e-02 8.248540e-01
445 3.359401e-04 7.372478e-02 8.192280e-01
446 3.615946e-04 7.636620e-02 8.311320e-01
447 5.045877e-04 3.954516e-01 8.310310e-01
448 5.255891e-04 4.162095e-02 8.249140e-01
449 6.564282e-04 2.489379e-01 8.096790e-01
450 6.789745e-04 3.434700e-02 8.515650e-01
451 3.903186e-04 4.251351e-01 8.126700e-01
452 7.574455e-04 9.405823e-01 7.828500e-01
453 5.599669e-04 2.607166e-01 8.076330e-01
454 3.789032e-04 3.233470e-01 8.302460e-01
455 3.621774e-04 4.414278e-02 8.221680e-01
456 3.099773e-04 1.441284e-01 8.243670e-01
457 3.116635e-04 5.439751e-03 8.189770e-01
458 2.122088e-04 3.191093e-01 8.194280e-01
459 2.554888e-04 2.039501e-01 8.103040e-01
460 2.757577e-04 7.933389e-02 8.397370e-01
461 1.819009e-04 3.403598e-01 8.426060e-01
462 2.246735e-04 2.351426e-01 8.551260e-01
463 2.003238e-04 1.083784e-01 8.304000e-01
464 1.429596e-04 2.863574e-01 8.189120e-01
465 1.101451e-04 2.295365e-01 8.310700e-01
466 1.303216e-04 1.831811e-01 8.221220e-01
467 1.048571e-04 1.953978e-01 8.134030e-01
468 9.396186e-05 1.039055e-01 8.215500e-01
469 9.818642e-05 4.496041e-02 8.244390e-01
470 9.126131e-05 7.053022e-02 8.188710e-01
471 8.764446e-05 3.963181e-02 8.279800e-01
472 9.176782e-05 4.704646e-02 8.369060e-01
473 9.969091e-05 8.633847e-02 8.243610e-01
474 7.832373e-05 2.143343e-01 8.044650e-01
475 8.927341e-05 1.398003e-01 8.249040e-01
476 6.925439e-05 2.242439e-01 8.303580e-01
477 5.785503e-05 1.646013e-01 8.190930e-01
478 5.612190e-05 2.995643e-02 8.242600e-01
479 5.119307e-05 8.782363e-02 8.458810e-01
480 4.217078e-05 1.762404e-01 8.101700e-01
481 5.221787e-05 2.382477e-01 8.223510e-01
482 3.451797e-05 3.389626e-01 8.031260e-01
483 3.637181e-05 5.370680e-02 8.227630e-01
484 3.031936e-05 1.664051e-01 8.513370e-01
485 2.772571e-05 8.554427e-02 8.646370e-01
486 2.491566e-05 1.013518e-01 8.486930e-01
487 2.517028e-05 1.021933e-02 8.092000e-01
488 2.439761e-05 3.069776e-02 8.226990e-01
489 2.179263e-05 1.067719e-01 8.213040e-01
490 1.965410e-05 9.813082e-02 8.283010e-01
491 2.047390e-05 4.171102e-02 8.183890e-01
492 1.817938e-05 1.120705e-01 8.580810e-01
493 1.902102e-05 4.629691e-02 8.403320e-01
494 1.847905e-05 2.849348e-02 8.814600e-01
495 1.606818e-05 1.304648e-01 8.522590e-01
496 1.822023e-05 1.339322e-01 8.339760e-01
497 1.638792e-05 1.005645e-01 8.187200e-01
498 1.369337e-05 1.644229e-01 8.428050e-01
499 1.328811e-05 2.959532e-02 8.011800e-01
500 1.126149e-05 1.525137e-01 8.549770e-01
501 1.204715e-05 6.976461e-02 8.371570e-01
502 9.150101e-06 2.404758e-01 8.098980e-01
503 8.117511e-06 1.128501e-01 8.167440e-01
504 9.501805e-06 1.705318e-01 8.068610e-01
505 9.267207e-06 2.468982e-02 8.092330e-01
506 6.398038e-06 3.096045e-01 8.010910e-01
507 7.798161e-06 2.188362e-01 7.709020e-01
508 6.920157e-06 1.125911e-01 7.888250e-01
509 6.189311e-06 1.056112e-01 7.804010e-01
510 6.753351e-06 9.113136e-02 7.824060e-01
511 6.881893e-06 1.903373e-02 7.924530e-01
512 5.147146e-06 2.520741e-01 8.156530e-01
513 5.140257e-06 1.338393e-03 8.067290e-01
514 4.444227e-06 1.354076e-01 8.073410e-01
515 4.440237e-06 8.979371e-04 8.096790e-01
516 5.009975e-06 1.283126e-01 7.982770e-01
517 3.928837e-06 2.157971e-01 8.250450e-01
518 3.517841e-06 1.046101e-01 8.153780e-01
519 3.953086e-06 1.237251e-01 7.801880e-01
520 3.372334e-06 1.469111e-01 8.035780e-01
521 3.295106e-06 2.290056e-02 8.040980e-01
522 3.554518e-06 7.872668e-02 8.368360e-01
523 2.799385e-06 2.124432e-01 8.643590e-01
524 2.512055e-06 1.026404e-01 8.634480e-01
525 3.099739e-06 2.339456e-01 8.040920e-01
526 2.381376e-06 2.317496e-01 8.275040e-01
527 2.394320e-06 5.435476e-03 8.097420e-01
528 2.313777e-06 3.363929e-02 8.157340e-01
529 2.058891e-06 1.101603e-01 8.129370e-01
530 2.207944e-06 7.239499e-02 8.345510e-01
531 1.646433e-06 2.543139e-01 8.665260e-01
532 1.813612e-06 1.015402e-01 8.515900e-01
533 1.266409e-06 3.017198e-01 8.033500e-01
534 1.528858e-06 2.072386e-01 8.399090e-01
535 1.472848e-06 3.663550e-02 8.281030e-01
536 1.272054e-06 1.363305e-01 8.251600e-01
537 1.363755e-06 7.208876e-02 8.283340e-01
538 1.197978e-06 1.215592e-01 8.067230e-01
539 1.557712e-06 3.002846e-01 7.920300e-01
540 9.071161e-07 4.176612e-01 8.072120e-01
541 1.008466e-06 1.117273e-01 8.127940e-01
542 9.523391e-07 5.565551e-02 8.339210e-01
543 9.860451e-07 3.539287e-02 8.214450e-01
544 9.013794e-07 8.586401e-02 8.098880e-01
545 8.259714e-07 8.365835e-02 8.311290e-01
546 9.052354e-07 9.596453e-02 8.252270e-01
547 5.838740e-07 3.550031e-01 7.912450e-01
548 6.435899e-07 1.022752e-01 8.073360e-01
549 5.928363e-07 7.886013e-02 8.193260e-01
550 6.043672e-07 1.945050e-02 7.857150e-01
551 5.094820e-07 1.569993e-01 8.095540e-01
552 5.348235e-07 4.973980e-02 8.248600e-01
553 4.225906e-07 2.098505e-01 8.076940e-01
554 4.123446e-07 2.424560e-02 8.456340e-01
555 4.010749e-07 2.733080e-02 8.308870e-01
556 3.832190e-07 4.452008e-02 8.332790e-01
557 4.319719e-07 1.272194e-01 8.461490e-01
558 4.796052e-07 1.102695e-01 8.130530e-01
559 3.507887e-07 2.685886e-01 8.151760e-01
560 3.071870e-07 1.242961e-01 8.691800e-01
561 3.468874e-07 1.292385e-01 7.947420e-01
562 3.022898e-07 1.285650e-01 7.831780e-01
563 2.800671e-07 7.351473e-02 8.195010e-01
564 2.845589e-07 1.603858e-02 8.215660e-01
565 2.334612e-07 1.795684e-01 8.242210e-01
566 2.166263e-07 7.210999e-02 8.043280e-01
567 2.089033e-07 3.565109e-02 7.949530e-01
568 2.187711e-07 4.723639e-02 7.888310e-01
569 1.809426e-07 1.729137e-01 7.771680e-01
570 2.258827e-07 2.483666e-01 7.648840e-01
571 1.903912e-07 1.571235e-01 7.734100e-01
572 1.907121e-07 1.685342e-03 7.743550e-01
573 1.588638e-07 1.669969e-01 7.741780e-01
574 1.676087e-07 5.504628e-02 7.941460e-01
575 1.216758e-07 2.740483e-01 7.858370e-01
576 1.725042e-07 4.177363e-01 7.627120e-01
577 1.225596e-07 2.895269e-01 7.857090e-01
578 1.192220e-07 2.723255e-02 7.889360e-01
579 1.123248e-07 5.785112e-02 8.030300e-01
580 8.700206e-08 2.254424e-01 8.524160e-01
581 8.410184e-08 3.333512e-02 8.787700e-01
582 8.855778e-08 5.298270e-02 8.757170e-01
583 9.279987e-08 4.790196e-02 8.106830e-01
584 7.097441e-08 2.351885e-01 8.067300e-01
585 6.416783e-08 9.590194e-02 7.860520e-01
586 6.239011e-08 2.770430e-02 8.157030e-01
587 4.969501e-08 2.034793e-01 8.035500e-01
588 5.730684e-08 1.531709e-01 8.069800e-01
589 5.625825e-08 1.829776e-02 8.129870e-01
590 6.491063e-08 1.537975e-01 7.892640e-01
591 4.597318e-08 2.917466e-01 7.890720e-01
592 4.431453e-08 3.607856e-02 7.643600e-01
593 4.025158e-08 9.168456e-02 7.740360e-01
594 3.238562e-08 1.954199e-01 7.833210e-01
595 3.400435e-08 4.998312e-02 7.586970e-01
596 3.215382e-08 5.442039e-02 7.768110e-01
597 3.326569e-08 3.457958e-02 7.918360e-01
598 3.179897e-08 4.409111e-02 7.535770e-01
599 3.255171e-08 2.367209e-02 7.520780e-01
600 2.646340e-08 1.870350e-01 7.472120e-01
601 2.302977e-08 1.297502e-01 7.622120e-01
602 2.402377e-08 4.316137e-02 7.646820e-01
603 1.968353e-08 1.806643e-01 7.616330e-01
604 2.251318e-08 1.437572e-01 7.447320e-01
605 1.786539e-08 2.064476e-01 7.586440e-01
606 2.147312e-08 2.019397e-01 7.468250e-01
607 1.551935e-08 2.772662e-01 7.496760e-01
608 1.704203e-08 9.811529e-02 7.560950e-01
609 1.448826e-08 1.498514e-01 7.714890e-01
610 1.848116e-08 2.755955e-01 8.029220e-01
611 1.243821e-08 3.269790e-01 8.137840e-01
612 1.485537e-08 1.943333e-01 8.369520e-01
613 1.119407e-08 2.464625e-01 7.495250e-01
614 1.185047e-08 5.863774e-02 7.559360e-01
615 1.125609e-08 5.015649e-02 8.037800e-01
616 1.252222e-08 1.124835e-01 7.653950e-01
617 9.097033e-09 2.735286e-01 7.582250e-01
618 1.006327e-08 1.062142e-01 7.471580e-01
619 7.369216e-09 2.677113e-01 7.498050e-01
620 9.829051e-09 3.337986e-01 7.617810e-01
621 1.022446e-08 4.022829e-02 7.648880e-01
622 7.999763e-09 2.175855e-01 7.533580e-01
623 8.376478e-09 4.709077e-02 7.464680e-01
624 7.214705e-09 1.386946e-01 7.535960e-01
625 7.289368e-09 1.034859e-02 7.467000e-01
626 5.866386e-09 1.952133e-01 7.527210e-01
627 6.500834e-09 1.081498e-01 7.622520e-01
628 5.237542e-09 1.943277e-01 7.588370e-01
629 5.035521e-09 3.857184e-02 7.644940e-01
630 6.452019e-09 2.813013e-01 7.799260e-01
631 4.847072e-09 2.487511e-01 8.039950e-01
632 5.383118e-09 1.105918e-01 9.955680e-01
633 4.874294e-09 9.452216e-02 7.917470e-01
634 4.355490e-09 1.064367e-01 7.703740e-01
635 4.742862e-09 8.893866e-02 7.681070e-01
636 3.612985e-09 2.382268e-01 7.738150e-01
637 4.359846e-09 2.067159e-01 7.497270e-01
638 3.126035e-09 2.829943e-01 7.498300e-01
639 3.498687e-09 1.192094e-01 7.564370e-01
640 3.325861e-09 4.939741e-02 7.650110e-01
641 3.204328e-09 3.654181e-02 7.591100e-01
642 2.917464e-09 8.952394e-02 7.592660e-01
643 3.234328e-09 1.086091e-01 7.591130e-01
644 2.215840e-09 3.148992e-01 7.619440e-01
645 2.671206e-09 2.055047e-01 7.555340e-01
646 2.776450e-09 3.939949e-02 7.500970e-01
647 2.731887e-09 1.605048e-02 7.505450e-01
648 2.625018e-09 3.911894e-02 7.612390e-01
649 2.493130e-09 5.024297e-02 7.593890e-01
650 2.580906e-09 3.520751e-02 7.679640e-01
651 2.377789e-09 7.870020e-02 7.738080e-01
652 2.389194e-09 4.796468e-03 7.682880e-01
653 2.315767e-09 3.073280e-02 7.497780e-01
654 2.240183e-09 3.263890e-02 7.526300e-01
655 2.286735e-09 2.078064e-02 7.533610e-01
656 2.320691e-09 1.484880e-02 7.587970e-01
657 2.200919e-09 5.161049e-02 7.558240e-01
658 1.999881e-09 9.134270e-02 7.560000e-01
659 2.059464e-09 2.979361e-02 7.615290e-01
660 1.534726e-09 2.547938e-01 7.627810e-01
661 1.993434e-09 2.988862e-01 7.491510e-01
662 1.888424e-09 5.267800e-02 7.503290e-01
663 2.115846e-09 1.204294e-01 7.531950e-01
664 1.691950e-09 2.003433e-01 7.643760e-01
665 1.778598e-09 5.121179e-02 7.536000e-01
666 1.614198e-09 9.243256e-02 7.556730e-01
667 1.868786e-09 1.577178e-01 7.617530e-01
668 1.640600e-09 1.221037e-01 7.623460e-01
669 1.775018e-09 8.193204e-02 7.522890e-01
670 1.533794e-09 1.358996e-01 7.592440e-01
671 1.720448e-09 1.216944e-01 7.652440e-01
672 1.422259e-09 1.733206e-01 7.557920e-01
673 1.645812e-09 1.571821e-01 7.500910e-01
674 1.050669e-09 3.616107e-01 7.584840e-01
675 1.558995e-09 4.838115e-01 7.892740e-01
676 1.090047e-09 3.008015e-01 8.033160e-01
677 1.537714e-09 4.106863e-01 8.310460e-01
678 1.322030e-09 1.402625e-01 7.560940e-01
679 1.468287e-09 1.106306e-01 7.584770e-01
680 1.108920e-09 2.447528e-01 7.564880e-01
681 1.496923e-09 3.498927e-01 7.613730e-01
682 1.121118e-09 2.510517e-01 7.560230e-01
683 1.407731e-09 2.556491e-01 7.592650e-01
684 9.453375e-10 3.284671e-01 7.563390e-01
685 1.355921e-09 4.343252e-01 7.521220e-01
686 9.577170e-10 2.936781e-01 7.504470e-01
687 1.375487e-09 4.362146e-01 7.828540e-01
688 8.398610e-10 3.894084e-01 7.766510e-01
689 1.273742e-09 5.166107e-01 7.534560e-01
690 1.672332e-09 3.129280e-01 7.524850e-01
691 1.065825e-09 3.626715e-01 7.684390e-01
692 1.620505e-09 5.204236e-01 7.658820e-01
693 7.047156e-10 5.651259e-01 7.617240e-01
694 1.425200e-09 1.022375e+00 7.529830e-01
695 7.244626e-10 4.916764e-01 7.527140e-01
696 1.036960e-09 4.313503e-01 7.527750e-01
697 8.937451e-10 1.381101e-01 7.467830e-01
698 9.548718e-10 6.839397e-02 7.470460e-01
699 8.552488e-10 1.043314e-01 7.676290e-01
700 5.243277e-10 3.869296e-01 7.740470e-01
701 7.537916e-10 4.376345e-01 7.564880e-01
702 6.078288e-10 1.936381e-01 7.344570e-01
703 5.928223e-10 2.468860e-02 7.468240e-01
704 4.145559e-10 3.007080e-01 8.342490e-01
705 3.427899e-10 1.731154e-01 8.070440e-01
706 4.385856e-10 2.794589e-01 8.033020e-01
707 3.346237e-10 2.370391e-01 7.655880e-01
708 3.264689e-10 2.437009e-02 7.522190e-01
709 2.846812e-10 1.279990e-01 7.469150e-01
710 3.859895e-10 3.558658e-01 7.053890e-01
711 2.919305e-10 2.436828e-01 7.436150e-01
712 2.748044e-10 5.866492e-02 7.439900e-01
713 2.056020e-10 2.518243e-01 7.619800e-01
714 2.138245e-10 3.999248e-02 7.858600e-01
715 1.838965e-10 1.399655e-01 7.645580e-01
716 1.820991e-10 9.773653e-03 7.645470e-01
717 1.725556e-10 5.240815e-02 7.501320e-01
718 1.664621e-10 3.531365e-02 7.681350e-01
719 1.705268e-10 2.441847e-02 7.495700e-01
720 1.597468e-10 6.321612e-02 7.534250e-01
721 1.827460e-10 1.439733e-01 7.434030e-01
722 1.684463e-10 7.824949e-02 7.887750e-01
723 1.725682e-10 2.447027e-02 7.445830e-01
724 1.362073e-10 2.107046e-01 7.292300e-01
725 1.604066e-10 1.776653e-01 7.341010e-01
726 1.703143e-10 6.176643e-02 7.475630e-01
727 1.441333e-10 1.537220e-01 7.621840e-01
728 1.420416e-10 1.451199e-02 7.494420e-01
729 1.316542e-10 7.312898e-02 7.888050e-01
730 8.886891e-11 3.249825e-01 7.949390e-01
