1 9.998645e-01 1.000000e+00 3.002319e+00
2 9.995703e-01 2.942762e-04 3.286904e+00
3 9.952672e-01 4.304942e-03 3.603416e+00
4 9.844561e-01 1.086248e-02 3.330630e+00
5 9.648490e-01 1.991671e-02 3.215767e+00
6 9.340818e-01 3.188806e-02 3.183753e+00
7 9.279944e-01 6.516957e-03 3.121138e+00
8 9.267227e-01 1.370371e-03 3.059144e+00
9 9.250198e-01 1.837589e-03 3.077926e+00
10 9.237811e-01 1.339165e-03 3.098942e+00
11 9.232251e-01 6.018559e-04 3.038008e+00
12 9.239030e-01 7.342922e-04 2.994310e+00
13 9.214680e-01 2.635497e-03 3.045291e+00
14 9.213749e-01 1.010325e-04 3.233334e+00
15 9.202951e-01 1.172040e-03 3.254708e+00
16 9.200884e-01 2.245369e-04 3.524817e+00
17 9.201322e-01 4.755654e-05 2.902761e+00
18 9.188743e-01 1.367042e-03 3.031014e+00
19 9.191544e-01 3.048255e-04 3.728281e+00
20 9.184893e-01 7.236335e-04 3.275771e+00
21 9.191181e-01 6.845772e-04 3.142637e+00
22 9.182304e-01 9.658207e-04 3.051689e+00
23 9.184491e-01 2.382717e-04 3.142872e+00
24 9.183751e-01 8.058253e-05 2.974940e+00
25 9.183953e-01 2.192482e-05 3.092911e+00
26 9.193886e-01 1.081602e-03 3.170758e+00
27 9.181952e-01 1.298019e-03 3.216818e+00
28 9.171902e-01 1.094550e-03 3.002049e+00
29 9.175549e-01 3.976636e-04 2.974798e+00
30 9.172997e-01 2.781866e-04 2.975395e+00
31 9.172003e-01 1.083326e-04 3.310172e+00
32 9.167042e-01 5.409561e-04 3.007479e+00
33 9.169141e-01 2.290294e-04 3.017683e+00
34 9.167535e-01 1.751810e-04 2.974148e+00
35 9.178566e-01 1.203300e-03 2.906151e+00
36 9.166724e-01 1.290203e-03 3.021998e+00
37 9.164954e-01 1.931098e-04 3.037959e+00
38 9.163240e-01 1.869722e-04 3.087066e+00
39 9.160951e-01 2.497830e-04 3.121500e+00
40 9.160385e-01 6.185710e-05 3.008041e+00
41 9.158144e-01 2.445497e-04 2.980740e+00
42 9.158098e-01 5.059889e-06 2.959901e+00
43 9.157284e-01 8.886231e-05 3.010387e+00
44 9.155757e-01 1.667873e-04 2.974356e+00
45 9.194592e-01 4.241645e-03 3.016411e+00
46 9.158866e-01 3.885628e-03 2.918280e+00
47 9.153013e-01 6.389686e-04 2.967276e+00
48 9.153299e-01 3.117110e-05 3.003047e+00
49 9.149834e-01 3.785451e-04 3.037179e+00
50 9.149072e-01 8.325805e-05 3.185390e+00
51 9.148350e-01 7.888173e-05 3.119325e+00
52 9.145812e-01 2.774840e-04 2.892231e+00
53 9.141555e-01 4.654394e-04 2.980795e+00
54 9.140276e-01 1.398713e-04 3.023654e+00
55 9.137888e-01 2.612513e-04 2.974748e+00
56 9.140464e-01 2.818913e-04 2.967874e+00
57 9.138505e-01 2.144054e-04 2.897764e+00
58 9.132697e-01 6.354646e-04 2.960529e+00
59 9.128973e-01 4.077969e-04 2.946253e+00
60 9.129234e-01 2.862392e-05 3.030648e+00
61 9.126988e-01 2.461027e-04 3.143047e+00
62 9.125557e-01 1.567090e-04 3.190901e+00
63 9.129626e-01 4.458971e-04 3.224137e+00
64 9.124755e-01 5.335933e-04 3.003199e+00
65 9.124770e-01 1.680599e-06 2.925629e+00
66 9.124574e-01 2.150576e-05 3.100026e+00
67 9.121855e-01 2.980351e-04 3.038368e+00
68 9.123138e-01 1.407022e-04 3.198764e+00
69 9.123483e-01 3.777126e-05 3.142095e+00
70 9.119882e-01 3.946894e-04 3.023824e+00
71 9.113663e-01 6.818683e-04 2.953632e+00
72 9.110673e-01 3.280805e-04 2.994169e+00
73 9.113263e-01 2.842241e-04 3.045356e+00
74 9.109020e-01 4.654875e-04 2.981266e+00
75 9.047651e-01 6.737203e-03 3.065808e+00
76 9.050940e-01 3.634954e-04 3.017136e+00
77 9.047919e-01 3.338049e-04 3.205634e+00
78 9.051065e-01 3.477430e-04 3.399000e+00
79 9.044310e-01 7.463476e-04 3.226832e+00
80 9.054158e-01 1.088842e-03 3.078807e+00
81 9.031193e-01 2.536410e-03 3.126425e+00
82 9.034845e-01 4.044195e-04 3.016247e+00
83 8.628473e-01 4.497835e-02 3.003072e+00
84 8.581385e-01 5.457183e-03 3.015967e+00
85 8.577951e-01 4.002370e-04 2.960922e+00
86 8.576436e-01 1.766270e-04 2.966576e+00
87 8.577352e-01 1.068042e-04 2.987924e+00
88 8.576640e-01 8.295467e-05 2.981944e+00
89 8.620603e-01 5.125890e-03 3.058633e+00
90 8.575863e-01 5.189952e-03 3.358075e+00
91 8.573455e-01 2.807500e-04 3.079038e+00
92 8.567703e-01 6.709452e-04 3.000862e+00
93 8.561567e-01 7.160805e-04 2.995081e+00
94 6.151588e-01 2.814881e-01 2.981539e+00
95 6.148648e-01 4.779108e-04 3.008779e+00
96 4.146250e-01 3.256647e-01 3.037878e+00
97 4.147740e-01 3.593057e-04 3.066015e+00
98 3.036201e-01 2.679867e-01 2.939145e+00
99 1.850648e-01 3.904723e-01 2.945206e+00
100 1.102889e-01 4.040527e-01 2.953790e+00
101 5.368951e-02 5.131920e-01 3.051617e+00
102 3.494879e-02 3.490575e-01 3.456074e+00
103 3.401483e-02 2.672353e-02 3.063896e+00
104 2.219700e-02 3.474318e-01 3.010228e+00
105 2.220749e-02 4.728265e-04 2.946718e+00
106 1.727369e-02 2.221683e-01 3.002616e+00
107 2.106424e-02 2.194406e-01 2.974391e+00
108 1.622307e-02 2.298289e-01 2.986719e+00
109 1.708518e-02 5.314088e-02 3.017039e+00
110 1.307733e-02 2.345803e-01 3.078387e+00
111 1.746762e-02 3.357170e-01 2.996106e+00
112 1.193207e-02 3.169031e-01 3.017050e+00
113 1.161654e-02 2.644384e-02 3.072864e+00
114 9.899725e-03 1.477909e-01 3.261297e+00
115 1.042405e-02 5.296399e-02 3.467190e+00
116 9.743161e-03 6.531935e-02 2.947079e+00
117 9.265640e-03 4.901094e-02 2.995178e+00
118 9.947798e-03 7.362235e-02 3.023029e+00
119 8.260569e-03 1.696082e-01 2.917954e+00
120 7.969288e-03 3.526173e-02 2.932582e+00
121 7.099976e-03 1.090827e-01 2.946351e+00
122 5.948018e-03 1.622481e-01 2.989230e+00
123 4.749151e-03 2.015575e-01 2.967965e+00
124 4.503576e-03 5.170914e-02 2.995209e+00
125 4.609318e-03 2.347941e-02 2.916799e+00
126 4.952994e-03 7.456136e-02 3.037864e+00
127 3.822630e-03 2.282184e-01 2.919063e+00
128 4.612926e-03 2.067413e-01 3.009878e+00
129 3.550934e-03 2.302208e-01 2.967006e+00
130 3.450896e-03 2.817229e-02 2.975085e+00
131 3.346602e-03 3.022234e-02 2.967317e+00
132 4.212631e-03 2.587785e-01 2.968060e+00
133 3.584121e-03 1.491965e-01 3.035752e+00
134 3.123131e-03 1.286200e-01 3.121431e+00
135 3.167306e-03 1.414436e-02 3.180907e+00
136 3.085993e-03 2.567271e-02 2.944415e+00
137 4.215085e-03 3.658764e-01 2.933647e+00
138 3.090164e-03 2.668799e-01 3.008234e+00
139 2.967418e-03 3.972152e-02 2.911899e+00
140 2.907898e-03 2.005772e-02 2.981375e+00
141 2.695829e-03 7.292870e-02 3.001893e+00
142 2.878763e-03 6.785826e-02 2.995712e+00
143 3.771630e-03 3.101566e-01 3.064418e+00
144 3.073727e-03 1.850401e-01 2.953190e+00
145 2.815669e-03 8.395632e-02 2.987816e+00
146 2.757747e-03 2.057103e-02 3.156071e+00
147 2.845527e-03 3.183004e-02 3.170028e+00
148 2.844908e-03 2.174781e-04 2.974711e+00
149 2.581700e-03 9.251901e-02 3.023545e+00
150 2.573533e-03 3.163469e-03 2.978755e+00
151 2.349407e-03 8.708870e-02 3.058923e+00
152 2.438814e-03 3.805495e-02 3.218459e+00
153 2.423509e-03 6.275411e-03 2.982717e+00
154 2.519776e-03 3.972208e-02 2.974849e+00
155 2.250440e-03 1.068890e-01 2.995954e+00
156 2.774292e-03 2.327779e-01 2.961086e+00
157 2.401589e-03 1.343419e-01 3.001423e+00
158 2.477482e-03 3.160145e-02 3.108452e+00
159 2.280783e-03 7.939496e-02 3.043583e+00
160 2.591839e-03 1.363815e-01 2.981032e+00
161 2.110647e-03 1.856567e-01 2.890491e+00
162 2.031353e-03 3.756834e-02 3.003198e+00
163 2.446960e-03 2.045958e-01 2.925872e+00
164 1.776297e-03 2.740800e-01 2.947631e+00
165 2.469394e-03 3.901921e-01 2.946279e+00
166 2.445658e-03 9.611981e-03 2.911441e+00
167 1.498953e-03 3.870964e-01 2.954060e+00
168 1.511363e-03 8.279420e-03 3.093121e+00
169 1.536242e-03 1.646123e-02 3.105306e+00
170 1.387517e-03 9.681074e-02 2.940103e+00
171 1.379636e-03 5.680457e-03 3.169777e+00
172 1.815388e-03 3.158462e-01 3.311380e+00
173 1.586100e-03 1.263026e-01 2.980893e+00
174 1.479942e-03 6.692992e-02 2.988754e+00
175 1.393893e-03 5.814399e-02 3.023994e+00
176 1.370391e-03 1.686047e-02 3.043992e+00
177 1.372412e-03 1.475172e-03 2.953328e+00
178 1.443740e-03 5.197271e-02 2.981353e+00
179 1.343370e-03 6.952131e-02 2.947139e+00
180 1.210649e-03 9.879711e-02 2.988533e+00
181 1.767546e-03 4.599988e-01 3.017089e+00
182 1.308162e-03 2.598994e-01 2.960546e+00
183 1.276424e-03 2.426104e-02 3.030959e+00
184 1.059248e-03 1.701439e-01 3.030451e+00
185 1.232629e-03 1.636829e-01 2.989062e+00
186 9.855219e-04 2.004718e-01 2.960187e+00
187 1.524332e-03 5.467253e-01 3.020304e+00
188 8.923119e-04 4.146209e-01 2.944889e+00
189 9.463149e-04 6.052034e-02 3.016052e+00
190 1.054566e-03 1.143924e-01 3.005962e+00
191 1.100476e-03 4.353465e-02 3.023354e+00
192 9.771249e-04 1.120892e-01 2.960553e+00
193 1.267275e-03 2.969431e-01 3.002037e+00
194 1.085060e-03 1.437851e-01 2.988785e+00
195 1.177102e-03 8.482700e-02 2.967971e+00
196 7.020397e-04 4.035866e-01 2.993985e+00
197 7.733725e-04 1.016079e-01 3.093201e+00
198 1.046676e-03 3.533923e-01 3.198921e+00
199 7.536231e-04 2.799846e-01 2.961032e+00
200 7.351881e-04 2.446189e-02 3.030403e+00
201 7.142944e-04 2.841959e-02 2.947170e+00
202 7.000576e-04 1.993115e-02 2.899888e+00
203 6.905062e-04 1.364382e-02 3.003214e+00
204 7.229749e-04 4.702160e-02 2.930580e+00
205 1.232518e-03 7.047867e-01 2.932838e+00
206 8.474162e-04 3.124512e-01 2.917706e+00
207 7.142599e-04 1.571321e-01 2.968650e+00
208 9.344172e-04 3.082313e-01 2.973165e+00
209 6.080813e-04 3.492400e-01 3.029638e+00
210 5.888894e-04 3.156147e-02 3.043983e+00
211 5.993997e-04 1.784769e-02 2.945704e+00
212 5.729521e-04 4.412355e-02 3.030831e+00
213 1.025492e-03 7.898391e-01 3.002320e+00
214 5.957061e-04 4.191021e-01 2.947560e+00
215 5.546425e-04 6.893267e-02 2.987959e+00
216 6.964462e-04 2.556668e-01 3.008452e+00
217 5.461385e-04 2.158210e-01 3.008627e+00
218 1.040879e-03 9.058879e-01 2.952854e+00
219 4.925607e-04 5.267838e-01 3.002834e+00
220 7.339257e-04 4.900208e-01 3.134174e+00
221 4.682538e-04 3.619874e-01 3.262892e+00
222 7.335841e-04 5.666378e-01 2.981907e+00
223 4.773547e-04 3.492843e-01 3.017306e+00
224 4.854777e-04 1.701667e-02 3.044541e+00
225 5.065160e-04 4.333528e-02 2.967797e+00
226 5.701268e-04 1.255850e-01 3.029798e+00
227 4.551407e-04 2.016851e-01 2.995525e+00
228 4.840189e-04 6.344902e-02 3.010490e+00
229 6.689696e-04 3.821145e-01 2.931257e+00
230 4.729328e-04 2.930428e-01 2.932321e+00
231 4.207861e-04 1.102624e-01 2.957572e+00
232 6.873885e-04 6.335817e-01 3.076780e+00
233 4.369988e-04 3.642623e-01 3.299769e+00
234 5.916012e-04 3.537822e-01 3.108175e+00
235 6.109001e-04 3.262141e-02 2.981209e+00
236 3.912036e-04 3.596276e-01 3.037434e+00
237 3.878785e-04 8.499666e-03 2.981631e+00
238 8.195441e-04 1.112889e+00 2.994700e+00
239 3.547249e-04 5.671681e-01 2.941768e+00
240 3.497965e-04 1.389333e-02 2.958875e+00
241 3.720823e-04 6.371074e-02 2.911339e+00
242 3.522365e-04 5.333736e-02 2.981502e+00
243 3.531729e-04 2.658622e-03 3.036759e+00
244 5.782777e-04 6.373783e-01 3.282747e+00
245 3.526059e-04 3.902481e-01 3.232608e+00
246 3.123380e-04 1.142010e-01 2.926705e+00
247 3.632449e-04 1.629869e-01 2.910710e+00
248 2.957485e-04 1.858152e-01 2.812952e+00
249 2.691706e-04 8.986664e-02 2.919146e+00
250 3.331886e-04 2.378342e-01 2.904259e+00
251 2.792793e-04 1.617980e-01 2.910213e+00
252 2.696577e-04 3.445172e-02 2.981299e+00
253 3.723821e-04 3.809438e-01 2.980714e+00
254 3.575620e-04 3.979818e-02 3.121731e+00
255 2.725707e-04 2.376965e-01 2.957996e+00
256 3.306743e-04 2.131689e-01 3.163557e+00
257 3.134125e-04 5.220196e-02 3.253163e+00
258 2.494178e-04 2.041866e-01 3.050189e+00
259 2.392839e-04 4.063031e-02 2.968338e+00
260 2.299918e-04 3.883293e-02 2.973814e+00
261 2.320851e-04 9.101678e-03 2.981267e+00
262 2.257139e-04 2.745197e-02 3.023490e+00
263 2.281454e-04 1.077242e-02 3.072757e+00
264 2.463583e-04 7.983003e-02 2.932365e+00
265 3.401187e-04 3.805856e-01 2.911587e+00
266 2.269348e-04 3.327777e-01 2.848591e+00
267 4.844421e-04 1.134719e+00 2.897573e+00
268 2.616198e-04 4.599566e-01 3.002466e+00
269 2.369673e-04 9.422996e-02 2.973634e+00
270 2.126738e-04 1.025187e-01 2.960542e+00
271 2.006395e-04 5.658549e-02 2.939499e+00
272 1.999688e-04 3.342951e-03 2.971521e+00
273 4.710151e-04 1.355443e+00 2.966056e+00
274 2.554034e-04 4.577595e-01 2.994736e+00
275 1.920101e-04 2.482088e-01 2.972458e+00
276 1.969947e-04 2.596030e-02 2.970148e+00
277 2.693960e-04 3.675291e-01 3.064614e+00
278 2.060543e-04 2.351249e-01 2.945902e+00
279 3.799060e-04 8.437179e-01 3.065466e+00
280 2.085093e-04 4.511555e-01 3.037152e+00
281 2.323062e-04 1.141288e-01 3.003051e+00
282 3.233718e-04 3.920067e-01 2.993389e+00
283 1.807366e-04 4.410875e-01 2.988796e+00
284 2.847847e-04 5.756896e-01 2.940262e+00
285 1.994051e-04 2.998041e-01 2.979760e+00
286 1.770155e-04 1.122819e-01 3.141151e+00
287 2.138553e-04 2.081159e-01 3.197085e+00
288 1.809067e-04 1.540693e-01 3.038036e+00
289 1.329015e-04 2.653587e-01 3.015768e+00
290 1.543394e-04 1.613062e-01 2.982522e+00
291 2.629278e-04 7.035692e-01 2.995126e+00
292 1.863280e-04 2.913341e-01 2.967628e+00
293 1.525265e-04 1.814085e-01 2.999950e+00
294 1.419761e-04 6.917104e-02 2.939975e+00
295 2.100503e-04 4.794768e-01 2.974952e+00
296 1.571367e-04 2.519094e-01 3.037314e+00
297 1.325140e-04 1.566960e-01 2.989068e+00
298 1.660033e-04 2.527226e-01 3.219546e+00
299 2.424229e-04 4.603503e-01 3.246490e+00
300 1.198762e-04 5.055078e-01 3.001487e+00
301 1.219729e-04 1.748984e-02 3.065664e+00
302 2.336671e-04 9.157304e-01 3.072139e+00
303 1.244053e-04 4.675959e-01 2.967487e+00
304 9.908982e-05 2.034922e-01 2.861027e+00
305 1.614184e-04 6.290105e-01 2.995651e+00
306 1.089830e-04 3.248411e-01 3.030329e+00
307 1.034750e-04 5.054066e-02 2.974325e+00
308 9.702670e-05 6.231714e-02 3.003484e+00
309 8.431637e-05 1.309983e-01 3.029670e+00
310 1.519561e-04 8.022138e-01 3.386096e+00
311 1.409370e-04 7.251544e-02 3.264717e+00
312 1.397570e-04 8.372381e-03 3.008875e+00
313 8.301564e-05 4.060000e-01 3.002080e+00
314 9.776374e-05 1.776545e-01 3.058496e+00
315 1.550318e-04 5.857799e-01 2.959763e+00
316 8.886709e-05 4.267814e-01 3.016709e+00
317 7.301626e-05 1.783655e-01 3.043721e+00
318 7.801457e-05 6.845466e-02 3.078217e+00
319 1.441437e-04 8.476512e-01 3.023748e+00
320 6.742906e-05 5.322095e-01 2.995450e+00
321 8.355345e-05 2.391312e-01 3.106383e+00
322 8.787269e-05 5.169435e-02 3.282165e+00
323 8.152870e-05 7.219526e-02 3.128337e+00
324 6.644523e-05 1.850081e-01 3.016722e+00
325 9.950798e-05 4.975941e-01 2.967208e+00
326 8.476637e-05 1.481450e-01 2.992921e+00
327 9.877570e-05 1.652700e-01 2.964867e+00
328 6.763136e-05 3.153036e-01 2.988738e+00
329 9.558849e-05 4.133751e-01 2.946413e+00
330 1.101538e-04 1.523749e-01 2.988965e+00
331 6.047978e-05 4.509513e-01 2.960337e+00
332 8.056114e-05 3.320342e-01 3.045097e+00
333 5.566122e-05 3.090811e-01 3.006595e+00
334 6.020319e-05 8.160028e-02 2.972315e+00
335 6.095279e-05 1.245113e-02 3.049749e+00
336 6.027481e-05 1.112290e-02 3.055878e+00
337 4.353019e-05 2.778047e-01 2.992163e+00
338 6.172816e-05 4.180541e-01 2.982018e+00
339 4.300521e-05 3.033129e-01 2.974498e+00
340 4.049306e-05 5.841514e-02 3.065407e+00
341 5.063051e-05 2.503505e-01 3.250803e+00
342 4.441249e-05 1.228118e-01 3.015111e+00
343 4.105049e-05 7.569948e-02 2.964731e+00
344 3.887489e-05 5.299818e-02 2.965233e+00
345 5.330638e-05 3.712293e-01 2.967872e+00
346 4.352286e-05 1.835337e-01 2.966251e+00
347 3.672591e-05 1.561698e-01 2.888764e+00
348 4.838716e-05 3.175212e-01 2.903526e+00
349 3.576351e-05 2.608883e-01 3.030274e+00
350 4.083012e-05 1.416697e-01 3.001810e+00
351 3.327915e-05 1.849362e-01 2.982157e+00
352 3.265198e-05 1.884582e-02 3.078276e+00
353 3.978537e-05 2.184672e-01 3.323568e+00
354 3.855214e-05 3.099691e-02 3.246695e+00
355 3.012342e-05 2.186318e-01 3.008675e+00
356 4.894517e-05 6.248214e-01 2.925316e+00
357 3.416891e-05 3.018943e-01 2.974170e+00
358 3.715439e-05 8.737435e-02 2.960415e+00
359 3.513210e-05 5.442950e-02 2.981755e+00
360 2.722034e-05 2.252001e-01 2.981871e+00
361 3.937393e-05 4.464892e-01 2.980368e+00
362 2.602656e-05 3.389900e-01 2.940807e+00
363 3.990264e-05 5.331505e-01 2.926341e+00
364 3.161792e-05 2.076235e-01 2.925049e+00
365 2.639739e-05 1.651130e-01 2.979762e+00
366 2.117787e-05 1.977284e-01 2.952050e+00
367 2.376855e-05 1.223295e-01 3.132885e+00
368 1.966422e-05 1.726789e-01 3.174036e+00
369 1.980089e-05 6.949848e-03 2.994409e+00
370 3.514088e-05 7.747123e-01 2.911012e+00
371 2.134188e-05 3.926764e-01 2.967070e+00
372 2.144199e-05 4.690758e-03 2.959686e+00
373 2.706784e-05 2.623751e-01 2.974916e+00
374 2.431776e-05 1.015996e-01 2.988834e+00
375 2.490374e-05 2.409689e-02 2.972629e+00
376 2.140117e-05 1.406443e-01 2.975004e+00
377 3.451326e-05 6.126808e-01 2.933366e+00
378 1.901707e-05 4.489924e-01 3.142564e+00
379 1.477383e-05 2.231278e-01 3.127387e+00
380 2.439456e-05 6.512004e-01 3.177278e+00
381 2.112714e-05 1.339405e-01 3.041512e+00
382 1.994117e-05 5.613507e-02 3.002606e+00
383 2.011586e-05 8.760532e-03 3.022156e+00
384 1.261651e-05 3.728079e-01 3.051703e+00
385 1.608513e-05 2.749274e-01 2.974119e+00
386 1.367920e-05 1.495751e-01 3.000292e+00
387 1.889018e-05 3.809417e-01 2.960408e+00
388 1.257140e-05 3.345007e-01 2.953365e+00
389 1.976757e-05 5.724242e-01 3.037884e+00
390 1.406967e-05 2.882450e-01 2.961356e+00
391 1.111692e-05 2.098664e-01 3.023771e+00
392 1.755111e-05 5.787744e-01 3.128245e+00
393 1.134297e-05 3.537176e-01 2.983745e+00
394 1.063176e-05 6.270048e-02 2.832224e+00
395 1.399146e-05 3.160055e-01 2.895178e+00
396 1.121146e-05 1.986922e-01 3.043888e+00
397 9.878683e-06 1.188765e-01 2.967423e+00
398 9.780216e-06 9.967677e-03 2.987936e+00
399 9.716760e-06 6.488170e-03 2.929078e+00
400 1.298224e-05 3.360671e-01 3.003081e+00
401 8.315426e-06 3.594770e-01 2.904401e+00
402 8.537021e-06 2.664870e-02 2.932228e+00
403 8.540903e-06 4.547507e-04 3.203858e+00
404 7.838118e-06 8.228467e-02 3.246815e+00
405 8.383099e-06 6.952961e-02 2.955369e+00
406 7.383807e-06 1.192032e-01 2.865913e+00
407 8.054535e-06 9.083769e-02 2.950421e+00
408 7.124312e-06 1.154907e-01 2.931187e+00
409 1.142907e-05 6.042349e-01 3.042152e+00
410 6.884157e-06 3.976625e-01 3.030496e+00
411 5.985317e-06 1.305664e-01 3.043268e+00
412 9.205469e-06 5.380085e-01 2.951648e+00
413 5.601913e-06 3.914581e-01 2.825045e+00
414 7.864212e-06 4.038440e-01 2.804822e+00
415 5.882143e-06 2.520365e-01 2.797690e+00
416 4.992126e-06 1.513084e-01 2.915939e+00
417 6.779592e-06 3.580570e-01 2.996285e+00
418 6.796487e-06 2.492148e-03 2.939486e+00
419 8.940210e-06 3.154163e-01 2.954046e+00
420 7.141539e-06 2.011889e-01 2.925722e+00
421 4.541153e-06 3.641212e-01 3.001517e+00
422 6.886935e-06 5.165609e-01 2.971577e+00
423 4.892378e-06 2.896146e-01 2.921945e+00
424 6.610643e-06 3.512126e-01 3.095643e+00
425 3.675306e-06 4.440319e-01 3.144504e+00
426 4.944435e-06 3.453122e-01 2.819116e+00
427 4.164971e-06 1.576446e-01 2.914627e+00
428 4.125788e-06 9.407717e-03 2.973927e+00
429 5.181285e-06 2.558292e-01 2.959134e+00
430 3.514375e-06 3.217176e-01 2.925770e+00
431 3.684683e-06 4.846030e-02 2.965641e+00
432 5.382996e-06 4.609118e-01 2.988170e+00
433 3.351593e-06 3.773741e-01 2.979735e+00
434 4.441625e-06 3.252281e-01 2.936551e+00
435 3.328877e-06 2.505273e-01 2.956103e+00
436 4.922747e-06 4.788013e-01 3.081457e+00
437 3.276677e-06 3.343803e-01 3.066638e+00
438 4.533275e-06 3.834975e-01 3.078603e+00
439 5.597511e-06 2.347609e-01 2.971465e+00
440 3.353795e-06 4.008417e-01 3.152368e+00
441 3.244896e-06 3.247050e-02 2.862154e+00
442 2.678185e-06 1.746468e-01 2.911763e+00
443 2.533613e-06 5.398150e-02 2.987257e+00
444 2.679588e-06 5.761555e-02 2.953731e+00
445 4.186354e-06 5.623125e-01 2.982168e+00
446 2.548509e-06 3.912343e-01 2.897453e+00
447 2.227943e-06 1.257856e-01 2.939118e+00
448 2.315735e-06 3.940510e-02 3.206151e+00
449 3.221454e-06 3.911150e-01 3.204007e+00
450 2.487845e-06 2.277261e-01 2.973742e+00
451 2.623363e-06 5.447209e-02 2.932380e+00
452 1.782381e-06 3.205740e-01 2.883131e+00
453 2.288796e-06 2.841226e-01 2.995004e+00
454 2.666001e-06 1.648049e-01 3.044481e+00
455 1.991759e-06 2.529038e-01 2.945793e+00
456 1.980146e-06 5.830481e-03 2.967165e+00
457 2.626987e-06 3.266633e-01 2.953820e+00
458 1.860569e-06 2.917479e-01 3.002926e+00
459 1.739458e-06 6.509382e-02 2.967344e+00
460 1.576722e-06 9.355555e-02 3.149259e+00
461 2.413517e-06 5.307182e-01 3.372727e+00
462 1.454794e-06 3.972304e-01 2.931329e+00
463 1.870202e-06 2.855440e-01 2.940260e+00
464 1.391957e-06 2.557186e-01 2.974763e+00
465 1.803205e-06 2.954464e-01 2.981335e+00
466 1.106872e-06 3.861640e-01 2.995964e+00
467 1.915851e-06 7.308687e-01 3.016275e+00
468 1.171343e-06 3.886041e-01 2.940329e+00
469 1.599672e-06 3.656736e-01 2.939293e+00
470 1.313013e-06 1.791990e-01 2.968311e+00
471 1.188433e-06 9.488069e-02 2.981269e+00
472 1.245226e-06 4.778804e-02 3.113832e+00
473 1.001458e-06 1.957618e-01 3.253311e+00
474 1.067044e-06 6.548984e-02 2.988152e+00
475 1.132177e-06 6.104042e-02 3.002248e+00
476 1.557892e-06 3.760154e-01 2.806085e+00
477 1.180960e-06 2.419503e-01 2.919324e+00
478 8.952915e-07 2.418951e-01 2.981823e+00
479 1.154443e-06 2.894610e-01 3.017035e+00
480 1.024210e-06 1.128108e-01 3.023951e+00
481 8.158304e-07 2.034538e-01 3.023555e+00
482 1.059027e-06 2.980968e-01 2.982055e+00
483 7.006758e-07 3.383777e-01 2.974859e+00
484 8.114494e-07 1.580953e-01 3.100379e+00
485 9.694327e-07 1.946928e-01 3.180046e+00
486 6.348580e-07 3.451243e-01 3.009487e+00
487 8.340651e-07 3.137822e-01 2.988250e+00
488 6.079803e-07 2.710638e-01 2.924874e+00
489 6.647306e-07 9.334241e-02 2.912080e+00
490 8.684487e-07 3.064671e-01 2.897961e+00
491 5.943879e-07 3.155751e-01 2.932721e+00
492 7.702488e-07 2.958688e-01 2.988383e+00
493 6.685401e-07 1.320465e-01 2.918813e+00
494 5.503799e-07 1.767437e-01 2.916378e+00
495 4.897093e-07 1.102339e-01 2.926613e+00
496 6.966489e-07 4.225762e-01 2.925261e+00
497 4.809294e-07 3.096530e-01 2.981576e+00
498 5.779570e-07 2.017501e-01 3.010058e+00
499 4.721475e-07 1.830751e-01 2.940329e+00
500 7.575853e-07 6.045523e-01 2.932590e+00
501 4.856355e-07 3.589692e-01 2.939301e+00
502 4.219051e-07 1.312310e-01 2.938932e+00
503 5.457002e-07 2.934193e-01 2.911455e+00
504 3.977859e-07 2.710541e-01 2.876431e+00
505 3.903676e-07 1.864909e-02 2.820923e+00
506 5.197289e-07 3.313834e-01 2.939486e+00
507 3.414350e-07 3.430517e-01 2.988461e+00
508 4.253232e-07 2.456930e-01 2.995125e+00
509 3.490176e-07 1.794062e-01 2.939047e+00
510 4.901426e-07 4.043494e-01 2.933190e+00
511 3.312272e-07 3.242229e-01 2.939471e+00
512 3.879268e-07 1.711804e-01 2.932816e+00
513 2.732914e-07 2.955078e-01 3.127893e+00
514 4.105031e-07 5.020709e-01 3.002897e+00
515 3.310742e-07 1.934915e-01 2.989436e+00
516 2.864426e-07 1.348085e-01 3.044726e+00
517 4.652736e-07 6.243171e-01 3.091808e+00
518 2.947617e-07 3.664767e-01 2.975298e+00
519 3.676663e-07 2.473340e-01 2.995394e+00
520 2.189116e-07 4.045916e-01 3.017431e+00
521 3.343770e-07 5.274524e-01 2.924899e+00
522 2.059980e-07 3.839349e-01 3.023840e+00
523 2.323350e-07 1.278509e-01 3.059371e+00
524 2.174584e-07 6.403080e-02 3.170381e+00
525 3.056667e-07 4.056328e-01 3.024348e+00
526 1.766213e-07 4.221767e-01 3.218912e+00
527 2.688078e-07 5.219439e-01 3.283180e+00
528 1.969232e-07 2.674198e-01 3.271749e+00
529 2.176904e-07 1.054582e-01 3.009601e+00
530 1.926022e-07 1.152474e-01 2.988842e+00
531 2.229312e-07 1.574701e-01 3.044010e+00
532 2.187154e-07 1.891102e-02 2.953468e+00
533 1.633061e-07 2.533395e-01 2.912615e+00
534 1.578485e-07 3.341958e-02 3.030745e+00
535 2.122669e-07 3.447508e-01 3.079620e+00
536 1.480570e-07 3.024961e-01 3.086849e+00
537 1.757230e-07 1.868603e-01 3.037027e+00
538 1.428696e-07 1.869609e-01 3.079159e+00
539 1.334286e-07 6.608142e-02 3.017182e+00
540 1.786678e-07 3.390514e-01 3.211708e+00
541 2.006210e-07 1.228716e-01 2.995878e+00
542 1.203151e-07 4.002865e-01 2.975520e+00
543 1.144411e-07 4.882201e-02 2.924928e+00
544 1.184416e-07 3.495727e-02 2.932623e+00
545 1.086671e-07 8.252585e-02 2.953926e+00
546 1.090048e-07 3.107137e-03 2.919047e+00
547 9.026178e-08 1.719465e-01 2.938942e+00
548 1.043474e-07 1.560534e-01 2.974119e+00
549 9.211086e-08 1.172677e-01 3.017367e+00
550 8.133760e-08 1.169598e-01 3.044181e+00
551 1.309998e-07 6.105690e-01 3.136376e+00
552 9.116456e-08 3.040864e-01 3.554372e+00
553 7.346323e-08 1.941690e-01 2.960771e+00
554 1.097075e-07 4.933661e-01 2.938722e+00
555 8.359669e-08 2.380038e-01 2.905247e+00
556 1.088651e-07 3.022657e-01 2.939921e+00
557 9.085429e-08 1.654417e-01 2.876554e+00
558 7.479849e-08 1.767203e-01 2.889188e+00
559 9.970905e-08 3.330357e-01 2.932646e+00
560 6.679344e-08 3.301166e-01 2.953732e+00
561 6.450371e-08 3.428079e-02 2.926227e+00
562 1.116310e-07 7.306141e-01 3.009375e+00
563 6.989108e-08 3.739099e-01 2.925396e+00
564 6.570628e-08 5.987606e-02 2.856568e+00
565 7.751540e-08 1.797260e-01 2.889964e+00
566 4.826087e-08 3.774029e-01 3.010610e+00
567 7.070360e-08 4.650296e-01 2.953324e+00
568 4.923789e-08 3.036013e-01 2.953714e+00
569 6.560143e-08 3.323362e-01 2.911424e+00
570 5.226815e-08 2.032468e-01 2.841563e+00
571 6.275777e-08 2.006887e-01 2.988978e+00
572 5.245146e-08 1.642237e-01 3.009576e+00
573 7.136659e-08 3.606216e-01 3.143285e+00
574 4.539053e-08 3.639807e-01 3.085725e+00
575 3.503839e-08 2.280683e-01 2.967441e+00
576 4.104239e-08 1.713549e-01 2.869671e+00
577 5.225257e-08 2.731366e-01 2.939464e+00
578 3.496576e-08 3.308317e-01 2.911798e+00
579 3.948555e-08 1.292631e-01 3.072810e+00
580 3.659960e-08 7.308867e-02 3.010217e+00
581 3.491864e-08 4.592842e-02 2.967873e+00
582 3.694145e-08 5.792934e-02 2.939397e+00
583 3.369978e-08 8.775172e-02 2.981549e+00
584 3.548671e-08 5.302522e-02 2.974386e+00
585 3.755948e-08 5.840976e-02 3.143206e+00
586 2.561289e-08 3.180713e-01 3.082627e+00
587 3.126538e-08 2.206894e-01 2.992379e+00
588 2.335085e-08 2.531404e-01 2.967498e+00
589 3.177407e-08 3.607245e-01 3.115135e+00
590 3.477617e-08 9.448254e-02 3.015157e+00
591 3.657741e-08 5.179525e-02 2.904301e+00
592 2.055965e-08 4.379140e-01 2.939496e+00
593 3.057572e-08 4.871712e-01 2.917317e+00
594 1.969303e-08 3.559260e-01 2.932769e+00
595 2.035051e-08 3.338665e-02 2.848125e+00
596 1.608761e-08 2.094741e-01 3.079674e+00
597 1.533436e-08 4.682139e-02 3.101307e+00
598 1.428675e-08 6.831819e-02 3.064155e+00
599 1.407663e-08 1.470673e-02 2.932752e+00
600 1.465370e-08 4.099486e-02 2.884197e+00
601 1.404381e-08 4.162043e-02 2.918644e+00
602 1.908385e-08 3.588799e-01 2.924699e+00
603 1.710832e-08 1.035187e-01 3.009313e+00
604 1.460621e-08 1.462510e-01 2.932063e+00
605 2.039352e-08 3.962228e-01 2.911644e+00
606 1.372788e-08 3.268507e-01 2.946591e+00
607 1.383376e-08 7.712832e-03 2.932712e+00
608 1.358090e-08 1.827881e-02 3.003522e+00
609 1.186442e-08 1.263895e-01 3.037233e+00
610 1.125280e-08 5.155033e-02 2.967232e+00
611 1.523703e-08 3.540652e-01 2.974598e+00
612 1.489077e-08 2.272491e-02 2.814404e+00
613 1.038326e-08 3.027050e-01 2.995100e+00
614 1.062685e-08 2.345981e-02 2.904862e+00
615 1.164992e-08 9.627286e-02 2.925388e+00
616 8.854610e-09 2.399427e-01 2.954402e+00
617 1.197158e-08 3.520165e-01 2.946217e+00
618 9.062446e-09 2.430032e-01 2.960700e+00
619 8.401560e-09 7.292583e-02 2.981653e+00
620 9.251411e-09 1.011540e-01 3.036895e+00
621 1.001378e-08 8.240519e-02 2.994353e+00
622 7.630475e-09 2.380022e-01 2.940188e+00
623 6.681999e-09 1.243011e-01 3.016880e+00
624 8.738101e-09 3.077077e-01 2.946186e+00
625 5.727291e-09 3.445612e-01 2.954727e+00
626 8.585998e-09 4.991378e-01 2.981732e+00
627 5.786295e-09 3.260777e-01 3.237699e+00
628 9.000549e-09 5.554943e-01 2.945881e+00
629 5.407224e-09 3.992340e-01 2.988780e+00
630 4.982454e-09 7.855618e-02 2.967175e+00
631 4.287866e-09 1.394067e-01 2.890468e+00
632 6.066513e-09 4.148093e-01 2.995287e+00
633 4.881160e-09 1.953928e-01 3.017503e+00
634 5.712290e-09 1.702731e-01 3.057909e+00
635 4.675823e-09 1.814452e-01 3.184616e+00
636 6.313009e-09 3.501387e-01 3.099287e+00
637 5.251423e-09 1.681585e-01 3.016648e+00
638 4.993728e-09 4.907144e-02 3.175268e+00
639 6.835094e-09 3.687358e-01 3.281930e+00
640 3.587722e-09 4.751028e-01 2.922026e+00
641 5.638223e-09 5.715331e-01 3.002930e+00
642 5.044550e-09 1.052944e-01 2.904804e+00
643 3.323013e-09 3.412668e-01 2.958448e+00
644 3.759149e-09 1.312473e-01 3.002081e+00
645 4.899050e-09 3.032338e-01 2.918542e+00
646 5.141264e-09 4.944086e-02 3.037601e+00
647 3.506914e-09 3.178888e-01 2.960645e+00
648 3.298897e-09 5.931612e-02 2.966758e+00
649 3.753528e-09 1.378130e-01 2.945115e+00
650 2.978534e-09 2.064709e-01 3.064026e+00
651 2.776837e-09 6.771691e-02 3.059468e+00
652 2.266453e-09 1.838005e-01 3.233887e+00
653 3.163097e-09 3.956156e-01 3.142583e+00
654 3.029780e-09 4.214756e-02 2.939352e+00
655 2.937049e-09 3.060638e-02 2.960782e+00
656 2.748666e-09 6.414051e-02 2.953132e+00
657 2.639390e-09 3.975595e-02 3.044752e+00
658 2.737235e-09 3.707109e-02 2.938995e+00
659 2.230473e-09 1.851365e-01 2.996123e+00
660 1.934766e-09 1.325760e-01 3.177210e+00
661 1.760461e-09 9.009108e-02 2.919322e+00
662 1.991805e-09 1.314112e-01 2.931238e+00
663 2.937950e-09 4.750192e-01 2.968606e+00
664 1.674153e-09 4.301630e-01 2.967728e+00
665 2.098103e-09 2.532323e-01 3.264401e+00
666 1.882898e-09 1.025710e-01 3.205816e+00
667 1.887288e-09 2.331713e-03 3.036799e+00
668 1.659602e-09 1.206419e-01 3.016043e+00
669 1.445866e-09 1.287878e-01 2.869856e+00
670 1.460464e-09 1.009660e-02 2.889258e+00
671 1.617162e-09 1.072933e-01 2.940002e+00
672 1.942870e-09 2.014072e-01 2.925501e+00
673 1.329836e-09 3.155300e-01 2.980616e+00
674 1.626055e-09 2.227484e-01 2.931529e+00
675 1.254814e-09 2.283078e-01 2.946484e+00
676 1.232235e-09 1.799438e-02 2.982297e+00
677 1.218879e-09 1.083838e-02 3.219198e+00
678 1.382331e-09 1.341000e-01 3.038227e+00
679 1.018690e-09 2.630635e-01 3.021774e+00
680 1.524587e-09 4.966151e-01 2.974597e+00
681 1.025454e-09 3.273890e-01 2.876233e+00
682 1.196607e-09 1.669044e-01 2.946440e+00
683 8.664975e-10 2.758711e-01 3.065900e+00
684 1.196621e-09 3.809858e-01 2.996468e+00
685 1.035651e-09 1.345205e-01 2.932132e+00
686 8.892903e-10 1.413222e-01 2.904544e+00
687 1.078216e-09 2.124455e-01 2.954595e+00
688 8.727280e-10 1.905815e-01 2.834120e+00
689 8.416958e-10 3.555767e-02 3.044221e+00
690 1.010345e-09 2.003678e-01 3.289546e+00
691 7.302444e-10 2.772323e-01 2.805603e+00
692 8.510574e-10 1.654419e-01 2.940024e+00
693 6.535410e-10 2.320836e-01 3.002491e+00
694 6.700633e-10 2.528126e-02 2.939731e+00
695 5.677243e-10 1.527304e-01 2.939044e+00
696 5.526056e-10 2.663033e-02 2.917209e+00
697 7.809050e-10 4.131326e-01 2.856437e+00
698 5.677930e-10 2.729038e-01 2.953363e+00
699 5.818729e-10 2.479750e-02 2.898062e+00
700 5.017711e-10 1.376621e-01 2.894756e+00
701 4.567506e-10 8.972305e-02 2.848321e+00
702 6.600330e-10 4.450621e-01 2.933033e+00
703 3.935628e-10 4.037225e-01 2.876574e+00
704 4.564635e-10 1.598237e-01 3.044909e+00
705 5.220557e-10 1.436965e-01 3.247285e+00
706 5.117876e-10 1.966863e-02 2.968435e+00
707 3.655655e-10 2.857086e-01 2.939688e+00
708 4.356545e-10 1.917278e-01 2.862210e+00
709 3.140805e-10 2.790605e-01 3.002277e+00
710 3.690505e-10 1.750185e-01 2.869517e+00
711 5.397117e-10 4.624334e-01 2.989175e+00
712 4.095717e-10 2.411287e-01 2.918687e+00
713 3.338698e-10 1.848318e-01 2.988561e+00
714 3.598220e-10 7.773128e-02 2.954030e+00
715 3.042656e-10 1.543995e-01 2.933319e+00
716 3.908609e-10 2.846042e-01 3.352298e+00
717 2.733699e-10 3.005955e-01 3.316725e+00
718 3.322247e-10 2.152937e-01 3.044004e+00
719 2.644334e-10 2.040526e-01 2.932378e+00
720 2.623278e-10 7.962452e-03 2.848770e+00
721 3.122934e-10 1.904700e-01 2.814000e+00
722 2.354693e-10 2.459998e-01 2.840749e+00
723 2.707853e-10 1.499812e-01 2.862374e+00
724 2.427709e-10 1.034560e-01 2.897087e+00
725 1.940240e-10 2.007938e-01 2.961621e+00
726 2.377297e-10 2.252593e-01 2.903190e+00
727 2.481206e-10 4.370892e-02 2.848200e+00
728 1.876814e-10 2.435880e-01 3.050765e+00
729 2.571112e-10 3.699343e-01 3.086926e+00
730 1.622605e-10 3.689092e-01 3.445294e+00
731 2.459757e-10 5.159304e-01 2.876421e+00
732 1.934871e-10 2.133893e-01 2.981331e+00
733 2.032476e-10 5.044535e-02 2.862816e+00
734 1.880320e-10 7.486240e-02 2.947234e+00
735 1.734969e-10 7.730146e-02 2.820722e+00
736 1.757139e-10 1.277835e-02 2.924858e+00
737 2.233391e-10 2.710385e-01 2.960444e+00
738 2.900202e-10 2.985644e-01 2.868525e+00
739 1.252506e-10 5.681315e-01 2.846448e+00
740 1.577191e-10 2.592281e-01 3.023218e+00
741 1.723856e-10 9.299124e-02 3.135681e+00
742 1.312922e-10 2.383805e-01 3.128143e+00
743 2.319980e-10 7.670355e-01 2.833902e+00
744 1.088957e-10 5.306180e-01 2.870140e+00
745 1.170960e-10 7.530446e-02 2.946201e+00
746 1.236439e-10 5.591885e-02 2.828315e+00
747 1.104227e-10 1.069297e-01 2.910635e+00
748 1.696988e-10 5.368113e-01 2.860442e+00
749 9.726031e-11 4.268651e-01 2.905149e+00
