1 9.959878e-01 1.000000e+00 3.727491e+00
2 9.051917e-01 9.116190e-02 3.784015e+00
3 6.507831e-01 2.810549e-01 3.527838e+00
4 3.306632e-01 4.918996e-01 3.895618e+00
5 2.591101e-01 2.163926e-01 3.671596e+00
6 2.016973e-01 2.215768e-01 3.519737e+00
7 1.418684e-01 2.966273e-01 3.541451e+00
8 1.215156e-01 1.434627e-01 3.678988e+00
9 9.670695e-02 2.041600e-01 3.704340e+00
10 8.779386e-02 9.216598e-02 3.647021e+00
11 6.385666e-02 2.726524e-01 3.567321e+00
12 5.681626e-02 1.102531e-01 3.599932e+00
13 4.718039e-02 1.695972e-01 3.743902e+00
14 3.842376e-02 1.855989e-01 3.606294e+00
15 3.380179e-02 1.202893e-01 3.760132e+00
16 3.228942e-02 4.474239e-02 3.999338e+00
17 2.940987e-02 8.917926e-02 4.166147e+00
18 2.777170e-02 5.570136e-02 3.767299e+00
19 2.550059e-02 8.177797e-02 3.631988e+00
20 2.397800e-02 5.970808e-02 3.624049e+00
21 2.556147e-02 6.603848e-02 3.679766e+00
22 2.232420e-02 1.266463e-01 3.598109e+00
23 1.753981e-02 2.143140e-01 3.504132e+00
24 1.914267e-02 9.138362e-02 3.591270e+00
25 1.800503e-02 5.942921e-02 3.607830e+00
26 1.612015e-02 1.046864e-01 3.655605e+00
27 1.629905e-02 1.109802e-02 3.840354e+00
28 1.541209e-02 5.441786e-02 3.865835e+00
29 1.324216e-02 1.407940e-01 3.654868e+00
30 1.306528e-02 1.335746e-02 3.608653e+00
31 1.208104e-02 7.533232e-02 3.543369e+00
32 1.088452e-02 9.904137e-02 3.592134e+00
33 1.176580e-02 8.096598e-02 3.542604e+00
34 1.108190e-02 5.812598e-02 3.599353e+00
35 1.016842e-02 8.242955e-02 3.591661e+00
36 1.015673e-02 1.149339e-03 3.552131e+00
37 8.380005e-03 1.749311e-01 3.775679e+00
38 8.555475e-03 2.093913e-02 3.607574e+00
39 8.065700e-03 5.724703e-02 3.640079e+00
40 8.306642e-03 2.987239e-02 3.527419e+00
41 7.994761e-03 3.754590e-02 3.720092e+00
42 7.437358e-03 6.972106e-02 3.910560e+00
43 6.851917e-03 7.871627e-02 3.863175e+00
44 7.990763e-03 1.662084e-01 3.639950e+00
45 7.374171e-03 7.716305e-02 3.567542e+00
46 8.005401e-03 8.560007e-02 3.679393e+00
47 6.273448e-03 2.163480e-01 3.567799e+00
48 6.314825e-03 6.595474e-03 3.560098e+00
49 5.630366e-03 1.083893e-01 3.679569e+00
50 5.788512e-03 2.808805e-02 3.623906e+00
51 5.341426e-03 7.723667e-02 3.623050e+00
52 5.061072e-03 5.248681e-02 3.677535e+00
53 4.624739e-03 8.621343e-02 3.599124e+00
54 4.467867e-03 3.392032e-02 3.672000e+00
55 3.800009e-03 1.494803e-01 3.599104e+00
56 4.627241e-03 2.176922e-01 3.535716e+00
57 4.092611e-03 1.155396e-01 3.549986e+00
58 4.143763e-03 1.249853e-02 3.575908e+00
59 3.991013e-03 3.686247e-02 3.774729e+00
60 6.489086e-03 6.259245e-01 3.768546e+00
61 3.672384e-03 4.340677e-01 3.567104e+00
62 4.489723e-03 2.225636e-01 3.719947e+00
63 3.596827e-03 1.988755e-01 3.836819e+00
64 3.207976e-03 1.081093e-01 3.582880e+00
65 4.461597e-03 3.907825e-01 3.584678e+00
66 3.914207e-03 1.226893e-01 3.591577e+00
67 2.716089e-03 3.060946e-01 3.510949e+00
68 2.803060e-03 3.202043e-02 3.496429e+00
69 2.651256e-03 5.415655e-02 3.559252e+00
70 2.264699e-03 1.458014e-01 3.591472e+00
71 2.194021e-03 3.120850e-02 3.658572e+00
72 2.160571e-03 1.524609e-02 3.630852e+00
73 2.441906e-03 1.302137e-01 3.662530e+00
74 1.893975e-03 2.243866e-01 3.680445e+00
75 1.999095e-03 5.550190e-02 3.756619e+00
76 2.000437e-03 6.715240e-04 3.528551e+00
77 1.934546e-03 3.293835e-02 3.575048e+00
78 2.028887e-03 4.876639e-02 3.632036e+00
79 1.874309e-03 7.618826e-02 3.639695e+00
80 2.005349e-03 6.991328e-02 3.568157e+00
81 2.105177e-03 4.978109e-02 3.655007e+00
82 2.960790e-03 4.064327e-01 3.535861e+00
83 2.021247e-03 3.173285e-01 3.639715e+00
84 2.112232e-03 4.501422e-02 3.736497e+00
85 1.788140e-03 1.534358e-01 3.727524e+00
86 2.347879e-03 3.130290e-01 4.278802e+00
87 1.501714e-03 3.603957e-01 3.664214e+00
88 1.405283e-03 6.421343e-02 3.551166e+00
89 1.140851e-03 1.881701e-01 3.566944e+00
90 1.306325e-03 1.450446e-01 3.599913e+00
91 1.739093e-03 3.312861e-01 3.607425e+00
92 9.471942e-04 4.553516e-01 3.663208e+00
93 7.818522e-04 1.745598e-01 3.608248e+00
94 7.856741e-04 4.888280e-03 3.702542e+00
95 8.601981e-04 9.485368e-02 3.583243e+00
96 8.286203e-04 3.670999e-02 3.879489e+00
97 4.374252e-04 4.721042e-01 3.751633e+00
98 2.784716e-04 3.633846e-01 3.607392e+00
99 2.566603e-04 7.832512e-02 3.510716e+00
100 3.650318e-04 4.222371e-01 3.615999e+00
101 3.448839e-04 5.519490e-02 3.621351e+00
102 2.512763e-04 2.714177e-01 3.591661e+00
103 1.687037e-04 3.286126e-01 3.543519e+00
104 3.000282e-04 7.784322e-01 3.638655e+00
105 2.369441e-04 2.102604e-01 3.695578e+00
106 2.481016e-04 4.708922e-02 3.527064e+00
107 1.792582e-04 2.774808e-01 4.082837e+00
108 1.775189e-04 9.702865e-03 3.752300e+00
109 1.615650e-04 8.987121e-02 3.854482e+00
110 1.234772e-04 2.357433e-01 3.631581e+00
111 1.071518e-04 1.322137e-01 3.710368e+00
112 1.498964e-04 3.989163e-01 3.575304e+00
113 1.001215e-04 3.320618e-01 3.767674e+00
114 1.691249e-04 6.891965e-01 3.567580e+00
115 1.166650e-04 3.101842e-01 3.551173e+00
116 1.142047e-04 2.108855e-02 3.567918e+00
117 1.235766e-04 8.206152e-02 3.416095e+00
118 8.491406e-05 3.128628e-01 3.535352e+00
119 7.928582e-05 6.628161e-02 3.423568e+00
120 6.325139e-05 2.022358e-01 3.535680e+00
121 5.852009e-05 7.480151e-02 3.631865e+00
122 8.500174e-05 4.525224e-01 3.472147e+00
123 9.507644e-05 1.185235e-01 3.535682e+00
124 6.295448e-05 3.378541e-01 3.552169e+00
125 6.274818e-05 3.276927e-03 3.583950e+00
126 1.166286e-04 8.586773e-01 3.616411e+00
127 5.653264e-05 5.152765e-01 3.558880e+00
128 5.730185e-05 1.360663e-02 3.471916e+00
129 5.190012e-05 9.426806e-02 3.439775e+00
130 4.371597e-05 1.576905e-01 3.423917e+00
131 4.727570e-05 8.142880e-02 3.520127e+00
132 3.481438e-05 2.635884e-01 3.431685e+00
133 5.816378e-05 6.706825e-01 3.447902e+00
134 5.223922e-05 1.018598e-01 3.535781e+00
135 2.829771e-05 4.583052e-01 3.510007e+00
136 2.933324e-05 3.659404e-02 3.456489e+00
137 6.759965e-05 1.304541e+00 3.511509e+00
138 3.288380e-05 5.135507e-01 4.223305e+00
139 4.652860e-05 4.149396e-01 3.735240e+00
140 3.447446e-05 2.590695e-01 3.472153e+00
141 2.990842e-05 1.324471e-01 3.439758e+00
142 2.589471e-05 1.342000e-01 3.631634e+00
143 3.640234e-05 4.057831e-01 3.455692e+00
144 2.402409e-05 3.400399e-01 3.391476e+00
145 1.713498e-05 2.867585e-01 3.520336e+00
146 3.668555e-05 1.140975e+00 3.463241e+00
147 2.778367e-05 2.426535e-01 3.439922e+00
148 2.397009e-05 1.372599e-01 3.399281e+00
149 3.126334e-05 3.042645e-01 3.695902e+00
150 2.694699e-05 1.380643e-01 3.583406e+00
151 3.003007e-05 1.144129e-01 3.604480e+00
152 3.512095e-05 1.695262e-01 3.464389e+00
153 1.921013e-05 4.530294e-01 3.598877e+00
154 2.780419e-05 4.473717e-01 3.424061e+00
155 1.372821e-05 5.062541e-01 3.407471e+00
156 2.544947e-05 8.538086e-01 3.575170e+00
157 1.536156e-05 3.963898e-01 3.452274e+00
158 9.587179e-06 3.758980e-01 3.446017e+00
159 2.268033e-05 1.365694e+00 3.495925e+00
160 1.459092e-05 3.566708e-01 3.655558e+00
161 8.168679e-06 4.401532e-01 3.567876e+00
162 8.614545e-06 5.458232e-02 3.566732e+00
163 1.369818e-05 5.901223e-01 3.728264e+00
164 1.361918e-05 5.767340e-03 3.654989e+00
165 1.093319e-05 1.972209e-01 3.624274e+00
166 1.431776e-05 3.095684e-01 4.111001e+00
167 1.687590e-05 1.786688e-01 3.263512e+00
168 8.963788e-06 4.688408e-01 3.336159e+00
169 1.107602e-05 2.356409e-01 3.416190e+00
170 8.358605e-06 2.453424e-01 3.743380e+00
171 7.890900e-06 5.595489e-02 3.399938e+00
172 1.420483e-05 8.001528e-01 3.479740e+00
173 1.098747e-05 2.264977e-01 3.423005e+00
174 1.005441e-05 8.492008e-02 3.527900e+00
175 8.844109e-06 1.203750e-01 3.582677e+00
176 1.129372e-05 2.769769e-01 3.684808e+00
177 7.872718e-06 3.029121e-01 3.423571e+00
178 5.564550e-06 2.931856e-01 3.392573e+00
179 7.395595e-06 3.290553e-01 3.438840e+00
180 1.043479e-05 4.109464e-01 3.390801e+00
181 1.109921e-05 6.367333e-02 3.527348e+00
182 1.023251e-05 7.808632e-02 3.431471e+00
183 9.107752e-06 1.099200e-01 3.455306e+00
184 8.420310e-06 7.547881e-02 3.407472e+00
185 7.295312e-06 1.336052e-01 3.520161e+00
186 8.463973e-06 1.601933e-01 3.543857e+00
187 6.450731e-06 2.378602e-01 4.345560e+00
188 3.785522e-06 4.131638e-01 3.446570e+00
189 5.044688e-06 3.326268e-01 3.399469e+00
190 3.069115e-06 3.916146e-01 3.383954e+00
191 3.178180e-06 3.553627e-02 3.382476e+00
192 7.093640e-06 1.231982e+00 3.431201e+00
193 1.094381e-05 5.427630e-01 3.279880e+00
194 6.000378e-06 4.517102e-01 3.318430e+00
195 7.715365e-06 2.858132e-01 3.327556e+00
196 3.405596e-06 5.585956e-01 3.223228e+00
197 7.464462e-06 1.191823e+00 3.304201e+00
198 4.563726e-06 3.886062e-01 3.502576e+00
199 5.999388e-06 3.145811e-01 3.432598e+00
200 2.905229e-06 5.157458e-01 3.471734e+00
201 4.598206e-06 5.827345e-01 3.350733e+00
202 3.596352e-06 2.178793e-01 3.311837e+00
203 4.661692e-06 2.962280e-01 3.312116e+00
204 2.607032e-06 4.407542e-01 3.295401e+00
205 4.563699e-06 7.505344e-01 3.319837e+00
206 5.221957e-06 1.442379e-01 3.303799e+00
207 6.186491e-06 1.847074e-01 3.343863e+00
208 4.288662e-06 3.067699e-01 3.311578e+00
209 3.740568e-06 1.278007e-01 3.160248e+00
210 2.579462e-06 3.104090e-01 3.287416e+00
211 2.610875e-06 1.217838e-02 3.514836e+00
212 4.444435e-06 7.022777e-01 3.495304e+00
213 2.837412e-06 3.615810e-01 3.167631e+00
214 2.426492e-06 1.448219e-01 3.144349e+00
215 5.572792e-06 1.296645e+00 3.222890e+00
216 2.744852e-06 5.074548e-01 3.103801e+00
217 3.795287e-06 3.826928e-01 3.168638e+00
218 3.059000e-06 1.940003e-01 3.150903e+00
219 2.492768e-06 1.851036e-01 3.248083e+00
220 2.961968e-06 1.882247e-01 3.143630e+00
221 3.538488e-06 1.946408e-01 3.095867e+00
222 2.529283e-06 2.852080e-01 3.263134e+00
223 1.783689e-06 2.947846e-01 3.215845e+00
224 3.468814e-06 9.447411e-01 3.287164e+00
225 2.912593e-06 1.603489e-01 3.335716e+00
226 1.747695e-06 3.999522e-01 3.232215e+00
227 2.260671e-06 2.935158e-01 3.263320e+00
228 2.745354e-06 2.143975e-01 3.431195e+00
229 3.259592e-06 1.873122e-01 3.256636e+00
230 2.214751e-06 3.205434e-01 3.223470e+00
231 1.981401e-06 1.053620e-01 3.191531e+00
232 2.141800e-06 8.095236e-02 3.159939e+00
233 1.715782e-06 1.989063e-01 3.111307e+00
234 1.985854e-06 1.574043e-01 3.103786e+00
235 1.389759e-06 3.001706e-01 3.088506e+00
236 1.708339e-06 2.292337e-01 3.087854e+00
237 1.455317e-06 1.481095e-01 3.152247e+00
238 2.339721e-06 6.077049e-01 3.088244e+00
239 4.399831e-06 8.804940e-01 3.151705e+00
240 1.607493e-06 6.346467e-01 3.127068e+00
241 1.775306e-06 1.043942e-01 3.279778e+00
242 1.152633e-06 3.507409e-01 3.280309e+00
243 2.768064e-06 1.401513e+00 3.363193e+00
244 1.365457e-06 5.067106e-01 3.152560e+00
245 1.958628e-06 4.344126e-01 3.174868e+00
246 1.313119e-06 3.295723e-01 3.103654e+00
247 1.174515e-06 1.055531e-01 3.223576e+00
248 1.673827e-06 4.251221e-01 3.119241e+00
249 1.210767e-06 2.766478e-01 3.167781e+00
250 7.685642e-07 3.652251e-01 3.167796e+00
251 8.995180e-07 1.703876e-01 3.096461e+00
252 2.099987e-06 1.334569e+00 3.119243e+00
253 1.343416e-06 3.602741e-01 3.159560e+00
254 8.719975e-07 3.509103e-01 3.295909e+00
255 9.386207e-07 7.640293e-02 3.248173e+00
256 1.534728e-06 6.350886e-01 3.343062e+00
257 1.185575e-06 2.275018e-01 3.207655e+00
258 7.365958e-07 3.787015e-01 3.215917e+00
259 8.321171e-07 1.296795e-01 3.223681e+00
260 1.297810e-06 5.596478e-01 3.175408e+00
261 1.858120e-06 4.317353e-01 3.143614e+00
262 1.018434e-06 4.519010e-01 3.128259e+00
263 1.226031e-06 2.038396e-01 3.120046e+00
264 1.536428e-06 2.531722e-01 3.215594e+00
265 1.904842e-06 2.397863e-01 3.136058e+00
266 1.108884e-06 4.178603e-01 3.231309e+00
267 7.263700e-07 3.449542e-01 3.527199e+00
268 7.879793e-07 8.481814e-02 3.232234e+00
269 8.158128e-07 3.532262e-02 3.454467e+00
270 1.023227e-06 2.542424e-01 3.208081e+00
271 1.101193e-06 7.619573e-02 3.135160e+00
272 1.062988e-06 3.469418e-02 3.151639e+00
273 9.849774e-07 7.338771e-02 3.199610e+00
274 9.492447e-07 3.627764e-02 3.152028e+00
275 7.174322e-07 2.442073e-01 3.183495e+00
276 1.213404e-06 6.913146e-01 3.096336e+00
277 1.082016e-06 1.082806e-01 3.151165e+00
278 7.310846e-07 3.243308e-01 3.103309e+00
279 6.415335e-07 1.224908e-01 3.135711e+00
280 6.014546e-07 6.247360e-02 3.142573e+00
281 5.426568e-07 9.775932e-02 3.256123e+00
282 1.260689e-06 1.323180e+00 3.255694e+00
283 9.184383e-07 2.714793e-01 3.311419e+00
284 4.932035e-07 4.629977e-01 3.135716e+00
285 7.316154e-07 4.833944e-01 3.143836e+00
286 4.444642e-07 3.924892e-01 3.135873e+00
287 8.855161e-07 9.923224e-01 3.183725e+00
288 8.502897e-07 3.978061e-02 3.168039e+00
289 9.426802e-07 1.086577e-01 3.175644e+00
290 6.504571e-07 3.099917e-01 3.183715e+00
291 6.762805e-07 3.970033e-02 3.144041e+00
292 6.114640e-07 9.584265e-02 3.160176e+00
293 6.672999e-07 9.131512e-02 3.207881e+00
294 7.130949e-07 6.862738e-02 3.311379e+00
295 7.940008e-07 1.134573e-01 3.391373e+00
296 3.823126e-07 5.184984e-01 3.392241e+00
297 5.065305e-07 3.249118e-01 3.240049e+00
298 3.563683e-07 2.964524e-01 3.223290e+00
299 3.516374e-07 1.327535e-02 3.247891e+00
300 5.005142e-07 4.233815e-01 3.207657e+00
301 5.245452e-07 4.801256e-02 3.143386e+00
302 2.585746e-07 5.070499e-01 3.128280e+00
303 2.532875e-07 2.044690e-02 3.111513e+00
304 5.447221e-07 1.150608e+00 3.144513e+00
305 4.575574e-07 1.600167e-01 3.143585e+00
306 2.388774e-07 4.779292e-01 3.127428e+00
307 3.119957e-07 3.060914e-01 3.391390e+00
308 2.010718e-07 3.555302e-01 4.024044e+00
309 6.197974e-07 2.082469e+00 3.275298e+00
310 3.120786e-07 4.964829e-01 3.151593e+00
311 2.495631e-07 2.003197e-01 3.080094e+00
312 2.026531e-07 1.879687e-01 3.127282e+00
313 1.839954e-07 9.206711e-02 3.135595e+00
314 4.580763e-07 1.489608e+00 3.111659e+00
315 2.648262e-07 4.218732e-01 3.096539e+00
316 1.499338e-07 4.338406e-01 3.103995e+00
317 1.321220e-07 1.187980e-01 3.144604e+00
318 2.164226e-07 6.380511e-01 3.175470e+00
319 2.604233e-07 2.033093e-01 3.159792e+00
320 2.538799e-07 2.512604e-02 3.151383e+00
321 1.826570e-07 2.805379e-01 3.255719e+00
322 1.052585e-07 4.237366e-01 3.248339e+00
323 4.587684e-07 3.358492e+00 3.183549e+00
324 2.245592e-07 5.105173e-01 3.175715e+00
325 2.047330e-07 8.828934e-02 3.135560e+00
326 2.420913e-07 1.824733e-01 3.104393e+00
327 2.008573e-07 1.703244e-01 3.087071e+00
328 1.439101e-07 2.835204e-01 3.167568e+00
329 1.971372e-07 3.698635e-01 3.200038e+00
330 2.174631e-07 1.031050e-01 3.111373e+00
331 1.494493e-07 3.127599e-01 3.110644e+00
332 2.826730e-07 8.914305e-01 3.191765e+00
333 2.629315e-07 6.983864e-02 3.144555e+00
334 1.781173e-07 3.225715e-01 3.207263e+00
335 1.242840e-07 3.022353e-01 4.047710e+00
336 1.489464e-07 1.984364e-01 3.548024e+00
337 1.132575e-07 2.396089e-01 3.181917e+00
338 1.666281e-07 4.712314e-01 3.079582e+00
339 1.394242e-07 1.632610e-01 3.135792e+00
340 1.613983e-07 1.576057e-01 3.135042e+00
341 1.957032e-07 2.125481e-01 3.080274e+00
342 1.690979e-07 1.359471e-01 3.063331e+00
343 1.446744e-07 1.444341e-01 3.061978e+00
344 2.093491e-07 4.470362e-01 3.095573e+00
345 2.259439e-07 7.926857e-02 3.080238e+00
346 1.033084e-07 5.427698e-01 3.183013e+00
347 2.319526e-07 1.245245e+00 3.191675e+00
348 1.091157e-07 5.295774e-01 3.160463e+00
349 1.259952e-07 1.546935e-01 3.159730e+00
350 9.082403e-08 2.791470e-01 3.103117e+00
351 1.513899e-07 6.668483e-01 3.087969e+00
352 1.178918e-07 2.212705e-01 3.151562e+00
353 1.037262e-07 1.201570e-01 3.142852e+00
354 1.521826e-07 4.671566e-01 3.119886e+00
355 1.388065e-07 8.789507e-02 3.127553e+00
356 7.189605e-08 4.820413e-01 3.127480e+00
357 7.455980e-08 3.704999e-02 3.239886e+00
358 1.544327e-07 1.071259e+00 3.159778e+00
359 1.896671e-07 2.281544e-01 3.247625e+00
360 9.093316e-08 5.205645e-01 3.679223e+00
361 1.241536e-07 3.653283e-01 3.287418e+00
362 1.025369e-07 1.741125e-01 3.423519e+00
363 1.177666e-07 1.485283e-01 3.215531e+00
364 6.700877e-08 4.310034e-01 3.200704e+00
365 6.453525e-08 3.691341e-02 3.095437e+00
366 1.012881e-07 5.695008e-01 3.087519e+00
367 8.270429e-08 1.834750e-01 3.263440e+00
368 8.725593e-08 5.503515e-02 3.216133e+00
369 1.130488e-07 2.955996e-01 3.240411e+00
370 6.928316e-08 3.871391e-01 3.214768e+00
371 5.756800e-08 1.690911e-01 3.200157e+00
372 5.801723e-08 7.803600e-03 3.279535e+00
373 5.160403e-08 1.105396e-01 3.311941e+00
374 5.896295e-08 1.426036e-01 3.383198e+00
375 4.200688e-08 2.875716e-01 3.136343e+00
376 8.066318e-08 9.202374e-01 3.111855e+00
377 6.110081e-08 2.425192e-01 3.158219e+00
378 4.371478e-08 2.845466e-01 3.207114e+00
379 1.078053e-07 1.466106e+00 3.239775e+00
380 5.864776e-08 4.559844e-01 3.143546e+00
381 5.704149e-08 2.738844e-02 3.135453e+00
382 7.848787e-08 3.759787e-01 3.287572e+00
383 5.695587e-08 2.743354e-01 3.190887e+00
384 5.695574e-08 2.333275e-06 3.120384e+00
385 3.748444e-08 3.418672e-01 3.223741e+00
386 6.284798e-08 6.766419e-01 3.415718e+00
387 6.313469e-08 4.562047e-03 3.431228e+00
388 6.883657e-08 9.031285e-02 3.160044e+00
389 6.660729e-08 3.238508e-02 3.120264e+00
390 3.326133e-08 5.006353e-01 3.254267e+00
391 8.294174e-08 1.493639e+00 3.168539e+00
392 3.536159e-08 5.736575e-01 3.167732e+00
393 3.497262e-08 1.099963e-02 3.303163e+00
394 2.808353e-08 1.969854e-01 3.143521e+00
395 7.475611e-08 1.661920e+00 3.167820e+00
396 2.845349e-08 6.193824e-01 3.128375e+00
397 2.576860e-08 9.436048e-02 3.287807e+00
398 3.693743e-08 4.334277e-01 3.703580e+00
399 5.154005e-08 3.953341e-01 4.095371e+00
400 1.653572e-08 6.791676e-01 3.152293e+00
401 2.160493e-08 3.065617e-01 3.319756e+00
402 1.907094e-08 1.172877e-01 3.095544e+00
403 2.394737e-08 2.556993e-01 3.151884e+00
404 3.039555e-08 2.692647e-01 3.151961e+00
405 2.285130e-08 2.482025e-01 3.327897e+00
406 1.970827e-08 1.375427e-01 3.223586e+00
407 2.778561e-08 4.098452e-01 3.167822e+00
408 2.243516e-08 1.925617e-01 3.151573e+00
409 3.118804e-08 3.901409e-01 3.279330e+00
410 3.812035e-08 2.222747e-01 3.127091e+00
411 2.818477e-08 2.606372e-01 3.207669e+00
412 2.064580e-08 2.674838e-01 3.246983e+00
413 4.024754e-08 9.494298e-01 3.207674e+00
414 2.401098e-08 4.034173e-01 3.184101e+00
415 2.275367e-08 5.236433e-02 3.135484e+00
416 2.785003e-08 2.239801e-01 3.206833e+00
417 2.894741e-08 3.940313e-02 3.286631e+00
418 1.629550e-08 4.370653e-01 3.295213e+00
419 1.953417e-08 1.987458e-01 3.232283e+00
420 1.179267e-08 3.963057e-01 3.263846e+00
421 3.109236e-08 1.636584e+00 3.415071e+00
422 1.288484e-08 5.855947e-01 3.471024e+00
423 1.551403e-08 2.040534e-01 3.704117e+00
424 1.535935e-08 9.970196e-03 3.263707e+00
425 1.781259e-08 1.597224e-01 3.191565e+00
426 1.653544e-08 7.169911e-02 3.223496e+00
427 1.787795e-08 8.118979e-02 3.183254e+00
428 2.052837e-08 1.482509e-01 3.192303e+00
429 2.267675e-08 1.046540e-01 3.215262e+00
430 1.066975e-08 5.294848e-01 3.294544e+00
431 9.735706e-09 8.754168e-02 3.207288e+00
432 2.848409e-08 1.925735e+00 3.391952e+00
433 2.408841e-08 1.543205e-01 3.383481e+00
434 1.657216e-08 3.120279e-01 3.359729e+00
435 1.460214e-08 1.188754e-01 3.627159e+00
436 1.786739e-08 2.236148e-01 3.263281e+00
437 1.383658e-08 2.255961e-01 3.208048e+00
438 9.579805e-09 3.076463e-01 3.248244e+00
439 8.793280e-09 8.210238e-02 3.198380e+00
440 1.196040e-08 3.601755e-01 3.215769e+00
441 1.048754e-08 1.231448e-01 3.214218e+00
442 1.025039e-08 2.261273e-02 3.263563e+00
443 8.547666e-09 1.661131e-01 3.463829e+00
444 1.311885e-08 5.347873e-01 3.311278e+00
445 1.094476e-08 1.657225e-01 3.464705e+00
446 8.105394e-09 2.594270e-01 4.158710e+00
447 9.418931e-09 1.620571e-01 3.614035e+00
448 1.380981e-08 4.661763e-01 3.191752e+00
449 1.740338e-08 2.602182e-01 3.231694e+00
450 6.356841e-09 6.347352e-01 3.231779e+00
451 6.590859e-09 3.681361e-02 3.199551e+00
452 7.908579e-09 1.999315e-01 3.224331e+00
453 6.456620e-09 1.835930e-01 3.231258e+00
454 7.213561e-09 1.172349e-01 3.255582e+00
455 6.266766e-09 1.312521e-01 3.239581e+00
456 1.060993e-08 6.930472e-01 3.247201e+00
457 1.241934e-08 1.705394e-01 3.248177e+00
458 9.860402e-09 2.060447e-01 3.391099e+00
459 6.033167e-09 3.881419e-01 3.374000e+00
460 8.586912e-09 4.232843e-01 3.597716e+00
461 6.353061e-09 2.601459e-01 3.711834e+00
462 4.971885e-09 2.174032e-01 3.207849e+00
463 5.312282e-09 6.846431e-02 3.198024e+00
464 5.992907e-09 1.281228e-01 3.312644e+00
465 4.299898e-09 2.825020e-01 3.447745e+00
466 6.684617e-09 5.545987e-01 3.231658e+00
467 6.664110e-09 3.067696e-03 3.239671e+00
468 4.201864e-09 3.694786e-01 3.167354e+00
469 6.027219e-09 4.344154e-01 3.199468e+00
470 3.566098e-09 4.083344e-01 3.223607e+00
471 5.036622e-09 4.123623e-01 3.207462e+00
472 4.622599e-09 8.220248e-02 3.215636e+00
473 7.123761e-09 5.410724e-01 3.271796e+00
474 5.983118e-09 1.601181e-01 3.319910e+00
475 4.460662e-09 2.544585e-01 3.328216e+00
476 6.516178e-09 4.608096e-01 3.350900e+00
477 8.424002e-09 2.927825e-01 3.439948e+00
478 3.979889e-09 5.275537e-01 3.311560e+00
479 3.633194e-09 8.711163e-02 3.191391e+00
480 7.170679e-09 9.736572e-01 3.279368e+00
481 4.045205e-09 4.358686e-01 3.335773e+00
482 5.105315e-09 2.620657e-01 3.397631e+00
483 3.268771e-09 3.597317e-01 4.151504e+00
484 2.732779e-09 1.639737e-01 3.440246e+00
485 3.805496e-09 3.925371e-01 3.246548e+00
486 4.734477e-09 2.441157e-01 3.311681e+00
487 5.210989e-09 1.006473e-01 3.333569e+00
488 2.194452e-09 5.788801e-01 3.318288e+00
489 2.297117e-09 4.678425e-02 3.264256e+00
490 2.410029e-09 4.915379e-02 3.207952e+00
491 3.171374e-09 3.159068e-01 3.303299e+00
492 2.547356e-09 1.967658e-01 3.224251e+00
493 3.115205e-09 2.229169e-01 3.239499e+00
494 2.757505e-09 1.148238e-01 3.231886e+00
495 4.550168e-09 6.501032e-01 3.334377e+00
496 2.070640e-09 5.449312e-01 3.207700e+00
497 2.956929e-09 4.280269e-01 3.184084e+00
498 4.737510e-09 6.021723e-01 3.103166e+00
499 3.247806e-09 3.144486e-01 3.055694e+00
500 2.806011e-09 1.360290e-01 3.056679e+00
501 2.469260e-09 1.200105e-01 3.350476e+00
502 2.655079e-09 7.525293e-02 3.319854e+00
503 2.015331e-09 2.409526e-01 3.445451e+00
504 4.113611e-09 1.041159e+00 3.246525e+00
505 3.760256e-09 8.589906e-02 3.271476e+00
506 2.608180e-09 3.063822e-01 3.214767e+00
507 1.939150e-09 2.565122e-01 3.216025e+00
508 2.311886e-09 1.922163e-01 3.143366e+00
509 1.793738e-09 2.241235e-01 3.110181e+00
510 3.160502e-09 7.619635e-01 3.135876e+00
511 2.391844e-09 2.432074e-01 3.254207e+00
512 3.266896e-09 3.658482e-01 3.240424e+00
513 3.356644e-09 2.747194e-02 3.286293e+00
514 2.988124e-09 1.097884e-01 3.335787e+00
515 2.893945e-09 3.151766e-02 3.312209e+00
516 1.345614e-09 5.350242e-01 3.198888e+00
517 1.298342e-09 3.513072e-02 3.255686e+00
518 2.609435e-09 1.009821e+00 3.271396e+00
519 3.562957e-09 3.654134e-01 3.286937e+00
520 2.168235e-09 3.914507e-01 3.296593e+00
521 2.654395e-09 2.242192e-01 3.326843e+00
522 1.582317e-09 4.038878e-01 3.232116e+00
523 1.650526e-09 4.310661e-02 3.319286e+00
524 1.569282e-09 4.922264e-02 3.216333e+00
525 1.571966e-09 1.710172e-03 3.327694e+00
526 1.067402e-09 3.209764e-01 3.407587e+00
527 1.971344e-09 8.468616e-01 3.503847e+00
528 1.415610e-09 2.819060e-01 3.173452e+00
529 1.346843e-09 4.857810e-02 3.151207e+00
530 1.836256e-09 3.633779e-01 3.255902e+00
531 1.968236e-09 7.187463e-02 3.207594e+00
532 1.120597e-09 4.306592e-01 3.127579e+00
533 1.189255e-09 6.126900e-02 3.151541e+00
534 1.579544e-09 3.281796e-01 3.200173e+00
535 1.894113e-09 1.991521e-01 3.191665e+00
536 9.577835e-10 4.943368e-01 3.199483e+00
537 8.857677e-10 7.519010e-02 3.248044e+00
538 8.859786e-10 2.381464e-04 3.415009e+00
539 1.133986e-09 2.799244e-01 3.248130e+00
540 1.233267e-09 8.755061e-02 3.397117e+00
541 8.748442e-10 2.906286e-01 3.103556e+00
542 1.159652e-09 3.255528e-01 3.128247e+00
543 1.993804e-09 7.193123e-01 3.109367e+00
544 9.525989e-10 5.222205e-01 3.144554e+00
545 9.657851e-10 1.384237e-02 3.143811e+00
546 9.577553e-10 8.314271e-03 3.103242e+00
547 9.114790e-10 4.831747e-02 3.263827e+00
548 1.757050e-09 9.276911e-01 3.215175e+00
549 8.011439e-10 5.440403e-01 3.239907e+00
550 1.002232e-09 2.510010e-01 3.199968e+00
551 9.556639e-10 4.646427e-02 3.230928e+00
552 4.637000e-10 5.147876e-01 3.192036e+00
553 9.657698e-10 1.082747e+00 3.231275e+00
554 6.530073e-10 3.238479e-01 3.208018e+00
555 4.868900e-10 2.543882e-01 3.143672e+00
556 6.883835e-10 4.138378e-01 3.248035e+00
557 9.265935e-10 3.460426e-01 3.327503e+00
558 8.162007e-10 1.191383e-01 3.661773e+00
559 5.499888e-10 3.261598e-01 3.072298e+00
560 1.255205e-09 1.282237e+00 3.415437e+00
561 3.727347e-10 7.030486e-01 3.255602e+00
562 4.200447e-10 1.269266e-01 3.223327e+00
563 4.098829e-10 2.419209e-02 3.176264e+00
564 4.628993e-10 1.293452e-01 3.127540e+00
565 4.546886e-10 1.773745e-02 3.024405e+00
566 4.788876e-10 5.322098e-02 2.998945e+00
567 7.536683e-10 5.737897e-01 2.935662e+00
568 4.552508e-10 3.959534e-01 2.903394e+00
569 6.815465e-10 4.970790e-01 3.126741e+00
570 8.828294e-10 2.953326e-01 3.224092e+00
571 4.562726e-10 4.831701e-01 3.223485e+00
572 4.670097e-10 2.353216e-02 3.247531e+00
573 6.283885e-10 3.455577e-01 3.248092e+00
574 7.373638e-10 1.734204e-01 3.150566e+00
575 3.567573e-10 5.161720e-01 3.175853e+00
576 3.857024e-10 8.113378e-02 3.271920e+00
577 3.779145e-10 2.019143e-02 3.295223e+00
578 4.112806e-10 8.829005e-02 3.295346e+00
579 5.377826e-10 3.075809e-01 3.232091e+00
580 3.411192e-10 3.656930e-01 3.328030e+00
581 3.184504e-10 6.645438e-02 3.255841e+00
582 2.013770e-10 3.676345e-01 3.191646e+00
583 4.477597e-10 1.223490e+00 3.167292e+00
584 2.782000e-10 3.786846e-01 3.151640e+00
585 2.721487e-10 2.175151e-02 3.328375e+00
586 3.394973e-10 2.474697e-01 3.287399e+00
587 3.319417e-10 2.225532e-02 3.128046e+00
588 7.153983e-10 1.155193e+00 3.063466e+00
589 3.048505e-10 5.738731e-01 3.000017e+00
590 4.543302e-10 4.903380e-01 3.295001e+00
591 3.853274e-10 1.518781e-01 3.135946e+00
592 3.077439e-10 2.013443e-01 2.992229e+00
593 4.095453e-10 3.307989e-01 3.007063e+00
594 3.758096e-10 8.237351e-02 2.878833e+00
595 2.041243e-10 4.568413e-01 2.943671e+00
596 2.207386e-10 8.139344e-02 2.928038e+00
597 4.411992e-10 9.987401e-01 2.880073e+00
598 3.116600e-10 2.936070e-01 3.119745e+00
599 2.187700e-10 2.980492e-01 3.271275e+00
600 2.570099e-10 1.747948e-01 3.239990e+00
601 2.604446e-10 1.336407e-02 3.070718e+00
602 1.924895e-10 2.609196e-01 3.031701e+00
603 2.804108e-10 4.567592e-01 2.927791e+00
604 1.886943e-10 3.270791e-01 2.856272e+00
605 1.420689e-10 2.470948e-01 2.879656e+00
606 3.076773e-10 1.165691e+00 2.799541e+00
607 2.175254e-10 2.930079e-01 2.879610e+00
608 4.411840e-10 1.028195e+00 2.999579e+00
609 1.635407e-10 6.293140e-01 3.087973e+00
610 1.931048e-10 1.807746e-01 2.870868e+00
611 1.216262e-10 3.701545e-01 3.056821e+00
612 1.269542e-10 4.380695e-02 3.478475e+00
613 2.718895e-10 1.141634e+00 3.240309e+00
614 2.747653e-10 1.057713e-02 3.207599e+00
615 1.903622e-10 3.071827e-01 3.199761e+00
616 1.832453e-10 3.738591e-02 3.183139e+00
617 8.656642e-11 5.275927e-01 2.960377e+00
