1 9.999130e-01 1.000000e+00 3.992226e+00
2 9.998519e-01 6.114305e-05 3.927337e+00
3 9.997851e-01 6.684170e-05 3.710766e+00
4 9.997793e-01 5.761475e-06 3.879731e+00
5 9.995945e-01 1.848888e-04 3.749388e+00
6 9.987491e-01 8.456928e-04 3.671811e+00
7 9.987268e-01 2.230388e-05 3.855701e+00
8 9.985489e-01 1.781264e-04 3.679979e+00
9 9.974677e-01 1.082835e-03 3.926733e+00
10 9.968439e-01 6.253244e-04 3.768003e+00
11 9.966404e-01 2.042032e-04 3.839454e+00
12 9.932400e-01 3.411782e-03 4.135564e+00
13 9.849686e-01 8.327720e-03 3.967009e+00
14 9.849515e-01 1.736631e-05 3.808082e+00
15 9.849664e-01 1.515105e-05 3.535559e+00
16 9.848674e-01 1.005094e-04 3.607198e+00
17 9.848322e-01 3.583221e-05 3.759988e+00
18 9.847892e-01 4.360625e-05 3.623353e+00
19 9.847778e-01 1.157365e-05 3.544296e+00
20 9.847681e-01 9.863889e-06 3.757462e+00
21 9.845382e-01 2.335002e-04 3.768278e+00
22 9.844337e-01 1.060521e-04 3.823657e+00
23 9.844979e-01 6.522027e-05 3.863874e+00
24 9.844785e-01 1.974438e-05 3.863317e+00
25 9.843316e-01 1.492048e-04 3.799333e+00
26 9.843978e-01 6.722344e-05 3.967161e+00
27 9.826297e-01 1.796162e-03 3.832058e+00
28 9.827363e-01 1.085145e-04 3.760036e+00
29 9.826893e-01 4.778912e-05 3.775658e+00
30 9.827230e-01 3.432431e-05 3.822155e+00
31 9.826180e-01 1.069133e-04 3.711841e+00
32 9.827080e-01 9.162533e-05 3.677869e+00
33 9.763709e-01 6.448613e-03 3.679262e+00
34 9.712082e-01 5.287641e-03 3.799142e+00
35 9.708553e-01 3.633434e-04 4.519242e+00
36 9.707312e-01 1.278511e-04 3.982915e+00
37 9.708095e-01 8.062461e-05 3.927450e+00
38 9.707776e-01 3.281456e-05 3.703976e+00
39 9.707897e-01 1.249496e-05 3.791751e+00
40 9.617550e-01 9.306571e-03 3.791201e+00
41 9.618172e-01 6.463074e-05 3.711880e+00
42 9.617213e-01 9.971057e-05 3.728053e+00
43 9.621324e-01 4.275189e-04 3.736287e+00
44 9.616443e-01 5.072987e-04 3.584620e+00
45 9.607953e-01 8.829513e-04 3.591374e+00
46 9.605053e-01 3.017956e-04 4.373702e+00
47 9.604303e-01 7.807203e-05 4.203812e+00
48 9.604669e-01 3.812931e-05 3.551242e+00
49 9.332670e-01 2.831947e-02 3.639944e+00
50 9.315322e-01 1.858841e-03 3.704206e+00
51 9.131881e-01 1.969246e-02 3.655715e+00
52 9.124324e-01 8.274336e-04 3.677801e+00
53 9.023612e-01 1.103775e-02 3.688013e+00
54 9.020461e-01 3.492412e-04 3.703094e+00
55 9.018504e-01 2.169502e-04 3.631727e+00
56 9.020832e-01 2.581777e-04 3.647502e+00
57 9.015713e-01 5.675333e-04 3.799235e+00
58 9.017174e-01 1.620760e-04 3.892853e+00
59 9.015626e-01 1.717224e-04 3.735346e+00
60 9.012742e-01 3.198684e-04 3.656623e+00
61 9.023422e-01 1.184982e-03 3.591024e+00
62 8.158404e-01 9.586359e-02 3.776084e+00
63 8.117069e-01 5.066531e-03 3.783950e+00
64 8.112988e-01 5.028503e-04 3.589767e+00
65 4.972275e-01 3.871215e-01 3.672611e+00
66 4.517133e-01 9.153610e-02 3.727784e+00
67 1.892903e-01 5.809503e-01 3.647748e+00
68 1.630933e-01 1.383961e-01 3.663197e+00
69 1.510372e-01 7.392169e-02 3.608333e+00
70 1.413319e-01 6.425743e-02 4.006791e+00
71 1.455542e-01 2.987520e-02 3.807886e+00
72 1.261669e-01 1.331967e-01 3.887284e+00
73 1.257380e-01 3.399409e-03 3.743466e+00
74 1.157833e-01 7.917025e-02 3.495750e+00
75 1.138790e-01 1.644691e-02 3.679788e+00
76 1.111008e-01 2.439614e-02 3.767478e+00
77 1.082284e-01 2.585363e-02 3.679250e+00
78 1.014347e-01 6.277176e-02 3.615450e+00
79 9.899788e-02 2.402396e-02 4.024200e+00
80 9.962060e-02 6.290261e-03 3.751667e+00
81 5.878273e-02 4.099340e-01 3.792151e+00
82 5.959702e-02 1.385242e-02 3.614767e+00
83 5.272186e-02 1.153608e-01 3.591877e+00
84 5.342503e-02 1.333729e-02 3.447821e+00
85 4.734808e-02 1.137472e-01 3.615829e+00
86 3.524918e-02 2.555310e-01 3.631035e+00
87 3.367116e-02 4.476745e-02 3.600329e+00
88 3.261979e-02 3.122470e-02 3.559009e+00
89 3.207778e-02 1.661586e-02 3.907231e+00
90 3.195430e-02 3.849512e-03 3.863728e+00
91 3.055781e-02 4.370278e-02 3.881566e+00
92 3.014830e-02 1.340126e-02 3.552670e+00
93 2.830537e-02 6.112875e-02 3.630962e+00
94 2.821876e-02 3.059609e-03 4.048224e+00
95 2.628666e-02 6.846869e-02 3.519976e+00
96 2.481237e-02 5.608527e-02 3.583358e+00
97 2.706725e-02 9.087743e-02 3.629775e+00
98 2.283605e-02 1.563218e-01 3.527602e+00
99 1.965308e-02 1.393838e-01 3.567353e+00
100 1.731917e-02 1.187554e-01 3.663980e+00
101 1.523391e-02 1.204019e-01 3.703609e+00
102 1.555316e-02 2.095699e-02 3.799511e+00
103 1.455649e-02 6.408164e-02 3.742960e+00
104 1.314823e-02 9.674416e-02 3.527235e+00
105 1.507499e-02 1.465411e-01 3.503484e+00
106 1.031761e-02 3.155811e-01 3.424400e+00
107 9.707426e-03 5.913991e-02 3.519611e+00
108 9.204767e-03 5.178085e-02 3.407744e+00
109 7.362493e-03 2.001435e-01 3.335392e+00
110 6.381422e-03 1.332525e-01 3.224445e+00
111 5.460639e-03 1.442912e-01 3.279582e+00
112 4.732826e-03 1.332835e-01 3.519259e+00
113 5.288559e-03 1.174209e-01 3.511491e+00
114 5.175683e-03 2.134337e-02 3.462439e+00
115 5.526609e-03 6.780284e-02 3.246016e+00
116 4.448002e-03 1.951663e-01 3.278176e+00
117 4.125586e-03 7.248538e-02 3.255524e+00
118 4.114089e-03 2.786752e-03 3.280355e+00
119 3.507951e-03 1.473324e-01 3.303586e+00
120 3.321576e-03 5.312929e-02 3.304077e+00
121 3.399695e-03 2.351853e-02 3.279931e+00
122 2.995086e-03 1.190132e-01 3.310892e+00
123 2.877544e-03 3.924507e-02 3.279801e+00
124 3.437487e-03 1.945907e-01 3.360002e+00
125 3.010693e-03 1.241586e-01 3.359364e+00
126 3.094465e-03 2.782488e-02 3.568167e+00
127 3.117864e-03 7.561259e-03 3.287475e+00
128 2.555428e-03 1.803912e-01 3.231429e+00
129 2.821223e-03 1.040118e-01 3.264212e+00
130 2.742827e-03 2.778794e-02 3.239630e+00
131 2.734550e-03 3.017574e-03 3.271676e+00
132 2.470628e-03 9.651382e-02 3.231970e+00
133 2.279620e-03 7.731157e-02 3.287129e+00
134 2.275626e-03 1.752237e-03 3.296468e+00
135 1.952875e-03 1.418296e-01 3.359490e+00
136 2.361111e-03 2.090438e-01 3.247036e+00
137 1.822435e-03 2.281452e-01 3.376602e+00
138 1.804784e-03 9.685364e-03 3.551122e+00
139 2.191906e-03 2.144980e-01 3.392108e+00
140 1.974595e-03 9.914282e-02 3.247998e+00
141 2.171390e-03 9.966379e-02 3.391100e+00
142 1.720298e-03 2.077434e-01 3.271820e+00
143 2.153559e-03 2.518523e-01 3.279685e+00
144 1.396564e-03 3.515091e-01 3.264248e+00
145 2.040289e-03 4.609352e-01 3.382888e+00
146 1.470410e-03 2.793127e-01 3.368189e+00
147 1.693783e-03 1.519118e-01 3.463764e+00
148 1.201553e-03 2.906099e-01 3.216089e+00
149 1.731657e-03 4.411819e-01 3.373759e+00
150 1.577393e-03 8.908414e-02 3.240349e+00
151 1.014918e-03 3.565855e-01 3.239901e+00
152 1.278163e-03 2.593763e-01 3.239882e+00
153 1.033456e-03 1.914521e-01 3.511065e+00
154 1.216772e-03 1.773814e-01 3.423379e+00
155 1.135652e-03 6.666818e-02 3.271742e+00
156 1.520411e-03 3.388003e-01 3.311543e+00
157 1.400218e-03 7.905355e-02 3.240178e+00
158 1.379898e-03 1.451202e-02 3.271225e+00
159 9.516136e-04 3.103737e-01 3.239021e+00
160 1.025572e-03 7.771860e-02 3.335720e+00
161 1.077359e-03 5.049640e-02 3.160534e+00
162 8.397280e-04 2.205683e-01 3.223885e+00
163 9.930860e-04 1.826283e-01 3.191177e+00
164 1.135191e-03 1.430943e-01 3.294355e+00
165 9.915656e-04 1.265209e-01 3.222962e+00
166 1.205702e-03 2.159583e-01 3.343186e+00
167 8.856193e-04 2.654744e-01 3.414120e+00
168 7.939543e-04 1.035038e-01 3.587679e+00
169 1.170943e-03 4.748247e-01 3.589065e+00
170 1.007318e-03 1.397378e-01 3.272554e+00
171 9.929991e-04 1.421523e-02 3.319525e+00
172 7.346300e-04 2.601907e-01 3.255294e+00
173 9.060396e-04 2.333278e-01 3.215603e+00
174 6.375837e-04 2.962960e-01 3.152252e+00
175 7.604667e-04 1.927324e-01 3.343233e+00
176 5.217598e-04 3.138953e-01 3.406766e+00
177 5.965096e-04 1.432647e-01 3.295024e+00
178 8.597382e-04 4.412814e-01 3.269232e+00
179 7.709219e-04 1.033062e-01 3.310626e+00
180 5.312846e-04 3.108451e-01 3.375888e+00
181 7.768888e-04 4.622837e-01 3.351812e+00
182 7.655557e-04 1.458784e-02 3.559212e+00
183 7.868173e-04 2.777273e-02 3.231399e+00
184 7.370052e-04 6.330828e-02 3.160208e+00
185 5.804086e-04 2.124769e-01 3.167944e+00
186 6.652184e-04 1.461207e-01 3.207650e+00
187 6.442227e-04 3.156208e-02 3.204007e+00
188 7.227715e-04 1.219281e-01 3.231862e+00
189 6.664519e-04 7.792173e-02 3.239228e+00
190 5.059311e-04 2.408588e-01 3.104013e+00
191 6.008258e-04 1.875645e-01 3.111499e+00
192 6.903926e-04 1.490729e-01 3.223896e+00
193 7.128017e-04 3.245849e-02 3.358111e+00
194 6.660634e-04 6.556990e-02 3.400052e+00
195 4.575137e-04 3.131079e-01 3.390447e+00
196 6.139321e-04 3.418880e-01 3.223701e+00
197 6.501132e-04 5.893344e-02 3.216214e+00
198 5.024530e-04 2.271300e-01 3.263870e+00
199 5.154776e-04 2.592196e-02 3.247549e+00
200 4.027879e-04 2.186122e-01 3.151674e+00
201 4.900188e-04 2.165680e-01 3.151474e+00
202 5.393339e-04 1.006392e-01 3.055968e+00
203 5.312354e-04 1.501575e-02 3.087485e+00
204 3.250240e-04 3.881733e-01 3.271238e+00
205 4.001212e-04 2.310512e-01 3.335687e+00
206 4.957334e-04 2.389581e-01 3.616007e+00
207 4.220322e-04 1.486710e-01 3.356406e+00
208 3.973266e-04 5.853951e-02 3.199066e+00
209 5.221186e-04 3.140790e-01 3.199953e+00
210 3.774110e-04 2.771547e-01 3.240075e+00
211 5.871380e-04 5.556994e-01 3.255641e+00
212 3.454833e-04 4.115808e-01 3.159960e+00
213 5.556684e-04 6.083798e-01 3.223343e+00
214 3.185575e-04 4.267129e-01 3.223880e+00
215 5.437070e-04 7.067780e-01 3.224038e+00
216 4.013882e-04 2.617564e-01 3.215468e+00
217 5.340431e-04 3.304903e-01 3.295760e+00
218 4.432666e-04 1.699797e-01 3.366633e+00
219 4.814237e-04 8.608160e-02 3.326957e+00
220 3.788616e-04 2.130392e-01 3.470078e+00
221 4.365767e-04 1.523384e-01 3.327880e+00
222 4.290311e-04 1.728375e-02 3.271859e+00
223 4.587811e-04 6.934244e-02 3.255330e+00
224 2.924351e-04 3.625826e-01 3.198955e+00
225 4.156635e-04 4.213872e-01 3.295708e+00
226 3.458132e-04 1.680454e-01 3.270799e+00
227 4.123239e-04 1.923313e-01 3.199724e+00
228 3.551628e-04 1.386314e-01 3.221637e+00
229 3.740414e-04 5.315452e-02 3.231876e+00
230 3.485513e-04 6.814762e-02 3.216410e+00
231 4.371728e-04 2.542566e-01 3.182971e+00
232 3.375966e-04 2.277731e-01 3.247517e+00
233 4.120963e-04 2.206768e-01 3.336436e+00
234 3.287376e-04 2.022798e-01 3.485355e+00
235 4.193436e-04 2.756180e-01 3.374814e+00
236 2.912328e-04 3.055033e-01 3.247983e+00
237 3.337358e-04 1.459419e-01 3.239969e+00
238 2.803976e-04 1.598218e-01 3.215222e+00
239 3.987235e-04 4.219936e-01 3.232031e+00
240 3.236074e-04 1.883915e-01 3.293678e+00
241 3.752007e-04 1.594318e-01 3.214729e+00
242 2.721145e-04 2.747495e-01 3.359362e+00
243 3.676645e-04 3.511389e-01 3.312163e+00
244 2.992860e-04 1.859806e-01 3.399250e+00
245 3.552838e-04 1.871046e-01 3.335893e+00
246 2.982133e-04 1.606336e-01 3.288051e+00
247 3.733118e-04 2.518283e-01 3.498546e+00
248 2.662193e-04 2.868714e-01 3.175650e+00
249 3.612048e-04 3.567939e-01 3.287388e+00
250 2.774604e-04 2.318472e-01 3.239898e+00
251 3.456611e-04 2.458033e-01 3.215994e+00
252 2.738432e-04 2.077697e-01 3.239379e+00
253 3.364569e-04 2.286477e-01 3.190561e+00
254 2.584566e-04 2.318285e-01 3.295076e+00
255 2.769894e-04 7.170575e-02 3.407168e+00
256 2.160362e-04 2.200559e-01 3.287714e+00
257 2.622811e-04 2.140607e-01 3.104617e+00
258 2.486287e-04 5.205261e-02 3.246261e+00
259 3.201881e-04 2.878166e-01 3.239891e+00
260 2.374704e-04 2.583409e-01 3.231883e+00
261 2.856709e-04 2.029743e-01 3.207021e+00
262 2.387121e-04 1.643807e-01 3.231706e+00
263 2.890645e-04 2.109335e-01 3.207963e+00
264 2.335009e-04 1.922187e-01 3.199330e+00
265 2.615607e-04 1.201703e-01 3.120595e+00
266 2.248515e-04 1.403469e-01 3.183146e+00
267 2.170398e-04 3.474161e-02 3.255527e+00
268 1.925549e-04 1.128128e-01 3.312320e+00
269 2.007169e-04 4.238802e-02 3.240125e+00
270 1.695692e-04 1.551823e-01 3.295681e+00
271 2.169477e-04 2.794050e-01 3.191129e+00
272 1.798542e-04 1.709789e-01 3.255780e+00
273 2.181776e-04 2.130804e-01 3.206492e+00
274 1.838774e-04 1.572122e-01 3.231738e+00
275 2.226921e-04 2.110898e-01 3.224644e+00
276 2.027437e-04 8.957823e-02 3.254890e+00
277 2.316826e-04 1.427361e-01 3.309634e+00
278 1.795994e-04 2.248041e-01 3.304053e+00
279 2.242860e-04 2.488131e-01 3.384181e+00
280 1.790585e-04 2.016510e-01 3.263353e+00
281 1.892575e-04 5.695908e-02 3.278947e+00
282 1.358483e-04 2.822043e-01 3.310411e+00
283 1.757435e-04 2.936753e-01 3.303387e+00
284 1.763377e-04 3.380747e-03 3.200558e+00
285 2.046042e-04 1.602979e-01 3.247496e+00
286 2.006836e-04 1.916223e-02 3.303824e+00
287 2.011247e-04 2.198040e-03 3.223326e+00
288 1.696960e-04 1.562644e-01 3.248482e+00
289 1.748674e-04 3.047445e-02 3.638811e+00
290 1.774402e-04 1.471283e-02 3.503834e+00
291 1.888746e-04 6.444096e-02 3.516329e+00
292 1.505677e-04 2.028165e-01 3.287016e+00
293 1.856303e-04 2.328687e-01 3.319473e+00
294 1.744898e-04 6.001413e-02 3.567272e+00
295 1.836092e-04 5.226304e-02 3.279341e+00
296 1.681704e-04 8.408485e-02 3.207318e+00
297 1.612222e-04 4.131662e-02 3.391819e+00
298 1.434827e-04 1.100317e-01 3.279970e+00
299 1.839629e-04 2.821261e-01 3.311718e+00
300 1.636392e-04 1.104768e-01 3.279520e+00
301 1.676891e-04 2.474853e-02 3.479734e+00
302 1.517180e-04 9.524193e-02 3.366191e+00
303 1.519230e-04 1.351116e-03 3.368189e+00
304 1.383584e-04 8.928607e-02 3.344097e+00
305 1.692643e-04 2.233758e-01 3.406245e+00
306 1.551983e-04 8.310117e-02 3.367152e+00
307 1.562643e-04 6.869157e-03 3.216352e+00
308 1.559289e-04 2.146363e-03 3.287639e+00
309 1.319168e-04 1.539944e-01 3.374889e+00
310 1.199475e-04 9.073321e-02 3.198649e+00
311 1.288531e-04 7.424523e-02 3.232176e+00
312 1.269573e-04 1.471255e-02 3.358365e+00
313 1.310444e-04 3.219242e-02 3.423709e+00
314 9.172760e-05 3.000264e-01 4.206405e+00
315 1.344348e-04 4.655877e-01 3.655939e+00
316 1.134625e-04 1.560039e-01 3.191550e+00
317 1.077007e-04 5.078132e-02 3.056448e+00
318 9.935509e-05 7.748899e-02 3.207717e+00
319 1.212060e-04 2.199279e-01 3.278664e+00
320 1.031246e-04 1.491790e-01 3.295245e+00
321 9.778375e-05 5.179073e-02 3.319741e+00
322 1.079875e-04 1.043504e-01 3.400273e+00
323 1.028003e-04 4.803543e-02 3.303002e+00
324 1.182178e-04 1.499758e-01 3.216329e+00
325 1.088777e-04 7.900836e-02 3.231742e+00
326 1.031704e-04 5.241874e-02 3.239099e+00
327 9.221158e-05 1.062207e-01 3.311713e+00
328 9.891353e-05 7.268010e-02 3.240320e+00
329 1.229084e-04 2.425841e-01 3.375729e+00
330 1.001679e-04 1.850194e-01 3.327462e+00
331 1.016730e-04 1.502532e-02 3.327507e+00
332 8.427393e-05 1.711277e-01 3.351102e+00
333 8.935898e-05 6.033947e-02 3.383795e+00
334 9.908825e-05 1.088785e-01 3.271701e+00
335 9.906553e-05 2.292349e-04 3.415506e+00
336 9.308783e-05 6.034087e-02 3.375096e+00
337 8.742463e-05 6.083723e-02 3.351925e+00
338 8.635971e-05 1.218101e-02 3.264449e+00
339 7.530106e-05 1.280534e-01 3.279246e+00
340 7.901383e-05 4.930574e-02 3.303286e+00
341 8.294055e-05 4.969658e-02 3.287811e+00
342 9.184211e-05 1.073246e-01 3.271878e+00
343 7.281785e-05 2.071409e-01 3.319690e+00
344 7.916314e-05 8.713921e-02 3.262564e+00
345 5.675507e-05 2.830620e-01 3.230145e+00
346 8.478301e-05 4.938405e-01 3.280483e+00
347 6.467884e-05 2.371250e-01 3.303506e+00
348 8.108547e-05 2.536630e-01 3.239405e+00
349 5.287125e-05 3.479566e-01 3.334016e+00
350 6.446914e-05 2.193612e-01 3.359620e+00
351 6.810070e-05 5.633008e-02 3.224540e+00
352 6.854746e-05 6.560280e-03 3.215743e+00
353 7.370088e-05 7.518038e-02 3.254607e+00
354 7.384629e-05 1.972983e-03 3.325531e+00
355 8.035011e-05 8.807245e-02 3.261369e+00
356 6.725132e-05 1.630214e-01 3.310253e+00
357 6.496329e-05 3.402222e-02 3.319696e+00
358 6.191822e-05 4.687369e-02 3.263881e+00
359 6.352341e-05 2.592438e-02 3.415220e+00
360 6.561187e-05 3.287702e-02 3.887789e+00
361 6.824936e-05 4.019838e-02 3.652783e+00
362 6.307594e-05 7.580175e-02 3.279718e+00
363 5.866814e-05 6.988075e-02 3.293504e+00
364 6.369609e-05 8.570140e-02 3.343280e+00
365 5.859319e-05 8.011322e-02 3.328399e+00
366 6.736110e-05 1.496405e-01 3.271390e+00
367 6.635554e-05 1.492799e-02 3.271420e+00
368 5.896573e-05 1.113669e-01 3.357404e+00
369 6.751698e-05 1.450207e-01 3.384289e+00
370 5.656540e-05 1.622048e-01 3.231540e+00
371 5.497987e-05 2.803011e-02 3.135753e+00
372 5.705831e-05 3.780359e-02 3.151944e+00
373 6.337654e-05 1.107329e-01 3.254943e+00
374 5.483996e-05 1.346962e-01 3.229795e+00
375 5.366729e-05 2.138341e-02 3.304589e+00
376 5.511203e-05 2.692016e-02 3.510369e+00
377 5.679992e-05 3.062660e-02 3.445140e+00
378 5.624422e-05 9.783415e-03 3.486709e+00
379 5.259477e-05 6.488578e-02 3.335832e+00
380 6.031240e-05 1.467376e-01 3.318695e+00
381 4.952813e-05 1.788069e-01 3.440061e+00
382 5.476969e-05 1.058300e-01 3.270321e+00
383 4.608750e-05 1.585219e-01 3.255852e+00
384 5.266253e-05 1.426642e-01 3.304324e+00
385 4.799755e-05 8.858254e-02 3.392360e+00
386 4.614792e-05 3.853594e-02 3.231079e+00
387 5.850904e-05 2.678587e-01 3.199715e+00
388 4.720659e-05 1.931743e-01 3.375477e+00
389 4.801346e-05 1.709226e-02 3.607296e+00
390 4.852916e-05 1.074075e-02 3.578210e+00
391 3.207566e-05 3.390436e-01 3.263984e+00
392 4.464805e-05 3.919602e-01 3.359851e+00
393 4.140429e-05 7.265172e-02 3.351431e+00
394 4.924759e-05 1.894320e-01 3.296160e+00
395 4.590568e-05 6.785936e-02 3.358020e+00
396 4.056448e-05 1.163515e-01 3.296036e+00
397 3.896202e-05 3.950418e-02 3.296384e+00
398 3.860851e-05 9.073190e-03 3.271629e+00
399 4.881277e-05 2.643008e-01 3.487511e+00
400 4.087825e-05 1.625499e-01 3.367210e+00
401 4.436302e-05 8.524742e-02 3.495999e+00
402 3.518752e-05 2.068276e-01 3.550055e+00
403 4.237853e-05 2.043624e-01 3.615068e+00
404 3.600807e-05 1.503227e-01 3.351972e+00
405 3.784431e-05 5.099505e-02 3.359707e+00
406 3.466476e-05 8.401665e-02 3.351306e+00
407 3.567228e-05 2.906472e-02 3.407567e+00
408 3.233008e-05 9.369175e-02 3.367280e+00
409 3.269376e-05 1.124899e-02 3.255653e+00
410 3.289947e-05 6.292148e-03 3.295882e+00
411 3.633493e-05 1.044227e-01 3.311625e+00
412 3.028208e-05 1.665849e-01 3.264310e+00
413 2.817480e-05 6.958827e-02 3.494553e+00
414 3.648938e-05 2.951069e-01 3.493318e+00
415 2.354803e-05 3.546606e-01 3.382198e+00
416 3.142932e-05 3.346900e-01 3.264007e+00
417 3.330178e-05 5.957671e-02 3.439338e+00
418 2.816013e-05 1.543957e-01 3.328001e+00
419 2.841550e-05 9.068601e-03 3.278929e+00
420 2.608682e-05 8.195098e-02 3.294331e+00
421 2.864914e-05 9.822284e-02 3.327758e+00
422 3.011774e-05 5.126142e-02 3.271086e+00
423 2.986759e-05 8.305672e-03 3.360600e+00
424 3.017019e-05 1.013147e-02 3.311000e+00
425 2.952960e-05 2.123274e-02 3.487247e+00
426 2.351691e-05 2.036157e-01 3.423948e+00
427 3.107805e-05 3.215193e-01 3.494380e+00
428 2.574072e-05 1.717395e-01 3.280168e+00
429 2.543897e-05 1.172274e-02 3.246668e+00
430 2.922062e-05 1.486557e-01 3.391914e+00
431 2.793677e-05 4.393648e-02 3.278902e+00
432 2.502151e-05 1.043519e-01 3.288428e+00
433 2.965392e-05 1.851369e-01 3.262501e+00
434 2.630712e-05 1.128619e-01 3.256631e+00
435 3.213766e-05 2.216334e-01 3.247164e+00
436 2.680086e-05 1.660607e-01 3.239101e+00
437 2.609836e-05 2.621174e-02 3.319615e+00
438 2.569306e-05 1.552981e-02 4.096233e+00
439 1.947870e-05 2.418692e-01 3.715497e+00
440 1.983727e-05 1.840865e-02 3.279429e+00
441 2.545377e-05 2.831286e-01 3.159643e+00
442 2.626198e-05 3.175181e-02 3.335259e+00
443 2.656797e-05 1.165138e-02 3.247155e+00
444 2.106338e-05 2.071887e-01 3.167162e+00
445 1.922719e-05 8.717469e-02 3.247255e+00
446 1.739996e-05 9.503381e-02 3.207734e+00
447 2.458782e-05 4.130969e-01 3.439764e+00
448 2.446200e-05 5.117419e-03 3.192306e+00
449 2.366529e-05 3.256904e-02 3.343043e+00
450 2.071407e-05 1.247068e-01 3.303519e+00
451 2.006564e-05 3.130398e-02 3.216726e+00
452 2.172258e-05 8.257599e-02 3.143435e+00
453 2.130153e-05 1.938292e-02 3.127203e+00
454 2.347697e-05 1.021258e-01 3.176432e+00
455 1.974821e-05 1.588262e-01 4.031230e+00
456 1.859260e-05 5.851725e-02 3.726429e+00
457 2.031845e-05 9.282477e-02 3.080264e+00
458 2.002491e-05 1.444700e-02 3.159320e+00
459 2.011727e-05 4.611956e-03 3.142930e+00
460 1.785398e-05 1.125047e-01 3.111695e+00
461 2.177133e-05 2.194107e-01 3.200032e+00
462 1.672338e-05 2.318622e-01 3.423959e+00
463 1.872138e-05 1.194734e-01 3.239680e+00
464 1.940729e-05 3.663744e-02 3.279692e+00
465 1.968910e-05 1.452085e-02 3.254707e+00
466 1.789500e-05 9.112137e-02 3.376252e+00
467 1.968340e-05 9.993859e-02 3.271453e+00
468 1.612029e-05 1.810211e-01 3.238745e+00
469 1.909233e-05 1.843662e-01 3.231422e+00
470 1.643260e-05 1.393085e-01 3.407175e+00
471 1.999845e-05 2.169983e-01 3.223563e+00
472 1.889314e-05 5.527005e-02 3.351880e+00
473 1.693003e-05 1.039059e-01 3.583189e+00
474 1.778206e-05 5.032652e-02 3.208636e+00
475 1.781398e-05 1.794914e-03 3.222352e+00
476 1.437206e-05 1.932142e-01 3.143552e+00
477 1.591599e-05 1.074254e-01 3.295909e+00
478 1.625366e-05 2.121586e-02 3.247628e+00
479 1.387712e-05 1.462154e-01 3.223509e+00
480 1.545846e-05 1.139526e-01 3.288117e+00
481 1.716061e-05 1.101112e-01 3.311819e+00
482 1.411985e-05 1.771943e-01 3.375452e+00
483 1.736830e-05 2.300628e-01 3.270856e+00
484 1.365521e-05 2.137853e-01 3.822542e+00
485 1.210344e-05 1.136395e-01 3.295892e+00
486 1.201335e-05 7.443171e-03 3.215889e+00
487 1.278355e-05 6.411229e-02 3.279630e+00
488 1.382132e-05 8.117997e-02 3.327555e+00
489 1.416223e-05 2.466554e-02 3.071323e+00
490 1.189693e-05 1.599537e-01 3.190845e+00
491 1.275762e-05 7.234563e-02 3.055779e+00
492 1.503363e-05 1.784037e-01 3.095650e+00
493 1.539809e-05 2.424311e-02 3.182818e+00
494 1.351839e-05 1.220734e-01 3.079231e+00
495 1.600285e-05 1.837832e-01 3.134698e+00
496 1.227892e-05 2.327040e-01 3.351179e+00
497 1.229070e-05 9.590074e-04 3.359971e+00
498 1.200432e-05 2.330033e-02 3.134503e+00
499 1.416169e-05 1.797160e-01 3.080440e+00
500 1.328806e-05 6.168915e-02 3.151694e+00
501 1.623188e-05 2.215381e-01 3.199127e+00
502 1.111714e-05 3.151042e-01 3.152467e+00
503 1.187019e-05 6.773706e-02 3.119168e+00
504 9.501177e-06 1.995764e-01 3.272340e+00
505 1.217066e-05 2.809632e-01 3.064368e+00
506 1.029180e-05 1.543758e-01 3.248243e+00
507 9.426046e-06 8.412109e-02 3.239493e+00
508 9.543867e-06 1.249955e-02 3.550081e+00
509 1.117056e-05 1.704436e-01 3.351622e+00
510 1.262422e-05 1.301329e-01 3.460766e+00
511 1.160598e-05 8.065716e-02 3.271930e+00
512 1.098239e-05 5.373066e-02 3.294825e+00
513 1.177724e-05 7.237565e-02 3.263503e+00
514 9.655767e-06 1.801335e-01 3.319744e+00
515 9.128854e-06 5.456974e-02 3.255580e+00
516 8.587122e-06 5.934282e-02 3.296277e+00
517 9.914151e-06 1.545370e-01 3.286064e+00
518 1.036425e-05 4.539993e-02 3.376329e+00
519 1.187553e-05 1.458162e-01 3.263380e+00
520 9.771711e-06 1.771556e-01 3.327531e+00
521 1.177453e-05 2.049609e-01 3.320388e+00
522 9.341251e-06 2.066561e-01 3.231213e+00
523 1.100557e-05 1.781688e-01 3.232052e+00
524 9.370883e-06 1.485328e-01 3.184093e+00
525 1.077412e-05 1.497444e-01 3.239901e+00
526 8.331924e-06 2.266724e-01 3.279767e+00
527 9.552886e-06 1.465401e-01 3.159778e+00
528 8.985106e-06 5.943545e-02 3.199504e+00
529 1.038758e-05 1.560886e-01 3.248430e+00
530 8.629049e-06 1.692915e-01 3.294076e+00
531 8.371962e-06 2.979322e-02 3.400732e+00
532 7.419305e-06 1.137914e-01 3.383492e+00
533 8.395875e-06 1.316256e-01 3.344021e+00
534 8.026036e-06 4.405017e-02 3.215822e+00
535 8.122124e-06 1.197210e-02 3.278854e+00
536 7.501236e-06 7.644403e-02 3.232030e+00
537 8.317307e-06 1.087915e-01 3.288055e+00
538 7.667171e-06 7.816665e-02 3.255388e+00
539 8.458652e-06 1.032299e-01 3.336190e+00
540 6.932471e-06 1.804284e-01 3.279239e+00
541 7.622459e-06 9.952987e-02 3.336069e+00
542 8.988412e-06 1.792010e-01 3.384320e+00
543 7.667102e-06 1.470015e-01 3.192053e+00
544 6.565094e-06 1.437320e-01 3.295687e+00
545 8.437989e-06 2.852808e-01 3.608548e+00
546 7.169480e-06 1.503331e-01 3.463839e+00
547 6.456187e-06 9.949023e-02 3.047044e+00
548 8.218794e-06 2.730105e-01 3.206922e+00
549 7.583147e-06 7.734067e-02 3.207638e+00
550 8.506377e-06 1.217477e-01 3.343562e+00
551 7.354933e-06 1.353625e-01 3.279241e+00
552 7.948940e-06 8.076314e-02 3.303702e+00
553 8.619205e-06 8.432122e-02 3.317465e+00
554 6.613986e-06 2.326454e-01 3.247476e+00
555 8.055198e-06 2.179036e-01 3.207345e+00
556 7.317296e-06 9.160562e-02 3.263859e+00
557 7.217751e-06 1.360415e-02 3.535909e+00
558 6.838065e-06 5.260442e-02 3.478202e+00
559 7.457113e-06 9.052960e-02 3.304176e+00
560 8.189676e-06 9.823690e-02 3.207336e+00
561 8.174427e-06 1.862037e-03 3.287970e+00
562 6.613238e-06 1.909845e-01 3.215671e+00
563 7.329985e-06 1.083806e-01 3.216002e+00
564 6.477161e-06 1.163473e-01 3.247098e+00
565 6.869115e-06 6.051325e-02 3.263888e+00
566 6.564984e-06 4.427513e-02 3.213536e+00
567 8.554426e-06 3.030385e-01 3.262603e+00
568 5.842312e-06 3.170423e-01 3.255502e+00
569 7.921089e-06 3.558142e-01 3.368116e+00
570 6.400417e-06 1.919776e-01 3.167158e+00
571 6.593905e-06 3.023051e-02 3.239874e+00
572 6.113411e-06 7.286942e-02 3.199520e+00
573 6.411585e-06 4.877374e-02 3.336528e+00
574 6.219361e-06 2.998077e-02 3.230967e+00
575 6.660784e-06 7.097568e-02 3.176461e+00
576 5.849166e-06 1.218503e-01 3.198988e+00
577 6.013676e-06 2.812536e-02 3.151844e+00
578 6.624149e-06 1.015142e-01 3.103786e+00
579 5.985056e-06 9.647922e-02 3.983737e+00
580 6.804914e-06 1.369841e-01 4.127390e+00
581 7.417384e-06 9.000415e-02 3.343748e+00
582 5.459337e-06 2.639809e-01 3.303878e+00
583 6.607565e-06 2.103239e-01 3.439896e+00
584 5.270042e-06 2.024230e-01 3.263134e+00
585 5.521012e-06 4.762200e-02 3.327251e+00
586 5.235047e-06 5.179573e-02 3.405984e+00
587 4.374909e-06 1.643038e-01 3.303075e+00
588 5.567953e-06 2.727015e-01 3.287544e+00
589 5.287008e-06 5.045756e-02 3.287128e+00
590 4.485726e-06 1.515568e-01 3.295683e+00
591 4.716397e-06 5.142346e-02 3.502933e+00
592 4.474840e-06 5.121649e-02 3.511474e+00
593 4.416043e-06 1.313950e-02 3.279264e+00
594 4.402734e-06 3.013622e-03 3.248056e+00
595 4.113520e-06 6.568966e-02 3.351636e+00
596 5.233250e-06 2.722071e-01 3.191279e+00
597 5.309974e-06 1.466088e-02 3.198423e+00
598 4.255804e-06 1.985264e-01 3.247420e+00
599 4.244348e-06 2.691721e-03 3.232160e+00
600 4.391184e-06 3.459549e-02 3.358402e+00
601 3.899317e-06 1.120124e-01 3.319834e+00
602 4.634810e-06 1.886211e-01 3.245331e+00
603 5.533821e-06 1.939694e-01 3.431449e+00
604 4.151027e-06 2.498805e-01 3.448417e+00
605 5.342846e-06 2.871142e-01 3.600487e+00
606 4.129812e-06 2.270389e-01 3.271549e+00
607 3.718492e-06 9.959774e-02 3.311204e+00
608 3.796438e-06 2.096158e-02 3.232240e+00
609 3.805729e-06 2.447211e-03 3.269267e+00
610 4.467453e-06 1.738759e-01 3.332707e+00
611 4.525156e-06 1.291641e-02 3.327763e+00
612 3.600134e-06 2.044178e-01 3.270518e+00
613 3.504591e-06 2.653873e-02 3.264315e+00
614 4.153803e-06 1.852462e-01 3.294911e+00
615 4.621681e-06 1.126385e-01 3.479277e+00
616 4.375822e-06 5.319683e-02 3.277896e+00
617 4.829059e-06 1.035775e-01 3.511844e+00
618 3.727505e-06 2.281094e-01 3.383424e+00
619 4.112851e-06 1.033790e-01 3.590806e+00
620 3.512789e-06 1.458991e-01 3.407439e+00
621 3.728963e-06 6.153900e-02 3.127524e+00
622 3.820177e-06 2.446092e-02 3.279503e+00
623 3.930622e-06 2.891107e-02 3.279578e+00
624 4.075678e-06 3.690407e-02 3.311283e+00
625 3.899410e-06 4.324883e-02 3.431673e+00
626 3.381928e-06 1.327076e-01 3.423720e+00
627 3.461542e-06 2.354102e-02 3.359971e+00
628 3.426191e-06 1.021255e-02 3.287446e+00
629 3.650574e-06 6.549046e-02 3.336089e+00
630 3.533381e-06 3.210254e-02 3.335121e+00
631 3.774415e-06 6.821615e-02 3.575879e+00
632 3.394836e-06 1.005663e-01 3.455921e+00
633 3.113614e-06 8.283830e-02 3.485645e+00
634 3.135712e-06 7.097320e-03 3.303773e+00
635 2.976443e-06 5.079195e-02 3.279292e+00
636 3.888816e-06 3.065312e-01 3.383936e+00
637 3.207841e-06 1.751111e-01 3.295490e+00
638 3.145165e-06 1.953855e-02 3.352328e+00
639 3.916375e-06 2.452050e-01 3.335044e+00
640 3.276006e-06 1.635104e-01 3.391985e+00
641 3.206477e-06 2.122380e-02 3.350328e+00
642 3.186014e-06 6.381865e-03 3.335902e+00
643 3.694150e-06 1.594897e-01 3.423816e+00
644 3.110382e-06 1.580250e-01 3.383292e+00
645 3.496478e-06 1.241314e-01 3.223796e+00
646 2.886168e-06 1.745501e-01 3.167676e+00
647 3.205661e-06 1.106982e-01 3.111978e+00
648 2.625543e-06 1.809668e-01 3.221822e+00
649 2.782975e-06 5.996158e-02 3.159444e+00
650 2.745563e-06 1.344304e-02 3.399664e+00
651 2.983669e-06 8.672406e-02 3.311350e+00
652 3.190814e-06 6.942609e-02 3.287674e+00
653 3.308511e-06 3.688637e-02 3.287607e+00
654 3.199022e-06 3.309312e-02 3.368236e+00
655 2.630867e-06 1.776028e-01 3.255536e+00
656 2.733809e-06 3.912854e-02 3.296027e+00
657 2.956951e-06 8.162301e-02 3.271171e+00
658 2.594228e-06 1.226678e-01 3.472925e+00
659 3.047404e-06 1.746862e-01 3.279399e+00
660 2.119521e-06 3.044831e-01 3.295992e+00
661 3.059532e-06 4.435013e-01 3.239727e+00
662 2.073458e-06 3.222956e-01 3.280245e+00
663 2.818243e-06 3.591992e-01 3.326629e+00
664 2.416874e-06 1.424181e-01 3.245468e+00
665 2.579398e-06 6.724552e-02 3.303592e+00
666 2.277475e-06 1.170518e-01 3.215866e+00
667 2.680355e-06 1.768979e-01 3.254631e+00
668 2.146934e-06 1.990113e-01 3.295202e+00
669 2.420101e-06 1.272355e-01 3.311617e+00
670 2.235379e-06 7.632794e-02 3.280327e+00
671 2.563385e-06 1.467338e-01 3.255058e+00
672 2.370884e-06 7.509638e-02 3.264283e+00
673 2.753738e-06 1.614816e-01 3.359117e+00
674 1.880083e-06 3.172614e-01 3.583567e+00
675 1.890685e-06 5.638886e-03 3.510757e+00
676 1.706476e-06 9.742969e-02 3.248086e+00
677 2.291363e-06 3.427456e-01 3.311762e+00
678 1.842196e-06 1.960262e-01 3.288223e+00
679 2.377199e-06 2.904161e-01 3.303162e+00
680 1.984447e-06 1.652165e-01 3.271597e+00
681 2.001770e-06 8.729691e-03 3.328014e+00
682 1.904347e-06 4.866853e-02 3.320033e+00
683 2.142495e-06 1.250549e-01 3.303630e+00
684 1.867342e-06 1.284266e-01 3.319998e+00
685 2.202512e-06 1.794904e-01 3.223123e+00
686 1.846006e-06 1.618633e-01 3.431766e+00
687 1.944144e-06 5.316261e-02 3.406814e+00
688 1.982745e-06 1.985469e-02 3.552738e+00
689 2.476931e-06 2.492438e-01 3.399421e+00
690 1.749717e-06 2.935951e-01 3.287370e+00
691 2.038004e-06 1.647622e-01 3.368410e+00
692 1.837746e-06 9.826147e-02 3.318372e+00
693 1.587806e-06 1.360040e-01 3.294668e+00
694 1.745456e-06 9.928808e-02 3.367657e+00
695 1.604050e-06 8.101363e-02 3.328357e+00
696 1.668695e-06 4.030124e-02 3.303203e+00
697 2.115714e-06 2.678852e-01 3.295402e+00
698 1.576741e-06 2.547475e-01 3.495307e+00
699 1.578420e-06 1.064887e-03 3.703670e+00
700 1.591538e-06 8.310399e-03 3.515224e+00
701 1.580643e-06 6.845205e-03 3.271163e+00
702 1.590910e-06 6.495455e-03 3.248137e+00
703 1.901053e-06 1.949466e-01 3.263620e+00
704 1.332029e-06 2.993203e-01 3.383126e+00
705 1.680201e-06 2.613848e-01 3.279980e+00
706 1.317630e-06 2.157904e-01 3.335387e+00
707 1.384497e-06 5.074778e-02 3.328254e+00
708 1.195773e-06 1.363122e-01 3.263810e+00
709 1.655462e-06 3.844283e-01 3.207672e+00
710 1.538939e-06 7.038667e-02 3.383188e+00
711 1.329904e-06 1.358308e-01 3.375734e+00
712 1.344430e-06 1.092272e-02 3.613816e+00
713 1.481727e-06 1.021228e-01 3.295463e+00
714 1.295252e-06 1.258499e-01 3.247954e+00
715 1.665921e-06 2.861749e-01 3.319101e+00
716 1.399894e-06 1.596877e-01 3.318424e+00
717 1.342560e-06 4.095559e-02 3.383717e+00
718 1.313324e-06 2.177624e-02 3.311440e+00
719 1.436695e-06 9.393792e-02 3.318408e+00
720 1.322874e-06 7.922455e-02 3.238512e+00
721 1.671702e-06 2.636902e-01 3.222882e+00
722 1.263529e-06 2.441662e-01 3.287739e+00
723 1.515912e-06 1.997441e-01 3.247026e+00
724 1.208478e-06 2.028045e-01 3.335887e+00
725 1.243987e-06 2.938348e-02 3.349730e+00
726 1.312956e-06 5.544158e-02 3.248521e+00
727 1.421683e-06 8.281073e-02 3.327402e+00
728 1.222744e-06 1.399317e-01 3.271867e+00
729 1.431908e-06 1.710608e-01 3.391199e+00
730 1.196670e-06 1.642827e-01 3.399919e+00
731 1.235223e-06 3.221629e-02 3.558722e+00
732 1.148343e-06 7.033514e-02 3.727928e+00
733 1.341235e-06 1.679739e-01 3.295003e+00
734 1.022595e-06 2.375722e-01 3.320264e+00
735 1.164273e-06 1.385478e-01 3.255544e+00
736 1.139712e-06 2.109570e-02 3.295609e+00
737 1.324796e-06 1.623955e-01 3.319920e+00
738 1.161090e-06 1.235708e-01 3.272198e+00
739 1.319273e-06 1.362373e-01 3.311553e+00
740 1.133911e-06 1.405033e-01 3.263355e+00
741 1.211285e-06 6.823609e-02 3.255304e+00
742 1.039406e-06 1.418977e-01 3.279421e+00
743 1.167110e-06 1.228626e-01 3.366899e+00
744 1.080413e-06 7.428388e-02 3.367888e+00
745 1.077626e-06 2.579946e-03 3.271651e+00
746 9.580748e-07 1.109390e-01 3.272094e+00
747 1.037998e-06 8.342059e-02 3.295036e+00
748 1.082491e-06 4.286425e-02 3.288221e+00
749 1.104292e-06 2.013967e-02 3.277956e+00
750 9.713107e-07 1.204222e-01 3.310281e+00
751 1.029059e-06 5.945356e-02 3.215946e+00
752 9.490024e-07 7.779561e-02 3.135826e+00
753 9.786622e-07 3.125371e-02 3.191593e+00
754 8.997687e-07 8.061360e-02 3.295268e+00
755 1.039273e-06 1.550446e-01 3.303364e+00
756 1.007973e-06 3.011680e-02 3.325989e+00
757 9.538737e-07 5.367176e-02 3.335235e+00
758 9.784897e-07 2.580642e-02 3.615149e+00
759 9.638116e-07 1.500083e-02 4.329710e+00
760 1.181203e-06 2.255541e-01 3.373252e+00
761 1.199804e-06 1.574766e-02 3.247649e+00
762 8.810136e-07 2.657023e-01 3.159421e+00
763 1.111936e-06 2.621101e-01 3.151688e+00
764 8.975702e-07 1.927863e-01 3.192459e+00
765 9.254327e-07 3.104216e-02 3.199419e+00
766 7.500866e-07 1.894747e-01 3.295300e+00
767 9.205971e-07 2.273211e-01 3.310752e+00
768 8.203875e-07 1.088529e-01 3.431631e+00
769 9.911396e-07 2.081359e-01 3.358205e+00
770 6.856800e-07 3.081903e-01 3.680022e+00
771 7.865057e-07 1.470449e-01 3.431156e+00
772 7.416181e-07 5.707222e-02 3.590383e+00
773 8.712184e-07 1.747535e-01 3.303895e+00
774 8.230498e-07 5.528878e-02 3.367565e+00
775 6.590961e-07 1.992027e-01 3.351815e+00
776 7.486427e-07 1.358627e-01 3.159716e+00
777 6.834158e-07 8.712689e-02 3.447400e+00
778 7.859101e-07 1.499737e-01 3.287647e+00
779 7.828221e-07 3.929223e-03 3.192050e+00
780 7.405608e-07 5.398584e-02 3.168068e+00
781 8.846468e-07 1.945634e-01 3.287723e+00
782 7.930529e-07 1.035373e-01 3.503146e+00
783 8.560867e-07 7.948255e-02 3.472209e+00
784 7.414703e-07 1.338841e-01 3.510834e+00
785 7.567782e-07 2.064533e-02 3.336107e+00
786 6.519738e-07 1.384876e-01 3.287361e+00
787 7.184159e-07 1.019091e-01 3.271589e+00
788 6.609277e-07 8.002071e-02 3.224138e+00
789 7.101335e-07 7.444954e-02 3.271213e+00
790 6.431059e-07 9.438734e-02 3.280356e+00
791 7.353531e-07 1.434401e-01 3.271241e+00
792 5.507790e-07 2.510006e-01 3.239316e+00
793 6.556696e-07 1.904404e-01 3.231295e+00
794 6.068833e-07 7.440687e-02 3.296328e+00
795 7.543357e-07 2.429667e-01 3.247752e+00
796 5.624757e-07 2.543429e-01 3.310564e+00
797 5.977583e-07 6.272716e-02 3.286777e+00
798 5.711924e-07 4.444251e-02 3.407986e+00
799 5.785306e-07 1.284726e-02 3.303861e+00
800 5.344832e-07 7.613669e-02 3.247697e+00
801 5.235645e-07 2.042854e-02 3.167285e+00
802 5.955793e-07 1.375471e-01 3.087561e+00
803 5.005802e-07 1.595070e-01 3.855443e+00
804 5.040106e-07 6.852672e-03 4.163170e+00
805 6.285440e-07 2.470850e-01 3.350508e+00
806 5.664025e-07 9.886580e-02 3.199823e+00
807 5.914857e-07 4.428512e-02 3.135969e+00
808 5.009232e-07 1.531103e-01 3.167881e+00
809 6.034301e-07 2.046360e-01 3.190647e+00
810 4.878868e-07 1.914776e-01 3.119927e+00
811 5.828946e-07 1.947334e-01 3.303620e+00
812 5.296778e-07 9.129759e-02 3.264416e+00
813 5.190801e-07 2.000770e-02 3.391510e+00
814 5.787386e-07 1.149311e-01 3.343631e+00
815 5.517622e-07 4.661225e-02 3.352196e+00
816 5.698417e-07 3.276678e-02 3.502927e+00
817 6.493763e-07 1.395732e-01 3.359630e+00
818 4.663542e-07 2.818430e-01 3.263966e+00
819 5.108759e-07 9.546763e-02 3.239696e+00
820 4.324900e-07 1.534343e-01 3.367010e+00
821 4.617787e-07 6.772092e-02 3.200185e+00
822 4.229022e-07 8.418840e-02 3.239539e+00
823 5.027226e-07 1.887442e-01 3.255697e+00
824 4.875999e-07 3.008147e-02 3.295791e+00
825 5.761673e-07 1.816394e-01 3.263978e+00
826 4.640202e-07 1.946433e-01 3.255196e+00
827 4.518219e-07 2.628818e-02 3.270851e+00
828 4.285046e-07 5.160732e-02 3.527956e+00
829 4.369584e-07 1.972864e-02 3.539975e+00
830 4.290325e-07 1.813890e-02 3.320093e+00
831 4.800102e-07 1.188202e-01 3.328370e+00
832 3.454996e-07 2.802245e-01 3.255595e+00
833 3.822842e-07 1.064678e-01 3.087608e+00
834 3.377670e-07 1.164506e-01 3.136139e+00
835 3.433193e-07 1.643837e-02 3.279123e+00
836 3.812610e-07 1.105142e-01 3.254115e+00
837 3.451106e-07 9.481802e-02 3.286570e+00
838 3.620988e-07 4.922539e-02 3.255620e+00
839 3.974243e-07 9.755790e-02 3.311779e+00
840 3.523393e-07 1.134431e-01 3.319896e+00
841 4.352727e-07 2.353794e-01 3.239744e+00
842 3.489986e-07 1.982070e-01 3.326924e+00
843 4.625287e-07 3.253025e-01 3.344140e+00
844 3.022831e-07 3.464554e-01 3.399555e+00
845 3.054196e-07 1.037587e-02 3.302438e+00
846 2.929763e-07 4.074149e-02 3.216236e+00
847 3.844694e-07 3.122881e-01 3.239541e+00
848 3.142042e-07 1.827589e-01 3.239636e+00
849 3.694424e-07 1.758036e-01 3.287748e+00
850 2.710281e-07 2.663860e-01 3.271268e+00
851 3.644846e-07 3.448221e-01 3.239771e+00
852 2.770813e-07 2.397997e-01 3.271881e+00
853 2.812574e-07 1.507168e-02 3.383746e+00
854 3.165311e-07 1.254144e-01 3.351312e+00
855 2.888922e-07 8.731834e-02 3.615069e+00
856 3.143374e-07 8.807871e-02 3.590276e+00
857 3.898138e-07 2.401125e-01 3.359181e+00
858 2.733844e-07 2.986795e-01 3.383791e+00
859 3.378040e-07 2.356375e-01 3.279723e+00
860 2.693356e-07 2.026866e-01 3.247004e+00
861 2.762150e-07 2.554184e-02 3.343792e+00
862 2.858780e-07 3.498388e-02 3.248002e+00
863 3.146906e-07 1.007863e-01 3.279511e+00
864 2.510976e-07 2.020813e-01 3.336040e+00
865 3.222771e-07 2.834737e-01 3.327805e+00
866 2.485788e-07 2.286800e-01 3.279519e+00
867 2.715076e-07 9.223979e-02 3.432061e+00
868 2.278435e-07 1.608212e-01 3.519099e+00
869 2.606997e-07 1.442052e-01 3.983757e+00
870 2.698915e-07 3.525838e-02 3.239349e+00
871 2.897402e-07 7.354301e-02 3.208207e+00
872 2.462196e-07 1.502054e-01 3.239389e+00
873 2.695082e-07 9.458465e-02 3.247942e+00
874 2.274883e-07 1.559133e-01 3.279532e+00
875 2.755654e-07 2.113387e-01 3.247887e+00
876 2.258987e-07 1.802356e-01 3.296220e+00
877 2.411306e-07 6.742811e-02 3.350878e+00
878 2.245155e-07 6.890499e-02 3.255610e+00
879 2.430093e-07 8.237201e-02 3.279608e+00
880 2.346547e-07 3.437980e-02 3.288095e+00
881 2.650329e-07 1.294590e-01 3.247737e+00
882 2.349023e-07 1.136860e-01 3.192158e+00
883 2.240869e-07 4.604235e-02 3.207587e+00
884 2.001025e-07 1.070315e-01 3.254949e+00
885 2.287070e-07 1.429491e-01 3.231708e+00
886 2.290099e-07 1.324489e-03 3.303425e+00
887 1.960669e-07 1.438499e-01 3.240250e+00
888 2.246959e-07 1.460167e-01 3.295299e+00
889 2.413847e-07 7.427284e-02 3.223739e+00
890 1.838839e-07 2.382121e-01 3.207101e+00
891 2.158299e-07 1.737293e-01 3.256056e+00
892 2.373917e-07 9.990167e-02 3.271880e+00
893 2.799625e-07 1.793270e-01 3.063071e+00
894 1.986070e-07 2.905940e-01 3.231725e+00
895 2.330717e-07 1.735319e-01 3.239758e+00
896 2.056552e-07 1.176313e-01 3.311979e+00
897 1.962850e-07 4.556239e-02 3.271270e+00
898 1.919645e-07 2.201131e-02 3.255911e+00
899 2.021947e-07 5.329191e-02 3.223973e+00
900 1.775066e-07 1.221004e-01 3.240230e+00
901 2.297008e-07 2.940407e-01 3.247721e+00
902 2.001280e-07 1.287450e-01 3.239908e+00
903 2.053518e-07 2.610247e-02 3.239556e+00
904 2.047001e-07 3.173577e-03 3.248008e+00
905 1.937935e-07 5.328121e-02 3.239491e+00
906 2.155431e-07 1.122310e-01 3.303927e+00
907 2.234226e-07 3.655668e-02 3.263286e+00
908 1.850320e-07 1.718294e-01 3.799881e+00
909 1.897250e-07 2.536295e-02 4.102976e+00
910 1.737501e-07 8.420003e-02 3.071992e+00
911 1.887415e-07 8.628108e-02 3.071264e+00
912 1.901570e-07 7.499758e-03 3.176071e+00
913 2.198092e-07 1.559351e-01 3.135166e+00
914 1.742743e-07 2.071563e-01 3.119975e+00
915 2.036284e-07 1.684362e-01 3.232349e+00
916 1.638640e-07 1.952791e-01 3.351260e+00
917 1.757638e-07 7.261972e-02 3.232008e+00
918 1.848337e-07 5.160269e-02 3.303144e+00
919 1.980097e-07 7.128602e-02 3.295869e+00
920 1.576825e-07 2.036630e-01 3.463678e+00
921 1.722946e-07 9.266805e-02 4.192364e+00
922 1.379872e-07 1.991206e-01 3.603855e+00
923 1.765850e-07 2.797198e-01 3.320556e+00
924 1.694176e-07 4.058896e-02 3.279539e+00
925 1.689965e-07 2.485331e-03 3.304287e+00
926 1.653144e-07 2.178829e-02 3.479303e+00
927 1.725183e-07 4.357747e-02 3.400234e+00
928 1.535759e-07 1.097998e-01 3.311767e+00
929 1.852009e-07 2.059245e-01 3.287741e+00
930 1.425143e-07 2.304879e-01 3.295931e+00
931 1.550619e-07 8.804465e-02 3.367080e+00
932 1.528535e-07 1.424211e-02 3.566033e+00
933 1.945528e-07 2.728054e-01 4.288107e+00
934 1.384277e-07 2.884825e-01 3.343874e+00
935 1.530384e-07 1.055475e-01 3.223467e+00
936 1.361993e-07 1.100321e-01 3.223819e+00
937 1.297431e-07 4.740254e-02 3.272342e+00
938 1.453427e-07 1.202348e-01 3.271669e+00
939 1.607280e-07 1.058547e-01 3.383412e+00
940 1.276286e-07 2.059342e-01 3.335361e+00
941 1.486232e-07 1.644974e-01 3.256033e+00
942 1.264215e-07 1.493825e-01 3.263781e+00
943 1.481162e-07 1.716062e-01 3.240046e+00
944 1.184297e-07 2.004270e-01 3.303355e+00
945 1.271984e-07 7.404135e-02 3.280153e+00
946 1.082568e-07 1.489134e-01 3.287102e+00
947 1.236296e-07 1.420031e-01 3.295729e+00
948 1.341289e-07 8.492536e-02 3.248180e+00
949 1.033589e-07 2.294064e-01 3.287304e+00
950 1.269068e-07 2.278262e-01 3.248103e+00
951 1.302208e-07 2.611376e-02 3.303239e+00
952 1.063002e-07 1.836925e-01 3.320049e+00
953 1.613701e-07 5.180605e-01 3.335620e+00
954 1.132942e-07 2.979235e-01 3.279780e+00
955 1.395560e-07 2.318025e-01 3.279541e+00
956 1.093801e-07 2.162284e-01 3.367800e+00
957 1.130743e-07 3.377403e-02 3.293902e+00
958 1.024361e-07 9.408149e-02 3.300945e+00
959 1.215022e-07 1.861274e-01 3.463367e+00
960 9.615422e-08 2.086217e-01 3.422639e+00
961 1.287120e-07 3.385996e-01 3.583170e+00
962 9.085988e-08 2.940839e-01 3.286564e+00
963 1.164928e-07 2.821146e-01 3.341097e+00
964 8.872021e-08 2.384059e-01 3.301537e+00
965 8.658478e-08 2.406920e-02 3.303933e+00
966 8.555492e-08 1.189433e-02 3.325840e+00
967 1.050485e-07 2.278488e-01 3.359189e+00
968 1.100394e-07 4.751073e-02 3.375234e+00
969 1.212780e-07 1.021319e-01 3.327357e+00
970 8.472755e-08 3.013772e-01 3.303743e+00
971 9.430164e-08 1.129985e-01 3.292342e+00
972 8.271627e-08 1.228544e-01 3.294756e+00
973 8.961611e-08 8.341581e-02 3.261665e+00
974 8.847012e-08 1.278784e-02 3.360360e+00
975 8.858823e-08 1.335066e-03 3.300909e+00
976 7.853480e-08 1.134850e-01 3.320107e+00
977 9.943953e-08 2.661843e-01 3.367468e+00
978 8.599821e-08 1.351708e-01 3.335730e+00
979 8.874305e-08 3.191738e-02 3.359034e+00
980 9.552095e-08 7.637673e-02 3.296097e+00
981 8.836270e-08 7.493908e-02 3.311168e+00
982 8.610554e-08 2.554421e-02 3.311962e+00
983 9.731817e-08 1.302195e-01 3.143727e+00
984 7.080310e-08 2.724575e-01 3.255122e+00
985 7.283163e-08 2.865029e-02 3.284232e+00
986 8.149570e-08 1.189603e-01 3.351777e+00
987 8.523038e-08 4.582672e-02 3.335183e+00
988 8.722990e-08 2.346017e-02 3.399351e+00
989 7.936024e-08 9.021748e-02 3.364760e+00
990 7.182756e-08 9.491747e-02 3.291040e+00
991 7.784129e-08 8.372457e-02 3.303404e+00
992 7.392875e-08 5.026315e-02 3.293038e+00
993 8.440274e-08 1.416768e-01 3.495000e+00
994 8.085949e-08 4.198029e-02 3.342391e+00
995 8.167165e-08 1.004409e-02 3.245104e+00
996 7.480839e-08 8.403478e-02 3.303543e+00
997 7.689567e-08 2.790170e-02 3.271221e+00
998 7.931709e-08 3.148965e-02 3.271313e+00
999 6.995777e-08 1.179987e-01 3.272118e+00
1000 7.053572e-08 8.261409e-03 3.263608e+00
1001 8.749699e-08 2.404635e-01 3.263282e+00
1002 6.139917e-08 2.982711e-01 3.328074e+00
1003 7.092248e-08 1.551048e-01 3.120141e+00
1004 6.129359e-08 1.357663e-01 3.222923e+00
1005 7.112261e-08 1.603596e-01 3.263914e+00
1006 6.771339e-08 4.793438e-02 3.302779e+00
1007 6.993491e-08 3.280759e-02 3.387721e+00
1008 6.905320e-08 1.260754e-02 3.374740e+00
1009 7.864330e-08 1.388799e-01 3.423344e+00
1010 5.810776e-08 2.611226e-01 3.207257e+00
1011 7.587889e-08 3.058306e-01 3.200187e+00
1012 5.379886e-08 2.909904e-01 3.293260e+00
1013 7.472736e-08 3.890138e-01 3.319635e+00
1014 5.519256e-08 2.614143e-01 3.356167e+00
1015 6.444684e-08 1.676726e-01 3.263242e+00
1016 5.437200e-08 1.563280e-01 3.343865e+00
1017 6.195351e-08 1.394378e-01 3.260588e+00
1018 5.440434e-08 1.218521e-01 3.348344e+00
1019 6.168830e-08 1.338856e-01 3.623104e+00
1020 5.948667e-08 3.568967e-02 3.562759e+00
1021 5.267926e-08 1.144359e-01 3.494538e+00
1022 5.700496e-08 8.211398e-02 3.255400e+00
1023 5.656433e-08 7.729707e-03 3.271986e+00
1024 6.862102e-08 2.131501e-01 3.263855e+00
1025 7.283121e-08 6.135432e-02 3.287176e+00
1026 4.945684e-08 3.209390e-01 3.320586e+00
1027 5.230291e-08 5.754651e-02 3.318971e+00
1028 4.502814e-08 1.390891e-01 3.501756e+00
1029 5.602747e-08 2.442767e-01 3.383859e+00
1030 4.796951e-08 1.438216e-01 3.336188e+00
1031 5.481063e-08 1.426140e-01 3.397255e+00
1032 5.092182e-08 7.094994e-02 3.462770e+00
1033 5.846161e-08 1.480660e-01 3.607233e+00
1034 5.691441e-08 2.646522e-02 3.359014e+00
1035 5.858605e-08 2.937100e-02 3.318853e+00
1036 5.343873e-08 8.785905e-02 3.286426e+00
1037 5.792951e-08 8.403598e-02 3.277474e+00
1038 4.279152e-08 2.613175e-01 3.333097e+00
1039 4.431312e-08 3.555855e-02 3.358534e+00
1040 4.542410e-08 2.507110e-02 3.311304e+00
1041 5.790031e-08 2.746607e-01 3.411954e+00
1042 4.194713e-08 2.755284e-01 3.383942e+00
1043 4.645941e-08 1.075705e-01 3.206965e+00
1044 4.971538e-08 7.008207e-02 3.310960e+00
1045 4.750425e-08 4.447581e-02 3.288019e+00
1046 5.078064e-08 6.897063e-02 3.295968e+00
1047 5.822428e-08 1.465842e-01 3.287475e+00
1048 4.119895e-08 2.924095e-01 3.325469e+00
1049 5.427154e-08 3.173039e-01 3.260766e+00
1050 4.511021e-08 1.688055e-01 3.300868e+00
1051 4.684158e-08 3.838105e-02 3.287230e+00
1052 4.135159e-08 1.172034e-01 3.332382e+00
1053 4.460471e-08 7.866987e-02 3.445890e+00
1054 4.502464e-08 9.414433e-03 3.463588e+00
1055 4.385896e-08 2.588987e-02 3.581291e+00
1056 4.225345e-08 3.660618e-02 3.254967e+00
1057 4.361147e-08 3.213976e-02 3.391696e+00
1058 3.441581e-08 2.108540e-01 3.342211e+00
1059 3.769794e-08 9.536671e-02 3.408819e+00
1060 3.407242e-08 9.617275e-02 3.433575e+00
1061 4.372559e-08 2.833131e-01 3.415805e+00
1062 3.370224e-08 2.292330e-01 3.563337e+00
1063 3.538851e-08 5.003435e-02 3.357577e+00
1064 3.720474e-08 5.132267e-02 3.262329e+00
1065 3.402058e-08 8.558493e-02 3.310007e+00
1066 3.580403e-08 5.242265e-02 3.510336e+00
1067 4.044405e-08 1.295949e-01 3.607139e+00
1068 3.378443e-08 1.646624e-01 3.370023e+00
1069 4.131821e-08 2.229954e-01 3.296051e+00
1070 3.026458e-08 2.675245e-01 3.414782e+00
1071 3.593806e-08 1.874628e-01 3.365513e+00
1072 2.955519e-08 1.776075e-01 3.278734e+00
1073 3.313207e-08 1.210237e-01 3.304002e+00
1074 3.300004e-08 3.984748e-03 3.279486e+00
1075 3.372458e-08 2.195552e-02 3.351494e+00
1076 3.700537e-08 9.728195e-02 3.310958e+00
1077 3.846004e-08 3.930968e-02 3.327261e+00
1078 2.839667e-08 2.616578e-01 3.543567e+00
1079 2.940898e-08 3.564902e-02 4.110391e+00
1080 3.148178e-08 7.048173e-02 3.399935e+00
1081 2.682996e-08 1.477624e-01 3.271377e+00
1082 2.938396e-08 9.519225e-02 3.278936e+00
1083 3.400216e-08 1.571675e-01 3.344034e+00
1084 2.916967e-08 1.421230e-01 3.311189e+00
1085 3.807806e-08 3.053988e-01 3.279615e+00
1086 2.752577e-08 2.771226e-01 3.331911e+00
1087 3.109914e-08 1.298193e-01 3.326052e+00
1088 2.551134e-08 1.796770e-01 3.344646e+00
1089 2.668568e-08 4.603202e-02 3.286439e+00
1090 2.488890e-08 6.733109e-02 3.462191e+00
1091 2.638003e-08 5.991118e-02 3.415901e+00
1092 2.590053e-08 1.817636e-02 3.809942e+00
1093 2.632608e-08 1.642984e-02 3.278488e+00
1094 2.500651e-08 5.012381e-02 3.399385e+00
1095 2.605965e-08 4.211452e-02 3.326057e+00
1096 2.278279e-08 1.257445e-01 3.336114e+00
1097 2.507123e-08 1.004459e-01 3.311608e+00
1098 2.815389e-08 1.229563e-01 3.266998e+00
1099 2.806050e-08 3.317191e-03 3.284585e+00
1100 2.460756e-08 1.230534e-01 3.271591e+00
1101 3.036055e-08 2.337894e-01 3.317090e+00
1102 2.181901e-08 2.813369e-01 3.284751e+00
1103 2.754475e-08 2.624198e-01 3.269559e+00
1104 2.046965e-08 2.568581e-01 3.397397e+00
1105 2.654151e-08 2.966271e-01 3.278865e+00
1106 2.023736e-08 2.375204e-01 3.247623e+00
1107 2.623314e-08 2.962730e-01 3.262130e+00
1108 2.026298e-08 2.275807e-01 3.352173e+00
1109 2.286552e-08 1.284381e-01 3.295138e+00
1110 2.291926e-08 2.350167e-03 3.295708e+00
1111 2.392069e-08 4.369364e-02 3.383749e+00
1112 2.255237e-08 5.720210e-02 3.287836e+00
1113 2.240084e-08 6.719047e-03 3.319204e+00
1114 2.295639e-08 2.480025e-02 3.390847e+00
1115 2.793788e-08 2.169978e-01 3.456269e+00
1116 1.859715e-08 3.343392e-01 3.723980e+00
1117 2.500187e-08 3.443929e-01 3.391124e+00
1118 1.983369e-08 2.067120e-01 3.328015e+00
1119 2.017092e-08 1.700281e-02 3.304163e+00
1120 1.687875e-08 1.632136e-01 3.366841e+00
1121 2.195249e-08 3.005992e-01 3.365646e+00
1122 1.609119e-08 2.669992e-01 3.342336e+00
1123 2.305660e-08 4.328711e-01 3.359681e+00
1124 2.219598e-08 3.732640e-02 3.408098e+00
1125 2.262838e-08 1.948076e-02 3.117751e+00
1126 1.733879e-08 2.337588e-01 3.265224e+00
1127 1.801166e-08 3.880683e-02 3.424075e+00
1128 1.777283e-08 1.325957e-02 3.400318e+00
1129 1.932007e-08 8.705630e-02 3.614065e+00
1130 1.925051e-08 3.600110e-03 3.333993e+00
1131 2.193204e-08 1.392966e-01 3.300120e+00
1132 1.679337e-08 2.342999e-01 3.325566e+00
1133 1.487770e-08 1.140727e-01 3.296420e+00
1134 1.578269e-08 6.082849e-02 3.285226e+00
1135 1.842351e-08 1.673239e-01 3.328751e+00
1136 1.739133e-08 5.602530e-02 3.300125e+00
1137 1.590544e-08 8.543846e-02 3.359423e+00
1138 1.888751e-08 1.874871e-01 3.336362e+00
1139 2.082067e-08 1.023512e-01 3.325541e+00
1140 1.718627e-08 1.745571e-01 3.356047e+00
1141 2.195422e-08 2.774274e-01 3.347316e+00
1142 1.595126e-08 2.734305e-01 3.390576e+00
1143 1.562983e-08 2.015071e-02 3.271844e+00
1144 1.413980e-08 9.533285e-02 3.278080e+00
1145 1.679690e-08 1.879165e-01 3.293538e+00
1146 1.474352e-08 1.222476e-01 3.321791e+00
1147 1.428143e-08 3.134185e-02 3.254943e+00
1148 1.618709e-08 1.334360e-01 3.357371e+00
1149 2.061142e-08 2.733250e-01 3.414972e+00
1150 1.520232e-08 2.624320e-01 3.390793e+00
1151 1.568448e-08 3.171595e-02 3.631514e+00
1152 1.498219e-08 4.477619e-02 3.311666e+00
1153 1.453823e-08 2.963239e-02 3.318390e+00
1154 1.535810e-08 5.639374e-02 3.303976e+00
1155 1.564715e-08 1.882073e-02 3.253773e+00
1156 1.737342e-08 1.103251e-01 3.302286e+00
1157 1.264631e-08 2.720889e-01 3.311999e+00
1158 1.470347e-08 1.626689e-01 3.264300e+00
1159 1.300750e-08 1.153445e-01 3.303788e+00
1160 1.575684e-08 2.113652e-01 3.263203e+00
1161 1.841574e-08 1.687459e-01 3.351717e+00
1162 1.363483e-08 2.596101e-01 3.446403e+00
1163 1.685272e-08 2.360051e-01 3.575394e+00
1164 1.425530e-08 1.541242e-01 3.263338e+00
1165 1.379502e-08 3.228838e-02 3.280426e+00
1166 1.314002e-08 4.748101e-02 3.454462e+00
1167 1.184645e-08 9.844514e-02 3.335062e+00
1168 1.300880e-08 9.811813e-02 3.326810e+00
1169 1.281776e-08 1.468569e-02 3.357843e+00
1170 1.311978e-08 2.356298e-02 3.287565e+00
1171 1.475932e-08 1.249668e-01 3.296335e+00
1172 1.249725e-08 1.532637e-01 3.303603e+00
1173 1.565818e-08 2.529301e-01 3.567442e+00
1174 1.125974e-08 2.809040e-01 3.304338e+00
1175 1.525602e-08 3.549180e-01 3.286784e+00
1176 1.167215e-08 2.349153e-01 3.231623e+00
1177 1.323044e-08 1.335056e-01 3.295964e+00
1178 1.118834e-08 1.543487e-01 3.464456e+00
1179 1.180246e-08 5.488901e-02 3.560554e+00
1180 1.528975e-08 2.954716e-01 3.255423e+00
1181 1.136841e-08 2.564684e-01 3.248178e+00
1182 1.071946e-08 5.708376e-02 3.244574e+00
1183 1.048616e-08 2.176391e-02 3.215854e+00
1184 1.147156e-08 9.397115e-02 3.327859e+00
1185 1.117840e-08 2.555523e-02 3.271369e+00
1186 1.084708e-08 2.963931e-02 3.319410e+00
1187 1.089499e-08 4.416488e-03 3.264574e+00
1188 1.072993e-08 1.515004e-02 3.207099e+00
1189 1.316664e-08 2.270949e-01 3.184153e+00
1190 9.369233e-09 2.884113e-01 3.222532e+00
1191 1.162719e-08 2.409970e-01 3.390203e+00
1192 9.907701e-09 1.478852e-01 3.360015e+00
1193 1.175663e-08 1.866150e-01 3.399707e+00
1194 1.056225e-08 1.015918e-01 3.271682e+00
1195 1.030604e-08 2.425740e-02 3.303913e+00
1196 9.009415e-09 1.258119e-01 3.256105e+00
1197 1.186541e-08 3.170013e-01 3.295219e+00
1198 1.027115e-08 1.343619e-01 3.303054e+00
1199 9.557460e-09 6.948511e-02 3.367358e+00
1200 8.462453e-09 1.145709e-01 3.294873e+00
1201 1.041851e-08 2.311448e-01 3.279343e+00
1202 9.614659e-09 7.715562e-02 3.336053e+00
1203 1.055983e-08 9.830517e-02 3.336062e+00
1204 8.686495e-09 1.774020e-01 3.327270e+00
1205 9.371271e-09 7.883227e-02 3.311568e+00
1206 9.095785e-09 2.939682e-02 3.312347e+00
1207 1.028098e-08 1.303019e-01 3.319069e+00
1208 8.959600e-09 1.285270e-01 3.983863e+00
1209 9.852924e-09 9.970579e-02 3.622550e+00
1210 8.240949e-09 1.636037e-01 3.359772e+00
1211 1.010487e-08 2.261779e-01 3.303729e+00
1212 7.116492e-09 2.957364e-01 3.247911e+00
1213 8.685791e-09 2.205158e-01 3.304068e+00
1214 6.507341e-09 2.508061e-01 3.359903e+00
1215 9.573969e-09 4.712567e-01 3.367266e+00
1216 6.769920e-09 2.928827e-01 3.432039e+00
1217 7.132639e-09 5.357811e-02 3.295533e+00
1218 6.428869e-09 9.866898e-02 3.343783e+00
1219 8.256087e-09 2.842208e-01 3.343414e+00
1220 8.101181e-09 1.876265e-02 3.623598e+00
1221 9.395982e-09 1.598287e-01 3.559788e+00
1222 7.208174e-09 2.328451e-01 3.574311e+00
1223 7.437889e-09 3.186865e-02 3.416168e+00
1224 6.692285e-09 1.002440e-01 3.415371e+00
1225 7.854053e-09 1.735981e-01 3.336157e+00
1226 6.623531e-09 1.566734e-01 3.271786e+00
1227 8.738830e-09 3.193611e-01 3.375209e+00
1228 6.615728e-09 2.429504e-01 3.487650e+00
1229 7.599269e-09 1.486672e-01 3.318398e+00
1230 6.820427e-09 1.024891e-01 3.317729e+00
1231 7.023591e-09 2.978767e-02 3.352388e+00
1232 8.071542e-09 1.492043e-01 3.703387e+00
1233 8.312225e-09 2.981877e-02 4.337461e+00
1234 6.146164e-09 2.605874e-01 3.336172e+00
1235 7.729229e-09 2.575696e-01 3.383617e+00
1236 6.025069e-09 2.204826e-01 3.274821e+00
1237 7.095484e-09 1.776604e-01 3.424552e+00
1238 5.955589e-09 1.606508e-01 3.326747e+00
1239 5.436492e-09 8.716137e-02 3.343677e+00
1240 7.168206e-09 3.185353e-01 3.382797e+00
1241 6.146183e-09 1.425773e-01 3.224031e+00
1242 5.937601e-09 3.393679e-02 3.399072e+00
1243 6.062528e-09 2.104001e-02 3.328065e+00
1244 7.464047e-09 2.311773e-01 3.478182e+00
1245 7.187430e-09 3.705995e-02 3.391134e+00
1246 6.272555e-09 1.272882e-01 3.487140e+00
1247 6.868933e-09 9.507740e-02 3.252385e+00
1248 6.176411e-09 1.008194e-01 3.311846e+00
1249 5.652405e-09 8.483998e-02 3.365822e+00
1250 5.223395e-09 7.589852e-02 3.343488e+00
1251 5.857434e-09 1.213845e-01 3.328165e+00
1252 5.350463e-09 8.655181e-02 3.230210e+00
1253 6.160505e-09 1.513967e-01 3.096219e+00
1254 4.760915e-09 2.271876e-01 3.223816e+00
1255 6.107549e-09 2.828519e-01 3.223829e+00
1256 5.063462e-09 1.709503e-01 3.286902e+00
1257 5.179831e-09 2.298224e-02 3.390785e+00
1258 4.192229e-09 1.906631e-01 3.368973e+00
1259 5.089249e-09 2.139722e-01 3.271359e+00
1260 4.899879e-09 3.720991e-02 3.287539e+00
1261 4.977130e-09 1.576590e-02 3.070356e+00
1262 5.268630e-09 5.856797e-02 3.244996e+00
1263 5.110530e-09 3.000780e-02 3.165432e+00
1264 4.750446e-09 7.045918e-02 3.236161e+00
1265 5.107435e-09 7.514849e-02 3.271701e+00
1266 4.155658e-09 1.863514e-01 3.303741e+00
1267 4.853295e-09 1.678766e-01 3.287179e+00
1268 3.851073e-09 2.065034e-01 3.254952e+00
1269 4.490485e-09 1.660347e-01 3.765803e+00
1270 4.290175e-09 4.460770e-02 3.424201e+00
1271 4.447471e-09 3.666431e-02 3.402755e+00
1272 4.339205e-09 2.434331e-02 3.333293e+00
1273 3.891799e-09 1.031079e-01 3.284651e+00
1274 4.595120e-09 1.807189e-01 3.222392e+00
1275 3.870415e-09 1.577120e-01 3.222541e+00
1276 3.971631e-09 2.615133e-02 3.252573e+00
1277 4.368378e-09 9.989514e-02 3.300983e+00
1278 4.536668e-09 3.852471e-02 3.276302e+00
1279 4.341854e-09 4.294215e-02 3.219584e+00
1280 5.165662e-09 1.897364e-01 3.261826e+00
1281 5.054454e-09 2.152835e-02 3.181897e+00
1282 3.962447e-09 2.160483e-01 3.191361e+00
1283 4.069023e-09 2.689642e-02 3.254132e+00
1284 3.754329e-09 7.733902e-02 3.364812e+00
1285 4.618335e-09 2.301359e-01 3.372357e+00
1286 3.491031e-09 2.440932e-01 3.530172e+00
1287 3.877528e-09 1.107116e-01 3.264376e+00
1288 3.677560e-09 5.157104e-02 3.359831e+00
1289 4.333640e-09 1.784009e-01 3.275056e+00
1290 3.839050e-09 1.141280e-01 3.386854e+00
1291 4.156776e-09 8.276163e-02 3.255902e+00
1292 4.114086e-09 1.027018e-02 3.285442e+00
1293 4.072828e-09 1.002847e-02 3.323894e+00
1294 3.225968e-09 2.079292e-01 3.279755e+00
1295 3.867223e-09 1.987793e-01 3.279874e+00
1296 3.177047e-09 1.784681e-01 3.350874e+00
1297 3.589262e-09 1.297478e-01 3.406391e+00
1298 3.432061e-09 4.379759e-02 3.511797e+00
1299 3.842445e-09 1.195736e-01 3.278033e+00
1300 3.140642e-09 1.826448e-01 3.279206e+00
1301 3.470193e-09 1.049310e-01 3.254179e+00
1302 2.904461e-09 1.630260e-01 3.367303e+00
1303 3.334735e-09 1.481423e-01 3.214829e+00
1304 2.747916e-09 1.759716e-01 3.272265e+00
1305 3.376417e-09 2.287191e-01 3.359748e+00
1306 2.861136e-09 1.526119e-01 3.255109e+00
1307 3.471166e-09 2.132125e-01 3.184207e+00
1308 3.322388e-09 4.286107e-02 3.223521e+00
1309 2.616019e-09 2.126089e-01 3.317683e+00
1310 2.839694e-09 8.550226e-02 3.224443e+00
1311 2.824839e-09 5.231356e-03 3.167705e+00
1312 2.757867e-09 2.370817e-02 3.190343e+00
1313 2.939241e-09 6.576609e-02 3.227947e+00
1314 2.904289e-09 1.189159e-02 3.197595e+00
1315 3.235851e-09 1.141630e-01 3.302433e+00
1316 3.175842e-09 1.854521e-02 3.262574e+00
1317 3.566152e-09 1.228997e-01 3.256457e+00
1318 2.678767e-09 2.488353e-01 3.343450e+00
1319 3.026759e-09 1.299074e-01 3.400046e+00
1320 2.544589e-09 1.593026e-01 3.391393e+00
1321 2.732825e-09 7.397515e-02 3.504767e+00
1322 3.117118e-09 1.406211e-01 3.262593e+00
1323 3.416011e-09 9.588759e-02 3.231519e+00
1324 2.337563e-09 3.157039e-01 3.183024e+00
1325 3.156234e-09 3.502245e-01 3.247351e+00
1326 2.647333e-09 1.612369e-01 3.278799e+00
1327 2.716188e-09 2.600921e-02 3.323546e+00
1328 2.538188e-09 6.553296e-02 3.370206e+00
1329 2.660078e-09 4.802247e-02 3.301494e+00
1330 2.340799e-09 1.200263e-01 3.315495e+00
1331 2.812573e-09 2.015440e-01 3.316962e+00
1332 2.337943e-09 1.687529e-01 3.408109e+00
1333 2.520413e-09 7.804726e-02 3.511027e+00
1334 2.406635e-09 4.514264e-02 3.366920e+00
1335 2.359444e-09 1.960886e-02 3.077739e+00
1336 2.105338e-09 1.076971e-01 3.155317e+00
1337 2.733222e-09 2.982340e-01 3.125284e+00
1338 1.979106e-09 2.759073e-01 3.038070e+00
1339 2.153154e-09 8.794291e-02 3.223404e+00
1340 2.110661e-09 1.973544e-02 3.194543e+00
1341 1.914279e-09 9.304286e-02 3.348482e+00
1342 1.995970e-09 4.267467e-02 3.269563e+00
1343 2.469011e-09 2.369978e-01 3.317171e+00
1344 1.915740e-09 2.240862e-01 3.573272e+00
1345 1.836536e-09 4.134381e-02 3.947437e+00
1346 2.073563e-09 1.290625e-01 3.351787e+00
1347 1.991144e-09 3.974761e-02 3.076953e+00
1348 1.739150e-09 1.265574e-01 3.244799e+00
1349 2.192232e-09 2.605188e-01 3.337614e+00
1350 1.948249e-09 1.112943e-01 3.156676e+00
1351 1.685488e-09 1.348702e-01 3.260221e+00
1352 1.590291e-09 5.648009e-02 3.294901e+00
1353 1.845416e-09 1.604264e-01 3.310133e+00
1354 1.757462e-09 4.766084e-02 3.294017e+00
1355 2.040299e-09 1.609348e-01 3.247855e+00
1356 1.582132e-09 2.245585e-01 3.373704e+00
1357 1.915160e-09 2.104929e-01 3.594937e+00
1358 1.639467e-09 1.439531e-01 3.934909e+00
1359 1.618162e-09 1.299478e-02 3.249436e+00
1360 1.302527e-09 1.950576e-01 3.332183e+00
1361 1.624280e-09 2.470219e-01 3.235243e+00
1362 1.765339e-09 8.684363e-02 3.311988e+00
1363 1.470971e-09 1.667485e-01 3.148998e+00
1364 1.616463e-09 9.890893e-02 3.231606e+00
1365 1.812644e-09 1.213641e-01 3.159465e+00
1366 1.807324e-09 2.934921e-03 3.031505e+00
1367 1.763023e-09 2.451181e-02 3.078553e+00
1368 1.611316e-09 8.604940e-02 3.125007e+00
1369 1.899358e-09 1.787618e-01 3.151089e+00
1370 1.386337e-09 2.701021e-01 3.197829e+00
1371 1.607651e-09 1.596392e-01 3.231521e+00
1372 1.297461e-09 1.929462e-01 3.302014e+00
1373 1.712455e-09 3.198512e-01 3.406029e+00
1374 1.413416e-09 1.746258e-01 3.590454e+00
1375 1.538146e-09 8.824734e-02 3.247916e+00
1376 1.468058e-09 4.556707e-02 3.254750e+00
1377 1.509236e-09 2.804927e-02 3.239822e+00
1378 1.412147e-09 6.432948e-02 3.070875e+00
1379 1.232643e-09 1.271147e-01 3.141405e+00
1380 1.370417e-09 1.117718e-01 3.124591e+00
1381 1.383387e-09 9.464322e-03 3.230906e+00
1382 1.264751e-09 8.575777e-02 3.274289e+00
1383 1.456445e-09 1.515668e-01 3.322772e+00
1384 1.319265e-09 9.418833e-02 3.181504e+00
1385 1.365673e-09 3.517715e-02 3.291614e+00
1386 1.163070e-09 1.483540e-01 3.173495e+00
1387 1.502613e-09 2.919370e-01 3.207943e+00
1388 1.068961e-09 2.885984e-01 3.252394e+00
1389 1.228033e-09 1.488092e-01 3.198999e+00
1390 1.066651e-09 1.314152e-01 3.183330e+00
1391 1.240194e-09 1.626997e-01 3.423344e+00
1392 1.123267e-09 9.428148e-02 3.335074e+00
1393 1.196630e-09 6.531225e-02 3.474830e+00
1394 1.219379e-09 1.901100e-02 3.230911e+00
1395 1.347119e-09 1.047580e-01 3.254681e+00
1396 1.038118e-09 2.293794e-01 3.149676e+00
1397 1.189795e-09 1.461084e-01 3.286071e+00
1398 9.601608e-10 1.930033e-01 3.372976e+00
1399 1.052372e-09 9.603751e-02 3.188959e+00
1400 1.235325e-09 1.738476e-01 3.437378e+00
1401 1.238272e-09 2.385768e-03 3.271434e+00
1402 1.120205e-09 9.534811e-02 3.349208e+00
1403 1.332727e-09 1.897167e-01 3.168577e+00
1404 1.169019e-09 1.228367e-01 3.438387e+00
1405 1.105329e-09 5.448172e-02 3.498461e+00
1406 8.927532e-10 1.923188e-01 3.381548e+00
1407 1.198155e-09 3.420901e-01 3.276128e+00
1408 1.055768e-09 1.188390e-01 3.269720e+00
1409 1.171287e-09 1.094171e-01 3.335699e+00
1410 9.960326e-10 1.496253e-01 3.534691e+00
1411 9.854370e-10 1.063784e-02 3.221903e+00
1412 1.089210e-09 1.053063e-01 3.370893e+00
1413 1.060385e-09 2.646409e-02 3.300314e+00
1414 1.131791e-09 6.734033e-02 3.234577e+00
1415 1.310337e-09 1.577546e-01 3.262332e+00
1416 9.674538e-10 2.616754e-01 3.388454e+00
1417 1.097099e-09 1.340065e-01 3.302801e+00
1418 9.884230e-10 9.905748e-02 3.288069e+00
1419 8.906957e-10 9.887191e-02 3.287465e+00
1420 9.811758e-10 1.015836e-01 3.414360e+00
1421 1.257382e-09 2.815055e-01 3.914894e+00
1422 9.675333e-10 2.305178e-01 3.331523e+00
1423 1.145221e-09 1.836503e-01 3.154564e+00
1424 8.972436e-10 2.165324e-01 3.101064e+00
1425 9.970095e-10 1.111915e-01 3.159564e+00
1426 8.076925e-10 1.898849e-01 3.238848e+00
1427 9.552074e-10 1.826374e-01 3.293465e+00
1428 9.160698e-10 4.097286e-02 3.349209e+00
1429 8.932177e-10 2.494576e-02 3.309734e+00
1430 8.885161e-10 5.263635e-03 3.245490e+00
1431 9.594764e-10 7.986376e-02 3.309666e+00
1432 8.782933e-10 8.461184e-02 3.500988e+00
1433 8.511056e-10 3.095514e-02 3.413087e+00
1434 8.250999e-10 3.055526e-02 3.529500e+00
1435 8.971949e-10 8.737730e-02 3.309614e+00
1436 8.894805e-10 8.598338e-03 3.310716e+00
1437 8.451314e-10 4.985953e-02 3.401206e+00
1438 8.866531e-10 4.913044e-02 3.321425e+00
1439 8.790420e-10 8.584117e-03 3.331789e+00
1440 8.977983e-10 2.133724e-02 3.350767e+00
1441 8.928406e-10 5.522066e-03 3.292922e+00
1442 8.746038e-10 2.042553e-02 3.240332e+00
1443 1.068091e-09 2.212282e-01 3.259107e+00
1444 8.301779e-10 2.227460e-01 3.251900e+00
1445 1.021448e-09 2.303961e-01 4.020004e+00
1446 7.116372e-10 3.033053e-01 3.679336e+00
1447 8.930859e-10 2.549737e-01 3.149699e+00
1448 6.700714e-10 2.497122e-01 3.278182e+00
1449 7.397540e-10 1.039928e-01 3.326882e+00
1450 6.119697e-10 1.727390e-01 3.392162e+00
1451 8.095016e-10 3.227805e-01 3.338673e+00
1452 6.608053e-10 1.836887e-01 3.173237e+00
1453 7.397472e-10 1.194631e-01 3.174164e+00
1454 6.154300e-10 1.680535e-01 3.239406e+00
1455 7.658417e-10 2.444009e-01 3.334098e+00
1456 6.425924e-10 1.609331e-01 3.268113e+00
1457 6.766616e-10 5.301835e-02 3.209096e+00
1458 5.988556e-10 1.149851e-01 3.298275e+00
1459 6.852331e-10 1.442375e-01 3.292581e+00
1460 7.266040e-10 6.037494e-02 3.373178e+00
1461 6.337399e-10 1.278056e-01 3.293881e+00
1462 6.521647e-10 2.907298e-02 3.230490e+00
1463 7.976436e-10 2.230709e-01 3.205266e+00
1464 5.992306e-10 2.487490e-01 3.364266e+00
1465 5.955236e-10 6.186139e-03 3.304325e+00
1466 5.450960e-10 8.467785e-02 3.311449e+00
1467 7.193341e-10 3.196468e-01 3.285934e+00
1468 6.706798e-10 6.763797e-02 3.351209e+00
1469 7.207627e-10 7.467472e-02 3.342169e+00
1470 5.269707e-10 2.688707e-01 3.291102e+00
1471 4.891109e-10 7.184427e-02 3.182060e+00
1472 4.915005e-10 4.885690e-03 3.243347e+00
1473 5.705402e-10 1.608130e-01 3.259221e+00
1474 4.887766e-10 1.433091e-01 3.604279e+00
1475 6.026323e-10 2.329402e-01 4.111049e+00
1476 4.793559e-10 2.045632e-01 3.111570e+00
1477 5.402767e-10 1.270889e-01 3.101184e+00
1478 5.063167e-10 6.285678e-02 3.189806e+00
1479 5.259572e-10 3.879096e-02 3.380207e+00
1480 4.806554e-10 8.613204e-02 3.296167e+00
1481 5.524161e-10 1.492976e-01 3.456224e+00
1482 4.568952e-10 1.729148e-01 3.300258e+00
1483 4.743824e-10 3.827406e-02 3.308675e+00
1484 5.223119e-10 1.010354e-01 3.384267e+00
1485 5.736340e-10 9.825963e-02 3.223060e+00
1486 5.596834e-10 2.431972e-02 3.328237e+00
1487 5.595538e-10 2.314934e-04 3.375358e+00
1488 4.243795e-10 2.415752e-01 3.580494e+00
1489 5.133033e-10 2.095383e-01 3.495443e+00
1490 4.160051e-10 1.895530e-01 3.316194e+00
1491 5.390921e-10 2.958785e-01 3.329808e+00
1492 4.073255e-10 2.444232e-01 3.357051e+00
1493 4.504923e-10 1.059762e-01 3.269038e+00
1494 4.521207e-10 3.614632e-03 3.210894e+00
1495 4.877111e-10 7.871885e-02 3.186818e+00
1496 4.786550e-10 1.856855e-02 3.260828e+00
1497 5.741673e-10 1.995430e-01 3.301879e+00
1498 4.137761e-10 2.793457e-01 3.346139e+00
1499 4.372845e-10 5.681434e-02 3.206421e+00
1500 3.627014e-10 1.705597e-01 3.540988e+00
1501 4.192180e-10 1.558212e-01 3.301024e+00
1502 4.444338e-10 6.014968e-02 3.372785e+00
1503 4.271260e-10 3.894353e-02 3.261963e+00
1504 4.705721e-10 1.017174e-01 3.206493e+00
1505 3.818272e-10 1.885894e-01 3.205655e+00
1506 3.917936e-10 2.610176e-02 3.255309e+00
1507 5.649137e-10 4.418655e-01 3.234275e+00
1508 3.787373e-10 3.295661e-01 3.357408e+00
1509 3.940502e-10 4.043165e-02 3.162514e+00
1510 4.051803e-10 2.824538e-02 3.261562e+00
1511 4.256965e-10 5.063460e-02 3.222371e+00
1512 3.896692e-10 8.463141e-02 3.198642e+00
1513 3.880294e-10 4.208183e-03 3.190005e+00
1514 3.321181e-10 1.440903e-01 3.255371e+00
1515 3.722642e-10 1.208790e-01 3.293097e+00
1516 3.313870e-10 1.098069e-01 3.270726e+00
1517 3.403111e-10 2.692949e-02 3.191620e+00
1518 3.285607e-10 3.452834e-02 3.435411e+00
1519 3.883460e-10 1.819611e-01 3.762136e+00
1520 4.730012e-10 2.179890e-01 3.233014e+00
1521 3.894172e-10 1.767100e-01 3.234241e+00
1522 3.558477e-10 8.620442e-02 3.279217e+00
1523 4.148415e-10 1.657839e-01 3.359982e+00
1524 2.975986e-10 2.826209e-01 3.294800e+00
1525 3.049809e-10 2.480629e-02 3.325743e+00
1526 3.239530e-10 6.220732e-02 3.285237e+00
1527 2.901022e-10 1.044930e-01 3.401470e+00
1528 3.368247e-10 1.610554e-01 3.433934e+00
1529 3.320022e-10 1.431747e-02 3.132656e+00
1530 3.399402e-10 2.390943e-02 3.348603e+00
1531 3.528086e-10 3.785482e-02 3.900138e+00
1532 3.560153e-10 9.089258e-03 3.401877e+00
1533 3.645185e-10 2.388436e-02 3.143237e+00
1534 3.153069e-10 1.350045e-01 3.153715e+00
1535 4.096221e-10 2.991220e-01 3.165638e+00
1536 2.952002e-10 2.793353e-01 3.206616e+00
1537 3.169552e-10 7.369589e-02 3.326819e+00
1538 2.693838e-10 1.500887e-01 3.410761e+00
1539 3.006444e-10 1.160446e-01 3.268392e+00
1540 2.775217e-10 7.691055e-02 3.339081e+00
1541 2.748101e-10 9.770800e-03 3.390281e+00
1542 2.932999e-10 6.728238e-02 3.247247e+00
1543 2.430599e-10 1.712923e-01 3.267108e+00
1544 2.903906e-10 1.947285e-01 3.284253e+00
1545 3.210652e-10 1.056321e-01 3.362959e+00
1546 2.409657e-10 2.494804e-01 3.341688e+00
1547 2.956444e-10 2.269149e-01 3.244641e+00
1548 2.585132e-10 1.255941e-01 3.275251e+00
1549 2.759810e-10 6.757026e-02 3.310238e+00
1550 2.248924e-10 1.851163e-01 3.318238e+00
1551 2.661215e-10 1.833277e-01 3.268762e+00
1552 2.507032e-10 5.793679e-02 3.354061e+00
1553 2.998477e-10 1.960265e-01 3.281336e+00
1554 2.273378e-10 2.418224e-01 3.279051e+00
1555 2.732271e-10 2.018551e-01 3.494812e+00
1556 2.188217e-10 1.991214e-01 3.570963e+00
1557 2.421817e-10 1.067535e-01 3.179200e+00
1558 2.102689e-10 1.317721e-01 3.134424e+00
1559 2.276178e-10 8.250815e-02 3.186728e+00
1560 2.646536e-10 1.627105e-01 3.212110e+00
1561 2.380878e-10 1.003797e-01 3.246829e+00
1562 2.423851e-10 1.804940e-02 3.291918e+00
1563 2.370056e-10 2.219392e-02 3.306438e+00
1564 2.230930e-10 5.870176e-02 3.221358e+00
1565 2.520019e-10 1.295822e-01 3.263906e+00
1566 2.301476e-10 8.672276e-02 3.271000e+00
1567 2.641318e-10 1.476629e-01 3.176257e+00
1568 2.199775e-10 1.671678e-01 3.242421e+00
1569 2.206348e-10 2.988320e-03 3.235968e+00
1570 2.028980e-10 8.038990e-02 3.263010e+00
1571 2.485749e-10 2.251225e-01 3.125543e+00
1572 2.136545e-10 1.404824e-01 3.044919e+00
1573 2.673108e-10 2.511358e-01 3.383006e+00
1574 1.973851e-10 2.615896e-01 3.133711e+00
1575 2.188963e-10 1.089811e-01 3.226511e+00
1576 2.064514e-10 5.685309e-02 3.314536e+00
1577 1.787266e-10 1.342922e-01 3.258921e+00
1578 2.032198e-10 1.370428e-01 3.469695e+00
1579 2.508633e-10 2.344435e-01 3.331411e+00
1580 1.812267e-10 2.775879e-01 3.260696e+00
1581 2.250018e-10 2.415488e-01 3.283313e+00
1582 1.890729e-10 1.596828e-01 3.303814e+00
1583 1.790558e-10 5.298009e-02 3.297687e+00
1584 1.987347e-10 1.099039e-01 3.388152e+00
1585 2.247429e-10 1.308689e-01 3.512203e+00
1586 2.027759e-10 9.774273e-02 3.307479e+00
1587 2.292680e-10 1.306474e-01 3.294994e+00
1588 1.662260e-10 2.749708e-01 3.318700e+00
1589 1.890879e-10 1.375346e-01 3.133248e+00
1590 1.658632e-10 1.228246e-01 3.323456e+00
1591 1.761855e-10 6.223380e-02 3.289071e+00
1592 1.813620e-10 2.938111e-02 3.255059e+00
1593 2.063802e-10 1.379462e-01 3.277676e+00
1594 1.518361e-10 2.642896e-01 3.331587e+00
1595 1.508359e-10 6.587366e-03 3.353230e+00
1596 1.618070e-10 7.273542e-02 3.171326e+00
1597 1.611078e-10 4.321311e-03 3.291730e+00
1598 1.796868e-10 1.153205e-01 3.359441e+00
1599 1.882124e-10 4.744713e-02 3.125818e+00
1600 1.494723e-10 2.058319e-01 3.271390e+00
1601 1.755258e-10 1.743031e-01 3.236303e+00
1602 1.391027e-10 2.075084e-01 3.338852e+00
1603 1.450337e-10 4.263700e-02 3.286524e+00
1604 1.589265e-10 9.579078e-02 3.350724e+00
1605 1.576097e-10 8.285813e-03 3.468198e+00
1606 1.725879e-10 9.503375e-02 3.390916e+00
1607 1.928745e-10 1.175433e-01 3.351060e+00
1608 1.190149e-10 3.829412e-01 3.218474e+00
1609 1.688942e-10 4.191015e-01 3.195547e+00
1610 1.385965e-10 1.793890e-01 3.333921e+00
1611 1.336502e-10 3.568825e-02 3.483135e+00
1612 1.191509e-10 1.084869e-01 3.300137e+00
1613 1.616887e-10 3.570073e-01 3.310123e+00
1614 1.191730e-10 2.629477e-01 3.343166e+00
1615 1.262292e-10 5.921009e-02 3.284422e+00
1616 1.279759e-10 1.383675e-02 3.220883e+00
1617 1.567407e-10 2.247680e-01 3.360995e+00
1618 1.145575e-10 2.691276e-01 3.396171e+00
1619 1.551640e-10 3.544642e-01 3.588930e+00
1620 1.303424e-10 1.599700e-01 3.269194e+00
1621 1.153315e-10 1.151650e-01 3.197557e+00
1622 1.305968e-10 1.323596e-01 3.228459e+00
1623 1.215269e-10 6.944932e-02 3.250121e+00
1624 1.210680e-10 3.775750e-03 3.355267e+00
1625 1.761578e-10 4.550310e-01 3.176175e+00
1626 1.241833e-10 2.950448e-01 3.422966e+00
1627 1.226793e-10 1.211128e-02 3.191288e+00
1628 1.313298e-10 7.051331e-02 3.260419e+00
1629 1.429266e-10 8.830228e-02 3.366125e+00
1630 1.262936e-10 1.163739e-01 3.555039e+00
1631 1.351387e-10 7.003548e-02 3.633105e+00
1632 1.181863e-10 1.254439e-01 3.044933e+00
1633 9.984058e-11 1.552275e-01 2.959023e+00
