1 1.139233e-02 1.000000e+00 3.790251e+00
2 3.648943e-03 6.797018e-01 3.990592e+00
3 3.002473e-03 1.771664e-01 3.991787e+00
4 1.702785e-03 4.328724e-01 3.959630e+00
5 1.443475e-03 1.522858e-01 3.822773e+00
6 1.259819e-03 1.272317e-01 3.783508e+00
7 7.930010e-04 3.705439e-01 3.983849e+00
8 3.155162e-04 6.021239e-01 3.831343e+00
9 2.218846e-04 2.967568e-01 3.960050e+00
10 1.938008e-04 1.265696e-01 3.799303e+00
11 1.649452e-04 1.488931e-01 3.847851e+00
12 1.613718e-04 2.166381e-02 3.680246e+00
13 1.434462e-04 1.110825e-01 3.543721e+00
14 1.263531e-04 1.191604e-01 3.807597e+00
15 1.123121e-04 1.111253e-01 3.879157e+00
16 1.159017e-04 3.196070e-02 4.103515e+00
17 1.051339e-04 9.290481e-02 4.087663e+00
18 1.081963e-04 2.912876e-02 3.784297e+00
19 1.037981e-04 4.064950e-02 3.831517e+00
20 1.015330e-04 2.182309e-02 3.848133e+00
21 9.238526e-05 9.009579e-02 3.659650e+00
22 9.120282e-05 1.279904e-02 3.880192e+00
23 8.792050e-05 3.598925e-02 3.895415e+00
24 8.956187e-05 1.866887e-02 3.735348e+00
25 8.883428e-05 8.123880e-03 3.472062e+00
26 8.779803e-05 1.166497e-02 3.558935e+00
27 8.259504e-05 5.926100e-02 3.544627e+00
28 8.394236e-05 1.631244e-02 3.941792e+00
29 7.844264e-05 6.551780e-02 4.308154e+00
30 8.003722e-05 2.032790e-02 3.624396e+00
31 7.580131e-05 5.292418e-02 3.782985e+00
32 7.649455e-05 9.145496e-03 3.727905e+00
33 7.521227e-05 1.676308e-02 3.823793e+00
34 7.593928e-05 9.666111e-03 3.743518e+00
35 7.440194e-05 2.024438e-02 3.792358e+00
36 7.161894e-05 3.740489e-02 3.655834e+00
37 7.050780e-05 1.551460e-02 3.743779e+00
38 6.985733e-05 9.225553e-03 3.862849e+00
39 6.970700e-05 2.151889e-03 3.639862e+00
40 6.844136e-05 1.815663e-02 3.631570e+00
41 6.780701e-05 9.268510e-03 3.536297e+00
42 6.775636e-05 7.469368e-04 3.599513e+00
43 6.791709e-05 2.372097e-03 3.480244e+00
44 6.780210e-05 1.693084e-03 3.431732e+00
45 6.453567e-05 4.817582e-02 3.527393e+00
46 6.227407e-05 3.504433e-02 3.711859e+00
47 5.867149e-05 5.785037e-02 3.655523e+00
48 5.731277e-05 2.315806e-02 3.694854e+00
49 5.653214e-05 1.362054e-02 3.750660e+00
50 5.405823e-05 4.376107e-02 4.391667e+00
51 4.417872e-05 1.827568e-01 4.389777e+00
52 3.970169e-05 1.013392e-01 3.551867e+00
53 3.984894e-05 3.709109e-03 3.584717e+00
54 3.880167e-05 2.628119e-02 3.774885e+00
55 3.665667e-05 5.528102e-02 3.623877e+00
56 3.662992e-05 7.297774e-04 3.615920e+00
57 3.594612e-05 1.866770e-02 3.639329e+00
58 3.495316e-05 2.762361e-02 3.655683e+00
59 3.147123e-05 9.961707e-02 3.608051e+00
60 2.856010e-05 9.250130e-02 3.703043e+00
61 2.616352e-05 8.391372e-02 3.776264e+00
62 2.497267e-05 4.551537e-02 3.695876e+00
63 2.521115e-05 9.549411e-03 3.533661e+00
64 2.490547e-05 1.212454e-02 3.487459e+00
65 2.475546e-05 6.023471e-03 3.528337e+00
66 2.491909e-05 6.609952e-03 3.447403e+00
67 2.408474e-05 3.348229e-02 3.535624e+00
68 2.240921e-05 6.956822e-02 3.687129e+00
69 2.208134e-05 1.463114e-02 3.752107e+00
70 2.150244e-05 2.621635e-02 3.639428e+00
71 2.195116e-05 2.086814e-02 3.959730e+00
72 2.065017e-05 5.926737e-02 3.832571e+00
73 2.019880e-05 2.185806e-02 3.989863e+00
74 2.025652e-05 2.857677e-03 3.590848e+00
75 2.063190e-05 1.853109e-02 3.799740e+00
76 1.962951e-05 4.858448e-02 3.592094e+00
77 1.963266e-05 1.605328e-04 3.677653e+00
78 1.895453e-05 3.454067e-02 3.711941e+00
79 1.864266e-05 1.645369e-02 3.591524e+00
80 1.851795e-05 6.689809e-03 3.551669e+00
81 1.808163e-05 2.356182e-02 3.511527e+00
82 1.713008e-05 5.262533e-02 3.448640e+00
83 1.328319e-05 2.245689e-01 3.616134e+00
84 1.179642e-05 1.119292e-01 3.599593e+00
85 1.183261e-05 3.068062e-03 3.501948e+00
86 1.152657e-05 2.586377e-02 3.519751e+00
87 1.126883e-05 2.236056e-02 3.599612e+00
88 1.088758e-05 3.383271e-02 3.575785e+00
89 1.073504e-05 1.401017e-02 3.623781e+00
90 1.102442e-05 2.695640e-02 3.477612e+00
91 1.080494e-05 1.990836e-02 3.608369e+00
92 1.132691e-05 4.830792e-02 3.567611e+00
93 1.051202e-05 7.194244e-02 3.686972e+00
94 1.100788e-05 4.717083e-02 3.583949e+00
95 6.407817e-06 4.178882e-01 3.527623e+00
96 6.164085e-06 3.803672e-02 3.559926e+00
97 6.172213e-06 1.318561e-03 3.447552e+00
98 5.772926e-06 6.469104e-02 3.512408e+00
99 5.534143e-06 4.136256e-02 3.575295e+00
100 5.416801e-06 2.120332e-02 3.495966e+00
101 5.455091e-06 7.068812e-03 3.583894e+00
102 5.467072e-06 2.196260e-03 3.551240e+00
103 5.256525e-06 3.851186e-02 3.751495e+00
104 5.533683e-06 5.272648e-02 3.736369e+00
105 5.083249e-06 8.139855e-02 3.703327e+00
106 5.304174e-06 4.346130e-02 3.600338e+00
107 6.266831e-06 1.814906e-01 3.607507e+00
108 5.159150e-06 1.767529e-01 3.495127e+00
109 5.044903e-06 2.214453e-02 3.496202e+00
110 4.694095e-06 6.953724e-02 3.279406e+00
111 4.486751e-06 4.417125e-02 3.456347e+00
112 4.353997e-06 2.958787e-02 3.495388e+00
113 4.287685e-06 1.523017e-02 3.877728e+00
114 4.246917e-06 9.508307e-03 3.864921e+00
115 4.157785e-06 2.098744e-02 3.431198e+00
116 3.974225e-06 4.414843e-02 3.464508e+00
117 3.901947e-06 1.818681e-02 3.462766e+00
118 3.907465e-06 1.414218e-03 3.527986e+00
119 3.465181e-06 1.131893e-01 3.424164e+00
120 3.356002e-06 3.150756e-02 3.455614e+00
121 3.498825e-06 4.255760e-02 3.575488e+00
122 3.419086e-06 2.279028e-02 3.463443e+00
123 3.462668e-06 1.274661e-02 3.423480e+00
124 3.486306e-06 6.826656e-03 3.415787e+00
125 3.390740e-06 2.741194e-02 3.632457e+00
126 4.641302e-06 3.688170e-01 3.447608e+00
127 3.011108e-06 3.512365e-01 3.455681e+00
128 2.830327e-06 6.003781e-02 3.439770e+00
129 2.592234e-06 8.412233e-02 3.351139e+00
130 2.506911e-06 3.291472e-02 3.360131e+00
131 2.508100e-06 4.742777e-04 3.375553e+00
132 2.392262e-06 4.618546e-02 3.519974e+00
133 2.506187e-06 4.762213e-02 3.535174e+00
134 1.983525e-06 2.085486e-01 3.648175e+00
135 2.012622e-06 1.466920e-02 3.367772e+00
136 2.038280e-06 1.274870e-02 3.503788e+00
137 2.066319e-06 1.375588e-02 3.767873e+00
138 1.822267e-06 1.181096e-01 4.118911e+00
139 1.897479e-06 4.127392e-02 4.055377e+00
140 1.908240e-06 5.671483e-03 3.607435e+00
141 1.843058e-06 3.415804e-02 3.496054e+00
142 2.560607e-06 3.893247e-01 3.551893e+00
143 1.694296e-06 3.383225e-01 3.664102e+00
144 1.771961e-06 4.583918e-02 3.583391e+00
145 1.466711e-06 1.722667e-01 3.638926e+00
146 1.350232e-06 7.941482e-02 3.461380e+00
147 1.340483e-06 7.220484e-03 3.536167e+00
148 1.331161e-06 6.954315e-03 3.471157e+00
149 1.236864e-06 7.083821e-02 3.527437e+00
150 1.366269e-06 1.046240e-01 3.639779e+00
151 1.192944e-06 1.268600e-01 3.415307e+00
152 1.183616e-06 7.819666e-03 3.559749e+00
153 1.257413e-06 6.234851e-02 3.711206e+00
154 1.307534e-06 3.986097e-02 3.767051e+00
155 1.257059e-06 3.860364e-02 3.792242e+00
156 1.205484e-06 4.102848e-02 3.655932e+00
157 1.284110e-06 6.522411e-02 3.446472e+00
158 1.092288e-06 1.493813e-01 3.535803e+00
159 1.073491e-06 1.720891e-02 3.583876e+00
160 1.066190e-06 6.801503e-03 3.551759e+00
161 1.047867e-06 1.718493e-02 3.696622e+00
162 1.549384e-06 4.786065e-01 3.687598e+00
163 1.024115e-06 3.390175e-01 3.791254e+00
164 9.966452e-07 2.682331e-02 3.687549e+00
165 1.361183e-06 3.657652e-01 3.735677e+00
166 1.246539e-06 8.422406e-02 3.727628e+00
167 9.016957e-07 2.766406e-01 3.712583e+00
168 9.520954e-07 5.589431e-02 3.695595e+00
169 1.036674e-06 8.883443e-02 3.767534e+00
170 8.942178e-07 1.374167e-01 3.727309e+00
171 8.043167e-07 1.005361e-01 3.680743e+00
172 8.114064e-07 8.814589e-03 3.665525e+00
173 1.098264e-06 3.535314e-01 3.742149e+00
174 7.810426e-07 2.888390e-01 3.728102e+00
175 7.723515e-07 1.112747e-02 3.623276e+00
176 9.011154e-07 1.667166e-01 3.704295e+00
177 1.026478e-06 1.391197e-01 3.839991e+00
178 1.002949e-06 2.292240e-02 3.551930e+00
179 6.695893e-07 3.323795e-01 3.630225e+00
180 6.876620e-07 2.699081e-02 3.831611e+00
181 6.407905e-07 6.816076e-02 3.687780e+00
182 6.943066e-07 8.351576e-02 3.631605e+00
183 6.365617e-07 8.316911e-02 3.647717e+00
184 5.782940e-07 9.153501e-02 3.711617e+00
185 6.176771e-07 6.810212e-02 3.751499e+00
186 5.491757e-07 1.109016e-01 3.599893e+00
187 4.907742e-07 1.063440e-01 3.815030e+00
188 7.438140e-07 5.155932e-01 3.526939e+00
189 4.972616e-07 3.314705e-01 3.440647e+00
190 4.813516e-07 3.199526e-02 3.550931e+00
191 5.347484e-07 1.109310e-01 3.600027e+00
192 5.877682e-07 9.914916e-02 3.543780e+00
193 4.529578e-07 2.293598e-01 3.639848e+00
194 4.944731e-07 9.165380e-02 3.783215e+00
195 5.449146e-07 1.020105e-01 3.735855e+00
196 5.527853e-07 1.444391e-02 3.744222e+00
197 4.695475e-07 1.505788e-01 4.019051e+00
198 4.057492e-07 1.358718e-01 3.959454e+00
199 6.789770e-07 6.733907e-01 3.615713e+00
200 4.304871e-07 3.659769e-01 3.784525e+00
201 5.395670e-07 2.533871e-01 3.678920e+00
202 3.519113e-07 3.477893e-01 3.631076e+00
203 3.482737e-07 1.033683e-02 3.759974e+00
204 3.351368e-07 3.771990e-02 3.831973e+00
205 3.458972e-07 3.210752e-02 3.791115e+00
206 3.499422e-07 1.169415e-02 3.696402e+00
207 4.708516e-07 3.455124e-01 3.774784e+00
208 3.160975e-07 3.286686e-01 3.776042e+00
209 3.276205e-07 3.645410e-02 4.000746e+00
210 3.160073e-07 3.544707e-02 3.735811e+00
211 4.693956e-07 4.853946e-01 3.704213e+00
212 3.209635e-07 3.162196e-01 3.592078e+00
213 5.101290e-07 5.893677e-01 3.607176e+00
214 5.093381e-07 1.550488e-03 3.703803e+00
215 4.906888e-07 3.661474e-02 3.495568e+00
216 2.092980e-07 5.734609e-01 3.519672e+00
217 2.486752e-07 1.881396e-01 3.480283e+00
218 2.648772e-07 6.515321e-02 3.437883e+00
219 2.066652e-07 2.197697e-01 3.623670e+00
220 2.613774e-07 2.647380e-01 3.656524e+00
221 1.923397e-07 2.641302e-01 3.739813e+00
222 2.153455e-07 1.196102e-01 3.472060e+00
223 1.289496e-07 4.011968e-01 3.541763e+00
224 1.601637e-07 2.420646e-01 3.416122e+00
225 1.490031e-07 6.968234e-02 3.575345e+00
226 1.920807e-07 2.891054e-01 3.647771e+00
227 1.369387e-07 2.870772e-01 3.599862e+00
228 1.519022e-07 1.092710e-01 3.711641e+00
229 1.235421e-07 1.866998e-01 3.887721e+00
230 1.363494e-07 1.036679e-01 3.863315e+00
231 1.562609e-07 1.460324e-01 3.879780e+00
232 9.249818e-08 4.080528e-01 3.791673e+00
233 1.005542e-07 8.709433e-02 3.654715e+00
234 8.411920e-08 1.634445e-01 3.439869e+00
235 1.753297e-07 1.084300e+00 3.391717e+00
236 1.223328e-07 3.022697e-01 3.552485e+00
237 1.147639e-07 6.187117e-02 3.599356e+00
238 8.155264e-08 2.893879e-01 3.640142e+00
239 1.312114e-07 6.089167e-01 3.719195e+00
240 1.029886e-07 2.150939e-01 3.688201e+00
241 9.140753e-08 1.124503e-01 3.743724e+00
242 4.919096e-08 4.618500e-01 4.590088e+00
243 6.920558e-08 4.068758e-01 4.473967e+00
244 5.858530e-08 1.534599e-01 3.511992e+00
245 8.119178e-08 3.858730e-01 3.639868e+00
246 5.309796e-08 3.460181e-01 3.670873e+00
247 5.721200e-08 7.748021e-02 3.640203e+00
248 4.965931e-08 1.320124e-01 3.511562e+00
249 5.522044e-08 1.119857e-01 3.631374e+00
250 5.694671e-08 3.126147e-02 3.639935e+00
251 7.030769e-08 2.346226e-01 3.551885e+00
252 4.224173e-08 3.991877e-01 3.503423e+00
253 8.406491e-08 9.900916e-01 3.567180e+00
254 4.799530e-08 4.290685e-01 3.584557e+00
255 8.752877e-08 8.236945e-01 3.591407e+00
256 4.810823e-08 4.503724e-01 3.359660e+00
257 6.765410e-08 4.062896e-01 3.479711e+00
258 6.153179e-08 9.049435e-02 3.519424e+00
259 4.503785e-08 2.680555e-01 3.592359e+00
260 3.704797e-08 1.774038e-01 3.479106e+00
261 6.287215e-08 6.970472e-01 3.472518e+00
262 3.426903e-08 4.549411e-01 3.478990e+00
263 4.275980e-08 2.477681e-01 3.870883e+00
264 3.328638e-08 2.215495e-01 3.847403e+00
265 3.531900e-08 6.106440e-02 3.624180e+00
266 3.741494e-08 5.934330e-02 3.575192e+00
267 3.885042e-08 3.836641e-02 3.791123e+00
268 3.225899e-08 1.696616e-01 3.671903e+00
269 3.915548e-08 2.137848e-01 3.623907e+00
270 2.976324e-08 2.398702e-01 3.623763e+00
271 3.291566e-08 1.059163e-01 3.631543e+00
272 2.640837e-08 1.976959e-01 3.727891e+00
273 2.848309e-08 7.856288e-02 3.599433e+00
274 2.514019e-08 1.173643e-01 3.936432e+00
275 2.989184e-08 1.890062e-01 4.007128e+00
276 3.581496e-08 1.981518e-01 3.647557e+00
277 3.288109e-08 8.191758e-02 3.608121e+00
278 2.668896e-08 1.883189e-01 3.743287e+00
279 3.527874e-08 3.218477e-01 3.599784e+00
280 3.247535e-08 7.946391e-02 3.528327e+00
281 3.409296e-08 4.981028e-02 3.639859e+00
282 3.083423e-08 9.558367e-02 3.703002e+00
283 2.486516e-08 1.935857e-01 3.704297e+00
284 2.213136e-08 1.099449e-01 3.751940e+00
285 2.393946e-08 8.169854e-02 3.894733e+00
286 3.163917e-08 3.216324e-01 3.709163e+00
287 3.447412e-08 8.960268e-02 3.648165e+00
288 2.592988e-08 2.478451e-01 3.463919e+00
289 2.146674e-08 1.721233e-01 3.432105e+00
290 2.204771e-08 2.706355e-02 3.616304e+00
291 2.166217e-08 1.748651e-02 3.623923e+00
292 2.032119e-08 6.190439e-02 3.687115e+00
293 2.356412e-08 1.595838e-01 3.759354e+00
294 1.479959e-08 3.719438e-01 3.815969e+00
295 2.226218e-08 5.042430e-01 3.815593e+00
296 1.356238e-08 3.907882e-01 3.815714e+00
297 2.503704e-08 8.460644e-01 3.965322e+00
298 1.326461e-08 4.702006e-01 3.824215e+00
299 2.333582e-08 7.592550e-01 3.551367e+00
300 1.409532e-08 3.959791e-01 3.535264e+00
301 2.028277e-08 4.389717e-01 3.543795e+00
302 1.648938e-08 1.870254e-01 3.823788e+00
303 1.490706e-08 9.595961e-02 3.791895e+00
304 1.641910e-08 1.014305e-01 4.004887e+00
305 1.322212e-08 1.947106e-01 3.654600e+00
306 1.492636e-08 1.288930e-01 3.664017e+00
307 1.533994e-08 2.770817e-02 3.823499e+00
308 1.894769e-08 2.351864e-01 3.920031e+00
309 1.264589e-08 3.325896e-01 3.997012e+00
310 1.487713e-08 1.764403e-01 3.575452e+00
311 9.962221e-09 3.303667e-01 3.592023e+00
312 1.485542e-08 4.911756e-01 3.687447e+00
313 9.915594e-09 3.325269e-01 3.648010e+00
314 1.321890e-08 3.331421e-01 3.376011e+00
315 8.363812e-09 3.672836e-01 3.543709e+00
316 1.595835e-08 9.080240e-01 3.614890e+00
317 1.013177e-08 3.651119e-01 3.776156e+00
318 1.281446e-08 2.647800e-01 3.791645e+00
319 8.914232e-09 3.043614e-01 3.631595e+00
320 1.306088e-08 4.651715e-01 3.797067e+00
321 1.086256e-08 1.683134e-01 3.759355e+00
322 8.483496e-09 2.190148e-01 3.784047e+00
323 1.269939e-08 4.969524e-01 3.807167e+00
324 9.115037e-09 2.822461e-01 3.736083e+00
325 8.778312e-09 3.694170e-02 3.727560e+00
326 1.274279e-08 4.516220e-01 3.655601e+00
327 7.334506e-09 4.244191e-01 3.768128e+00
328 1.299259e-08 7.714332e-01 3.719900e+00
329 5.956409e-09 5.415533e-01 3.711138e+00
330 1.238485e-08 1.079248e+00 3.823812e+00
331 1.499002e-08 2.103510e-01 3.913394e+00
332 1.289996e-08 1.394300e-01 3.648448e+00
333 9.893594e-09 2.330525e-01 3.503519e+00
334 6.927074e-09 2.998425e-01 3.455407e+00
335 1.167214e-08 6.850027e-01 3.575554e+00
336 6.214875e-09 4.675462e-01 3.512017e+00
337 1.732815e-08 1.788173e+00 3.591786e+00
338 8.708624e-09 4.974290e-01 3.623968e+00
339 1.796558e-08 1.062964e+00 3.759095e+00
340 8.935622e-09 5.026255e-01 3.768086e+00
341 1.640929e-08 8.363901e-01 3.670985e+00
342 9.338023e-09 4.309306e-01 3.799767e+00
343 1.606136e-08 7.199962e-01 3.623813e+00
344 9.480348e-09 4.097421e-01 3.480001e+00
345 1.464934e-08 5.452326e-01 3.391701e+00
346 9.885107e-09 3.252184e-01 3.687509e+00
347 1.387662e-08 4.037902e-01 3.535501e+00
348 9.516675e-09 3.141934e-01 3.583782e+00
349 7.174510e-09 2.461116e-01 3.798756e+00
350 1.037330e-08 4.458553e-01 3.615988e+00
351 6.065048e-09 4.153214e-01 4.087674e+00
352 1.719376e-08 1.834892e+00 3.926840e+00
353 7.377092e-09 5.709435e-01 3.735576e+00
354 1.301110e-08 7.637163e-01 3.703174e+00
355 7.693117e-09 4.087266e-01 3.663809e+00
356 8.610547e-09 1.192534e-01 3.695455e+00
357 8.899228e-09 3.352644e-02 3.696153e+00
358 6.605377e-09 2.577584e-01 3.711667e+00
359 1.436652e-08 1.174974e+00 3.695647e+00
360 1.592312e-08 1.083491e-01 3.623591e+00
361 1.021445e-08 3.585146e-01 3.719866e+00
362 1.436739e-08 4.065752e-01 4.317692e+00
363 9.353867e-09 3.489516e-01 4.383425e+00
364 1.007584e-08 7.718409e-02 3.503926e+00
365 9.498535e-09 5.729567e-02 3.543259e+00
366 1.124906e-08 1.842941e-01 3.631669e+00
367 9.205861e-09 1.816327e-01 3.632061e+00
368 1.204869e-08 3.088068e-01 3.815284e+00
369 9.936409e-09 1.753124e-01 3.464520e+00
370 9.866126e-09 7.073269e-03 3.839580e+00
371 9.541821e-09 3.287054e-02 3.551792e+00
372 9.612351e-09 7.391674e-03 3.535506e+00
373 9.181857e-09 4.478550e-02 3.639471e+00
374 9.037395e-09 1.573339e-02 3.919691e+00
375 9.344774e-09 3.401182e-02 3.851608e+00
376 9.222663e-09 1.306726e-02 3.599947e+00
377 9.663400e-09 4.778850e-02 3.599578e+00
378 9.601501e-09 6.405525e-03 3.591888e+00
379 9.609099e-09 7.912687e-04 3.640101e+00
380 9.385341e-09 2.328599e-02 3.543677e+00
381 9.000768e-09 4.097594e-02 3.687753e+00
382 9.429380e-09 4.761946e-02 3.744043e+00
383 8.861673e-09 6.020617e-02 3.583634e+00
384 9.120543e-09 2.921230e-02 3.783188e+00
385 9.229965e-09 1.199740e-02 3.816015e+00
386 9.574442e-09 3.732159e-02 3.934080e+00
387 8.723599e-09 8.886607e-02 3.710777e+00
388 9.134021e-09 4.704725e-02 3.695554e+00
389 8.406458e-09 7.965413e-02 3.719913e+00
390 8.824966e-09 4.978412e-02 3.664105e+00
391 8.632681e-09 2.178881e-02 3.695553e+00
392 9.002118e-09 4.279513e-02 3.711244e+00
393 8.222528e-09 8.660070e-02 3.872384e+00
394 8.375692e-09 1.862735e-02 3.783482e+00
395 7.975909e-09 4.773133e-02 3.735530e+00
396 8.152199e-09 2.210284e-02 3.575465e+00
397 8.162426e-09 1.254513e-03 4.255177e+00
398 8.133835e-09 3.502719e-03 3.688374e+00
399 7.900853e-09 2.864361e-02 3.807470e+00
400 8.150797e-09 3.163505e-02 3.799239e+00
401 7.967644e-09 2.247050e-02 3.895977e+00
402 7.992593e-09 3.131253e-03 3.719114e+00
403 7.887840e-09 1.310626e-02 3.767707e+00
404 7.939820e-09 6.589817e-03 3.735399e+00
405 7.503613e-09 5.493910e-02 3.750792e+00
406 7.544418e-09 5.437976e-03 3.887841e+00
407 7.335905e-09 2.763801e-02 3.903871e+00
408 8.125829e-09 1.076791e-01 3.863469e+00
409 7.400546e-09 8.925642e-02 3.671517e+00
410 6.984092e-09 5.627352e-02 3.767624e+00
411 6.888923e-09 1.362643e-02 3.775404e+00
412 6.911512e-09 3.278974e-03 3.759406e+00
413 6.713113e-09 2.870555e-02 3.727757e+00
414 6.647942e-09 9.708094e-03 3.792473e+00
415 6.540933e-09 1.609657e-02 4.055036e+00
416 6.341112e-09 3.054925e-02 3.720351e+00
417 6.565691e-09 3.541635e-02 3.871107e+00
418 6.397749e-09 2.557881e-02 3.989746e+00
419 6.207316e-09 2.976559e-02 3.712115e+00
420 6.492390e-09 4.592557e-02 3.631585e+00
421 6.469508e-09 3.524541e-03 3.703899e+00
422 6.038493e-09 6.662245e-02 3.663941e+00
423 6.179302e-09 2.331848e-02 3.727582e+00
424 6.122749e-09 9.151877e-03 3.591628e+00
425 5.908787e-09 3.494553e-02 3.886620e+00
426 6.181651e-09 4.617943e-02 3.728439e+00
427 5.805809e-09 6.079965e-02 3.630970e+00
428 5.700306e-09 1.817196e-02 3.663476e+00
429 5.814547e-09 2.004118e-02 3.663469e+00
430 5.827656e-09 2.254568e-03 3.608025e+00
431 5.565468e-09 4.499035e-02 3.655735e+00
432 5.272058e-09 5.271963e-02 3.839709e+00
433 5.646324e-09 7.099035e-02 3.759490e+00
434 5.461905e-09 3.266177e-02 3.711757e+00
435 5.336986e-09 2.287099e-02 3.759869e+00
436 5.301878e-09 6.578084e-03 3.839918e+00
437 5.220767e-09 1.529854e-02 3.806875e+00
438 5.029390e-09 3.665700e-02 3.727627e+00
439 5.122936e-09 1.859993e-02 3.648318e+00
440 5.047035e-09 1.481582e-02 3.735241e+00
441 5.140377e-09 1.849436e-02 3.671895e+00
442 4.758068e-09 7.437374e-02 3.864027e+00
443 4.979605e-09 4.656033e-02 3.987228e+00
444 4.568271e-09 8.260386e-02 3.727507e+00
445 4.777096e-09 4.571218e-02 3.623180e+00
446 4.316867e-09 9.634076e-02 3.672578e+00
447 4.772209e-09 1.054798e-01 3.783146e+00
448 4.350303e-09 8.840903e-02 3.711345e+00
449 4.640519e-09 6.671164e-02 3.607799e+00
450 4.206032e-09 9.362899e-02 3.663761e+00
451 4.611388e-09 9.637510e-02 3.686561e+00
452 3.969763e-09 1.391393e-01 3.744176e+00
453 4.474945e-09 1.272576e-01 3.728076e+00
454 3.799332e-09 1.509768e-01 3.679723e+00
455 4.498879e-09 1.841237e-01 3.655783e+00
456 3.769952e-09 1.620243e-01 3.759067e+00
457 4.703631e-09 2.476634e-01 3.727994e+00
458 3.728461e-09 2.073229e-01 3.783764e+00
459 4.418789e-09 1.851510e-01 3.719454e+00
460 3.580446e-09 1.897222e-01 3.616040e+00
461 4.457143e-09 2.448566e-01 3.751621e+00
462 3.608967e-09 1.902959e-01 3.696150e+00
463 3.934477e-09 9.019478e-02 3.879448e+00
464 3.587724e-09 8.813180e-02 3.717415e+00
465 4.067417e-09 1.337039e-01 3.727611e+00
466 3.515715e-09 1.356394e-01 3.631131e+00
467 4.118995e-09 1.715952e-01 3.767867e+00
468 4.232192e-09 2.748176e-02 3.839572e+00
469 2.036656e-09 5.187705e-01 4.071817e+00
470 3.429575e-09 6.839248e-01 3.936063e+00
471 2.009411e-09 4.140934e-01 3.695939e+00
472 3.841662e-09 9.118352e-01 3.583038e+00
473 3.637102e-09 5.324799e-02 3.688015e+00
474 2.051577e-09 4.359308e-01 3.743975e+00
475 4.626274e-09 1.254984e+00 3.656092e+00
476 3.208467e-09 3.064685e-01 3.735608e+00
477 4.083902e-09 2.728516e-01 3.774376e+00
478 2.465988e-09 3.961687e-01 3.832418e+00
479 3.689889e-09 4.963124e-01 3.647551e+00
480 1.920017e-09 4.796546e-01 3.807330e+00
481 3.438634e-09 7.909398e-01 3.911964e+00
482 1.470828e-09 5.722640e-01 3.615661e+00
483 2.874895e-09 9.546106e-01 3.663272e+00
484 1.194359e-09 5.845555e-01 3.719149e+00
485 2.974898e-09 1.490790e+00 3.688473e+00
486 1.173079e-09 6.056743e-01 3.695148e+00
487 3.031975e-09 1.584631e+00 3.744390e+00
488 1.315152e-09 5.662392e-01 3.599486e+00
489 3.164008e-09 1.405811e+00 3.711192e+00
490 1.206294e-09 6.187451e-01 3.744014e+00
491 2.875534e-09 1.383777e+00 4.326404e+00
492 1.067077e-09 6.289116e-01 3.943160e+00
493 3.010260e-09 1.821033e+00 3.670499e+00
494 1.692143e-09 4.378750e-01 3.678231e+00
495 1.227600e-09 2.745291e-01 3.704404e+00
496 3.242526e-09 1.641354e+00 3.655616e+00
497 1.885523e-09 4.185020e-01 3.719343e+00
498 1.068263e-09 4.334390e-01 3.687895e+00
499 2.883903e-09 1.699617e+00 3.839667e+00
500 9.854613e-10 6.582890e-01 3.783519e+00
501 2.684852e-09 1.724462e+00 3.701892e+00
502 1.536416e-09 4.277467e-01 3.782333e+00
503 2.753892e-09 7.924136e-01 3.927990e+00
504 1.048099e-09 6.194119e-01 3.676746e+00
505 2.755608e-09 1.629150e+00 3.686997e+00
506 9.286728e-10 6.629881e-01 3.575947e+00
507 2.512350e-09 1.705312e+00 3.656096e+00
508 9.728559e-10 6.127705e-01 3.696020e+00
509 2.526042e-09 1.596522e+00 3.734661e+00
510 1.158015e-09 5.415693e-01 3.760613e+00
511 2.558646e-09 1.209510e+00 3.727279e+00
512 9.928998e-10 6.119433e-01 3.735909e+00
513 2.520585e-09 1.538610e+00 3.656452e+00
514 1.222765e-09 5.148882e-01 3.616041e+00
515 2.534493e-09 1.072755e+00 3.696151e+00
516 9.710268e-10 6.168753e-01 3.647045e+00
517 2.402474e-09 1.474158e+00 3.615423e+00
518 9.835081e-10 5.906270e-01 3.615325e+00
519 2.444357e-09 1.485346e+00 3.727928e+00
520 9.341874e-10 6.178188e-01 3.606526e+00
521 2.532259e-09 1.710654e+00 3.600162e+00
522 1.084228e-09 5.718335e-01 3.664013e+00
523 2.418295e-09 1.230430e+00 4.455274e+00
524 9.904857e-10 5.904199e-01 4.039581e+00
525 2.408586e-09 1.431722e+00 3.696042e+00
526 9.767017e-10 5.944916e-01 3.535738e+00
527 2.414478e-09 1.472073e+00 3.583376e+00
528 9.555686e-10 6.042338e-01 3.631933e+00
529 2.416713e-09 1.529083e+00 3.816045e+00
530 9.066522e-10 6.248407e-01 3.815087e+00
531 2.395147e-09 1.641748e+00 3.728235e+00
532 8.905666e-10 6.281787e-01 3.639367e+00
533 2.433668e-09 1.732718e+00 3.670158e+00
534 9.710027e-10 6.010126e-01 4.046578e+00
535 2.427145e-09 1.499627e+00 3.632491e+00
536 9.851726e-10 5.941023e-01 3.519348e+00
537 2.533551e-09 1.571683e+00 3.519268e+00
538 1.078904e-09 5.741534e-01 3.687846e+00
539 2.528016e-09 1.343133e+00 3.720009e+00
540 1.033859e-09 5.910392e-01 3.799983e+00
541 2.253221e-09 1.179427e+00 3.629881e+00
542 6.951826e-10 6.914716e-01 3.695831e+00
543 2.214409e-09 2.185363e+00 3.655938e+00
544 6.991637e-10 6.842662e-01 3.583705e+00
545 2.427958e-09 2.472660e+00 3.558523e+00
546 1.543761e-09 3.641732e-01 3.558266e+00
547 1.073973e-09 3.043137e-01 3.495455e+00
548 5.047685e-09 3.700011e+00 3.607322e+00
549 1.850403e-09 6.334155e-01 3.719998e+00
550 2.600895e-09 4.055830e-01 3.711997e+00
551 3.219331e-09 2.377781e-01 3.736053e+00
552 1.619205e-09 4.970368e-01 3.575559e+00
553 2.902927e-09 7.928101e-01 4.134322e+00
554 1.327858e-09 5.425798e-01 3.879387e+00
555 2.759811e-09 1.078394e+00 3.679690e+00
556 1.183667e-09 5.711056e-01 3.704025e+00
557 2.644486e-09 1.234146e+00 3.575545e+00
558 1.088713e-09 5.883081e-01 3.735254e+00
559 7.626266e-09 6.004842e+00 3.631617e+00
560 7.441708e-09 2.420024e-02 3.520097e+00
561 4.892362e-09 3.425754e-01 3.679464e+00
562 3.637821e-09 2.564286e-01 3.712193e+00
563 2.449019e-09 3.267895e-01 3.557545e+00
564 1.108414e-09 5.474051e-01 3.847942e+00
565 2.061549e-09 8.599096e-01 3.807711e+00
566 6.409178e-10 6.891087e-01 3.719014e+00
567 2.315127e-09 2.612206e+00 3.607836e+00
568 9.191925e-10 6.029623e-01 3.616037e+00
569 2.351118e-09 1.557808e+00 3.648061e+00
570 1.258347e-09 4.647879e-01 3.663099e+00
571 2.246949e-09 7.856357e-01 3.631005e+00
572 8.863184e-10 6.055458e-01 3.727701e+00
573 2.188326e-09 1.469007e+00 3.768044e+00
574 7.560259e-10 6.545186e-01 3.679619e+00
575 5.545321e-09 6.334830e+00 3.703684e+00
576 4.124784e-09 2.561686e-01 3.734133e+00
577 4.284302e-09 3.867307e-02 3.854782e+00
578 3.480936e-09 1.875138e-01 3.710708e+00
579 4.045335e-09 1.621399e-01 3.726270e+00
580 3.206321e-09 2.074028e-01 3.614436e+00
581 3.935717e-09 2.274867e-01 3.647719e+00
582 3.084583e-09 2.162588e-01 3.664322e+00
583 3.792492e-09 2.294990e-01 3.590190e+00
584 3.004842e-09 2.076867e-01 3.631803e+00
585 2.264572e-09 2.463589e-01 3.679506e+00
586 8.023646e-10 6.456882e-01 3.967608e+00
587 1.989073e-09 1.479013e+00 4.023081e+00
588 6.330043e-10 6.817591e-01 4.188427e+00
589 2.027161e-09 2.202445e+00 3.863254e+00
590 6.436962e-10 6.824642e-01 3.848041e+00
591 1.976421e-09 2.070425e+00 3.687038e+00
592 6.462311e-10 6.730296e-01 3.783583e+00
593 1.901263e-09 1.942079e+00 3.640417e+00
594 5.775945e-10 6.962048e-01 3.608011e+00
595 1.706376e-09 1.954281e+00 3.671123e+00
596 4.498424e-10 7.363756e-01 3.679540e+00
597 2.208583e-09 3.909681e+00 3.631915e+00
598 7.454700e-10 6.624668e-01 3.815755e+00
599 1.990937e-09 1.670714e+00 3.727593e+00
600 5.730123e-10 7.121896e-01 3.680288e+00
601 1.694617e-09 1.957384e+00 3.735453e+00
602 3.793900e-10 7.761206e-01 3.839499e+00
603 1.729181e-09 3.557794e+00 3.807697e+00
604 9.246935e-10 4.652420e-01 3.687129e+00
605 2.165443e-09 1.341795e+00 3.935044e+00
606 5.323612e-10 7.541560e-01 3.878771e+00
607 1.662919e-09 2.123666e+00 3.663216e+00
608 3.160898e-09 9.008133e-01 3.735437e+00
609 1.166098e-09 6.310864e-01 3.744742e+00
610 9.893746e-10 1.515513e-01 3.798822e+00
611 1.981111e-09 1.002387e+00 3.503047e+00
612 7.631842e-10 6.147695e-01 3.504132e+00
613 1.611198e-09 1.111152e+00 3.727294e+00
614 4.610968e-10 7.138174e-01 3.592561e+00
615 1.974710e-09 3.282636e+00 3.631577e+00
616 7.589558e-10 6.156621e-01 3.959637e+00
617 1.490316e-09 9.636406e-01 3.843736e+00
618 6.504984e-10 5.635166e-01 3.598303e+00
619 1.869078e-09 1.873301e+00 3.780339e+00
620 7.412814e-10 6.033973e-01 3.847382e+00
621 1.745962e-09 1.355330e+00 3.560361e+00
622 6.251936e-10 6.419203e-01 3.663377e+00
623 1.702900e-09 1.723797e+00 3.679360e+00
624 4.999038e-10 7.064398e-01 3.735960e+00
625 1.599431e-09 2.199478e+00 3.782661e+00
626 1.134051e-09 2.909659e-01 3.663134e+00
627 1.794026e-09 5.819625e-01 3.975076e+00
628 7.496843e-10 5.821219e-01 3.623671e+00
629 2.230529e-09 1.975291e+00 3.879590e+00
630 1.466713e-09 3.424370e-01 3.712179e+00
631 1.853457e-09 2.636806e-01 3.655677e+00
632 7.937112e-10 5.717671e-01 3.600051e+00
633 1.847086e-09 1.327151e+00 3.575502e+00
634 8.984281e-10 5.135970e-01 3.639627e+00
635 1.814081e-09 1.019173e+00 3.728036e+00
636 7.369809e-10 5.937443e-01 3.599286e+00
637 1.774372e-09 1.407623e+00 3.839852e+00
638 8.036938e-10 5.470545e-01 3.871430e+00
639 1.599795e-09 9.905534e-01 3.704370e+00
640 8.052629e-10 4.966464e-01 3.759520e+00
641 1.615245e-09 1.005861e+00 3.447426e+00
642 7.475355e-10 5.372001e-01 3.607898e+00
643 1.554192e-09 1.079088e+00 3.760503e+00
644 5.879499e-10 6.217005e-01 3.550985e+00
645 1.421274e-09 1.417338e+00 3.615040e+00
646 5.692881e-10 5.994522e-01 3.672024e+00
647 1.411052e-09 1.478626e+00 3.695678e+00
648 5.398039e-10 6.174459e-01 3.638607e+00
649 1.465729e-09 1.715300e+00 3.614612e+00
650 5.099122e-10 6.521103e-01 3.695820e+00
651 1.378539e-09 1.703482e+00 3.632140e+00
652 4.747596e-10 6.556066e-01 3.687287e+00
653 1.413817e-09 1.977964e+00 3.624264e+00
654 4.305225e-10 6.954892e-01 3.607255e+00
655 1.434654e-09 2.332355e+00 3.472346e+00
656 2.849214e-10 8.014005e-01 3.559893e+00
657 1.555374e-09 4.458959e+00 3.884417e+00
658 3.857638e-10 7.519801e-01 3.319611e+00
659 1.561342e-09 3.047403e+00 3.423705e+00
660 9.101432e-10 4.170762e-01 3.565845e+00
661 4.395793e-10 5.170219e-01 3.695480e+00
662 1.479241e-09 2.365130e+00 3.486529e+00
663 7.394928e-10 5.000865e-01 3.480181e+00
664 2.046737e-09 1.767758e+00 3.735709e+00
665 1.077905e-09 4.733545e-01 3.654183e+00
666 3.783358e-09 2.509919e+00 3.543638e+00
667 2.198409e-09 4.189264e-01 3.566828e+00
668 1.556585e-09 2.919495e-01 3.655437e+00
669 1.464295e-09 5.928967e-02 3.683392e+00
670 1.192728e-09 1.854595e-01 3.520474e+00
671 9.988425e-10 1.625563e-01 3.608328e+00
672 1.153980e-09 1.553175e-01 3.463450e+00
673 6.761531e-10 4.140687e-01 3.391410e+00
674 6.387119e-10 5.537395e-02 3.343912e+00
675 4.694931e-10 2.649375e-01 3.424343e+00
676 5.968989e-10 2.713687e-01 3.621712e+00
677 3.900593e-10 3.465236e-01 3.510673e+00
678 5.494588e-10 4.086545e-01 3.455582e+00
679 3.956936e-10 2.798485e-01 4.000008e+00
680 5.706423e-10 4.421318e-01 4.242455e+00
681 3.337214e-10 4.151829e-01 3.215221e+00
682 3.632030e-10 8.834207e-02 3.208537e+00
683 3.638608e-10 1.811128e-03 3.175847e+00
684 3.746795e-10 2.973301e-02 3.263561e+00
685 2.291498e-10 3.884112e-01 3.503013e+00
686 2.507671e-10 9.433682e-02 3.375393e+00
687 2.527962e-10 8.091790e-03 3.504163e+00
688 2.650977e-10 4.866170e-02 3.887375e+00
689 2.292678e-10 1.351573e-01 3.439041e+00
690 1.895731e-10 1.731368e-01 3.391854e+00
691 1.772614e-10 6.494437e-02 3.552362e+00
692 2.176759e-10 2.279935e-01 3.278808e+00
693 1.648127e-10 2.428526e-01 3.365362e+00
694 2.302699e-10 3.971611e-01 3.127839e+00
695 1.750972e-10 2.396004e-01 3.231272e+00
696 1.654422e-10 5.514049e-02 3.344200e+00
697 1.746225e-10 5.548960e-02 3.335583e+00
698 1.915508e-10 9.694188e-02 3.247667e+00
699 1.233135e-10 3.562361e-01 3.151258e+00
700 1.630873e-10 3.225426e-01 3.367329e+00
701 1.385007e-10 1.507577e-01 3.472212e+00
702 1.454566e-10 5.022353e-02 3.486624e+00
703 9.966172e-11 3.148356e-01 3.550681e+00
