1 9.974471e-01 1.000000e+00 3.639529e+00
2 9.932863e-01 4.171428e-03 3.615665e+00
3 8.723527e-01 1.217511e-01 3.640151e+00
4 7.224157e-01 1.718766e-01 3.751254e+00
5 6.146473e-01 1.491778e-01 4.095686e+00
6 5.110541e-01 1.685408e-01 3.687166e+00
7 4.712195e-01 7.794593e-02 3.782934e+00
8 4.482487e-01 4.874767e-02 3.687363e+00
9 3.852434e-01 1.405588e-01 3.695568e+00
10 3.481281e-01 9.634239e-02 3.640457e+00
11 3.314209e-01 4.799153e-02 3.863368e+00
12 3.062801e-01 7.585778e-02 3.735472e+00
13 2.915379e-01 4.813299e-02 3.584054e+00
14 2.456405e-01 1.574320e-01 3.479165e+00
15 2.097523e-01 1.461003e-01 3.600065e+00
16 1.894184e-01 9.694260e-02 3.519570e+00
17 1.842416e-01 2.733020e-02 3.663087e+00
18 1.742532e-01 5.421342e-02 3.785257e+00
19 1.676718e-01 3.776908e-02 3.287447e+00
20 1.740520e-01 3.805160e-02 3.296034e+00
21 1.487791e-01 1.452034e-01 3.238343e+00
22 1.432983e-01 3.683820e-02 3.304365e+00
23 1.399975e-01 2.303480e-02 3.223279e+00
24 1.361936e-01 2.717122e-02 3.152242e+00
25 1.966480e-01 4.438862e-01 3.223624e+00
26 1.187521e-01 3.961185e-01 3.143817e+00
27 1.034938e-01 1.284887e-01 3.239323e+00
28 1.011409e-01 2.273449e-02 3.239685e+00
29 1.004363e-01 6.966976e-03 3.230932e+00
30 9.281407e-02 7.589088e-02 3.407940e+00
31 8.140165e-02 1.229601e-01 3.327622e+00
32 7.817819e-02 3.959939e-02 3.519274e+00
33 7.270790e-02 6.997206e-02 3.469929e+00
34 7.016931e-02 3.491495e-02 3.254763e+00
35 6.871058e-02 2.078871e-02 3.199530e+00
36 6.715694e-02 2.261137e-02 3.263745e+00
37 6.464419e-02 3.741618e-02 3.200263e+00
38 6.016300e-02 6.932079e-02 3.231518e+00
39 5.808396e-02 3.455672e-02 3.319522e+00
40 5.640003e-02 2.899137e-02 3.360120e+00
41 5.500517e-02 2.473158e-02 3.399300e+00
42 5.300888e-02 3.629270e-02 3.335471e+00
43 5.536615e-02 4.446938e-02 3.232294e+00
44 5.022938e-02 9.277833e-02 3.463356e+00
45 5.001110e-02 4.345563e-03 3.159798e+00
46 4.927158e-02 1.478717e-02 3.207341e+00
47 4.804870e-02 2.481913e-02 3.576166e+00
48 5.033404e-02 4.756297e-02 3.303258e+00
49 4.845725e-02 3.728668e-02 3.327947e+00
50 4.490389e-02 7.332968e-02 3.263857e+00
51 4.750758e-02 5.798347e-02 3.336081e+00
52 4.089383e-02 1.392147e-01 3.343551e+00
53 4.086562e-02 6.898064e-04 3.407189e+00
54 4.028329e-02 1.424987e-02 3.376594e+00
55 3.163834e-02 2.146039e-01 3.629045e+00
56 3.319251e-02 4.912303e-02 3.456238e+00
57 3.343731e-02 7.375265e-03 3.454983e+00
58 2.816897e-02 1.575586e-01 3.751116e+00
59 2.656564e-02 5.691830e-02 3.671739e+00
60 1.901741e-02 2.841353e-01 3.279106e+00
61 1.835667e-02 3.474384e-02 3.303738e+00
62 1.630103e-02 1.119834e-01 3.312216e+00
63 2.125179e-02 3.037087e-01 3.368167e+00
64 1.650873e-02 2.231839e-01 3.126893e+00
65 1.380946e-02 1.635056e-01 3.231099e+00
66 2.418807e-02 7.515577e-01 3.307752e+00
67 1.432477e-02 4.077752e-01 3.262940e+00
68 1.373450e-02 4.120650e-02 3.279852e+00
69 1.198024e-02 1.277263e-01 3.335607e+00
70 1.122603e-02 6.295519e-02 3.343702e+00
71 1.134790e-02 1.085656e-02 3.479726e+00
72 1.445046e-02 2.734035e-01 3.175903e+00
73 1.381906e-02 4.369390e-02 3.136121e+00
74 1.086580e-02 2.137093e-01 3.231144e+00
75 1.067736e-02 1.734225e-02 3.167935e+00
76 1.184265e-02 1.091365e-01 3.119333e+00
77 8.207205e-03 3.069791e-01 3.287406e+00
78 7.674149e-03 6.494970e-02 3.151790e+00
79 8.156915e-03 6.290808e-02 3.160385e+00
80 6.106211e-03 2.514068e-01 3.166845e+00
81 5.438079e-03 1.094185e-01 3.143929e+00
82 7.131936e-03 3.114808e-01 3.141170e+00
83 6.349560e-03 1.097003e-01 3.224292e+00
84 6.074183e-03 4.336954e-02 3.103483e+00
85 5.166788e-03 1.493855e-01 3.223888e+00
86 5.472068e-03 5.908505e-02 3.151637e+00
87 5.126886e-03 6.308076e-02 3.239672e+00
88 3.372408e-03 3.422111e-01 3.295537e+00
89 4.200230e-03 2.454689e-01 3.128213e+00
90 3.574507e-03 1.489734e-01 3.303625e+00
91 3.549045e-03 7.123365e-03 3.440171e+00
92 3.105931e-03 1.248545e-01 3.406734e+00
93 3.163740e-03 1.861250e-02 3.135911e+00
94 2.909267e-03 8.043429e-02 3.120433e+00
95 2.772529e-03 4.700091e-02 3.182863e+00
96 3.205554e-03 1.561842e-01 3.255554e+00
97 2.904934e-03 9.378079e-02 3.223034e+00
98 3.443181e-03 1.852871e-01 3.247665e+00
99 2.545314e-03 2.607668e-01 3.143692e+00
100 2.600456e-03 2.166419e-02 3.247915e+00
101 2.390943e-03 8.056789e-02 3.143449e+00
102 2.412732e-03 9.113090e-03 3.175713e+00
103 2.078320e-03 1.386031e-01 3.335697e+00
104 1.724293e-03 1.703429e-01 3.200126e+00
105 1.941715e-03 1.260938e-01 3.499514e+00
106 1.143703e-03 4.109831e-01 3.200322e+00
107 1.079128e-03 5.646166e-02 3.295212e+00
108 1.415361e-03 3.115787e-01 3.216100e+00
109 1.223416e-03 1.356155e-01 3.183364e+00
110 1.007795e-03 1.762453e-01 3.271480e+00
111 1.037658e-03 2.963255e-02 3.240396e+00
112 8.638566e-04 1.674941e-01 3.261393e+00
113 7.943412e-04 8.047106e-02 3.166808e+00
114 7.350737e-04 7.461217e-02 3.247331e+00
115 9.246236e-04 2.578653e-01 3.183442e+00
116 6.117684e-04 3.383595e-01 3.231578e+00
117 5.077775e-04 1.699842e-01 3.206393e+00
118 5.923717e-04 1.665970e-01 3.199587e+00
119 1.011872e-03 7.081713e-01 3.159778e+00
120 4.640534e-04 5.413913e-01 3.191260e+00
121 6.766085e-04 4.580402e-01 3.215490e+00
122 4.200962e-04 3.791148e-01 3.199406e+00
123 5.146654e-04 2.251132e-01 3.584226e+00
124 3.549915e-04 3.102480e-01 3.422123e+00
125 4.349762e-04 2.253145e-01 3.277552e+00
126 3.300889e-04 2.411334e-01 3.198614e+00
127 3.663016e-04 1.097058e-01 3.199776e+00
128 3.218240e-04 1.214235e-01 3.222152e+00
129 3.173026e-04 1.404929e-02 3.238588e+00
130 3.031834e-04 4.449756e-02 3.151368e+00
131 2.830951e-04 6.625773e-02 3.183554e+00
132 2.773370e-04 2.033998e-02 3.199165e+00
133 2.887020e-04 4.097894e-02 3.176585e+00
134 4.665387e-04 6.159872e-01 3.159281e+00
135 5.409190e-04 1.594303e-01 3.182142e+00
136 3.342329e-04 3.821017e-01 3.167443e+00
137 3.586368e-04 7.301461e-02 3.208043e+00
138 3.074067e-04 1.428469e-01 3.168206e+00
139 3.310213e-04 7.681875e-02 3.159545e+00
140 2.941211e-04 1.114738e-01 3.174888e+00
141 2.935121e-04 2.070472e-03 3.159274e+00
142 2.794801e-04 4.780737e-02 3.167460e+00
143 5.074683e-04 8.157586e-01 3.176210e+00
144 4.070472e-04 1.978865e-01 3.160212e+00
145 4.830479e-04 1.867122e-01 3.175505e+00
146 3.491650e-04 2.771627e-01 3.215453e+00
147 2.677412e-04 2.331960e-01 3.143476e+00
148 3.008275e-04 1.235757e-01 3.224566e+00
149 2.349905e-04 2.188531e-01 3.255806e+00
150 2.807556e-04 1.947533e-01 3.270113e+00
151 2.144019e-04 2.363399e-01 3.184275e+00
152 2.546451e-04 1.877002e-01 3.207809e+00
153 2.051153e-04 1.945053e-01 3.303457e+00
154 2.527455e-04 2.322121e-01 3.439951e+00
155 1.891142e-04 2.517605e-01 3.223514e+00
156 2.963270e-04 5.669213e-01 3.508569e+00
157 1.751192e-04 4.090339e-01 3.318875e+00
158 2.812479e-04 6.060364e-01 3.207930e+00
159 2.989265e-04 6.285795e-02 3.256131e+00
160 1.850194e-04 3.810540e-01 3.207529e+00
161 2.005953e-04 8.418554e-02 3.215037e+00
162 2.832306e-04 4.119499e-01 3.216415e+00
163 4.965616e-04 7.532060e-01 3.166957e+00
164 2.052886e-04 5.865798e-01 3.144778e+00
165 2.458541e-04 1.976024e-01 3.182880e+00
166 1.800892e-04 2.674956e-01 3.144362e+00
167 1.929877e-04 7.162288e-02 3.255599e+00
168 1.711786e-04 1.130078e-01 3.223222e+00
169 1.972349e-04 1.522169e-01 3.320247e+00
170 1.529104e-04 2.247295e-01 3.271516e+00
171 1.284210e-04 1.601550e-01 3.215867e+00
172 1.538337e-04 1.978852e-01 3.167865e+00
173 1.090154e-04 2.913426e-01 3.199760e+00
174 2.163312e-04 9.844099e-01 3.392088e+00
175 1.971198e-04 8.880565e-02 3.533367e+00
176 2.060278e-04 4.519108e-02 3.191086e+00
177 2.878357e-04 3.970721e-01 3.247522e+00
178 1.314280e-04 5.433923e-01 3.240070e+00
179 1.505908e-04 1.458043e-01 3.280151e+00
180 1.047046e-04 3.047076e-01 3.335800e+00
181 1.059934e-04 1.230871e-02 3.215569e+00
182 9.304556e-05 1.221570e-01 3.183837e+00
183 9.684524e-05 4.083677e-02 3.135957e+00
184 9.552585e-05 1.362373e-02 3.207084e+00
185 1.398216e-04 4.637042e-01 3.168533e+00
186 8.836107e-05 3.680441e-01 3.327446e+00
187 8.199744e-05 7.201853e-02 3.327262e+00
188 1.135472e-04 3.847656e-01 3.544598e+00
189 1.230614e-04 8.379015e-02 3.231457e+00
190 1.333474e-04 8.358483e-02 3.159026e+00
191 1.321670e-04 8.852180e-03 3.183957e+00
192 1.118955e-04 1.533781e-01 3.128259e+00
193 1.791206e-04 6.007848e-01 3.183845e+00
194 1.000317e-04 4.415401e-01 3.223422e+00
195 1.102394e-04 1.020453e-01 3.136374e+00
196 1.001578e-04 9.145204e-02 3.254996e+00
197 9.350533e-05 6.642004e-02 3.168358e+00
198 7.661615e-05 1.806226e-01 3.127721e+00
199 7.279345e-05 4.989425e-02 3.351241e+00
200 7.403202e-05 1.701490e-02 3.367451e+00
201 6.783541e-05 8.370182e-02 3.437259e+00
202 1.027881e-04 5.152580e-01 3.223425e+00
203 9.190587e-05 1.058709e-01 3.175555e+00
204 1.012801e-04 1.019985e-01 3.152530e+00
205 1.479184e-04 4.604881e-01 3.279020e+00
206 9.330531e-05 3.692110e-01 3.191607e+00
207 7.633192e-05 1.819124e-01 3.184517e+00
208 8.477326e-05 1.105872e-01 3.127624e+00
209 8.204030e-05 3.223844e-02 3.191787e+00
210 7.777564e-05 5.198254e-02 3.151955e+00
211 6.677480e-05 1.414433e-01 3.199102e+00
212 7.704550e-05 1.538110e-01 3.144074e+00
213 6.636580e-05 1.386155e-01 3.199798e+00
214 7.323353e-05 1.034830e-01 3.303548e+00
215 6.234448e-05 1.486894e-01 3.320102e+00
216 6.970729e-05 1.180988e-01 3.335212e+00
217 7.735375e-05 1.096939e-01 3.184258e+00
218 6.970717e-05 9.885208e-02 3.135937e+00
219 7.010552e-05 5.714599e-03 3.198646e+00
220 9.438990e-05 3.463976e-01 3.144020e+00
221 1.192714e-04 2.636038e-01 3.327419e+00
222 8.707667e-05 2.699286e-01 3.192407e+00
223 6.814532e-05 2.174101e-01 3.159148e+00
224 7.694546e-05 1.291378e-01 3.199691e+00
225 7.470743e-05 2.908597e-02 3.192526e+00
226 5.922919e-05 2.071847e-01 3.215733e+00
227 5.599604e-05 5.458717e-02 3.151274e+00
228 5.264899e-05 5.977292e-02 3.175700e+00
229 5.308333e-05 8.249797e-03 3.175822e+00
230 5.164374e-05 2.711956e-02 3.180561e+00
231 4.909065e-05 4.943663e-02 3.191876e+00
232 4.764667e-05 2.941455e-02 3.263941e+00
233 4.228297e-05 1.125724e-01 3.143103e+00
234 4.844151e-05 1.456508e-01 3.160503e+00
235 4.231008e-05 1.265738e-01 3.175154e+00
236 4.761097e-05 1.252865e-01 3.255787e+00
237 4.241285e-05 1.091789e-01 3.192101e+00
238 6.365041e-05 5.007340e-01 3.199432e+00
239 6.318717e-05 7.277878e-03 3.159683e+00
240 5.051266e-05 2.005867e-01 3.216574e+00
241 7.371053e-05 4.592486e-01 3.134569e+00
242 5.321012e-05 2.781205e-01 3.165843e+00
243 7.242955e-05 3.611987e-01 3.286491e+00
244 5.210201e-05 2.806525e-01 3.391693e+00
245 6.398285e-05 2.280303e-01 3.311341e+00
246 3.833309e-05 4.008850e-01 3.502793e+00
247 8.106858e-05 1.114846e+00 3.359459e+00
248 4.109436e-05 4.930914e-01 3.223280e+00
249 4.273610e-05 3.995053e-02 3.175693e+00
250 3.472566e-05 1.874397e-01 3.208231e+00
251 3.606047e-05 3.843868e-02 3.184132e+00
252 3.060017e-05 1.514208e-01 3.199710e+00
253 2.861868e-05 6.475427e-02 3.191811e+00
254 2.877547e-05 5.478888e-03 3.191150e+00
255 2.725744e-05 5.275435e-02 3.112101e+00
256 2.932999e-05 7.603612e-02 3.254634e+00
257 2.771939e-05 5.491332e-02 3.207167e+00
258 2.846270e-05 2.681587e-02 3.303627e+00
259 2.610864e-05 8.270691e-02 3.430682e+00
260 4.709682e-05 8.038785e-01 3.215813e+00
261 4.661497e-05 1.023106e-02 3.248212e+00
262 3.250464e-05 3.026996e-01 3.238918e+00
263 3.921503e-05 2.064442e-01 3.160569e+00
264 3.119229e-05 2.045832e-01 3.215086e+00
265 3.045358e-05 2.368245e-02 3.223734e+00
266 2.934146e-05 3.651862e-02 3.183692e+00
267 3.352393e-05 1.425446e-01 3.271569e+00
268 5.166046e-05 5.410028e-01 3.104013e+00
269 5.395489e-05 4.441359e-02 3.208227e+00
270 2.801824e-05 4.807100e-01 3.375339e+00
271 6.185219e-05 1.207569e+00 3.327369e+00
272 3.033182e-05 5.096080e-01 3.402297e+00
273 2.514612e-05 1.709657e-01 3.191303e+00
274 2.746144e-05 9.207486e-02 3.136518e+00
275 2.987515e-05 8.789432e-02 3.295645e+00
276 2.724693e-05 8.797345e-02 3.223340e+00
277 3.416999e-05 2.540861e-01 3.151987e+00
278 2.520294e-05 2.624249e-01 3.239344e+00
279 2.951821e-05 1.712210e-01 3.239866e+00
280 2.446381e-05 1.712299e-01 3.191719e+00
281 2.774622e-05 1.341740e-01 3.168375e+00
282 2.471244e-05 1.093400e-01 3.271785e+00
283 2.080978e-05 1.579230e-01 3.391802e+00
284 2.395529e-05 1.511550e-01 3.519491e+00
285 2.099551e-05 1.235544e-01 3.199357e+00
286 2.268251e-05 8.035095e-02 3.112096e+00
287 1.750731e-05 2.281582e-01 2.959238e+00
288 2.965969e-05 6.941315e-01 2.991821e+00
289 1.892613e-05 3.618904e-01 3.135642e+00
290 2.156708e-05 1.395398e-01 3.167987e+00
291 3.196813e-05 4.822650e-01 3.216364e+00
292 4.074091e-05 2.744227e-01 3.166909e+00
293 3.080925e-05 2.437761e-01 3.159981e+00
294 1.530103e-05 5.033626e-01 3.181909e+00
295 1.958438e-05 2.799393e-01 3.199254e+00
296 1.522509e-05 2.225903e-01 3.191958e+00
297 1.684299e-05 1.062652e-01 3.524832e+00
298 1.404342e-05 1.662154e-01 3.144260e+00
299 1.655518e-05 1.788563e-01 3.191241e+00
300 1.677354e-05 1.318981e-02 3.191126e+00
301 1.705106e-05 1.654545e-02 3.189780e+00
302 1.020594e-05 4.014482e-01 3.319666e+00
303 1.253769e-05 2.284694e-01 3.183559e+00
304 1.445590e-05 1.529958e-01 3.280216e+00
305 2.091633e-05 4.469053e-01 3.207864e+00
306 9.452401e-06 5.480850e-01 3.190913e+00
307 1.158651e-05 2.257745e-01 3.136179e+00
308 1.403265e-05 2.111197e-01 3.295937e+00
309 2.471287e-05 7.610972e-01 3.351930e+00
310 9.133830e-06 6.304018e-01 3.341837e+00
311 1.425461e-05 5.606387e-01 3.207072e+00
312 8.814566e-06 3.816340e-01 3.126595e+00
313 1.146408e-05 3.005833e-01 3.183927e+00
314 8.008201e-06 3.014526e-01 3.199469e+00
315 1.010544e-05 2.618868e-01 3.159728e+00
316 7.724537e-06 2.356063e-01 3.191310e+00
317 9.796956e-06 2.682903e-01 3.272421e+00
318 9.601768e-06 1.992324e-02 3.326991e+00
319 1.314958e-05 3.694958e-01 3.238144e+00
320 1.026869e-05 2.190866e-01 3.176001e+00
321 9.371097e-06 8.741026e-02 3.615673e+00
322 8.709763e-06 7.057164e-02 4.079840e+00
323 8.340086e-06 4.244399e-02 3.143207e+00
324 7.836552e-06 6.037510e-02 3.160314e+00
325 8.010424e-06 2.218726e-02 3.095749e+00
326 7.501106e-06 6.358190e-02 3.206057e+00
327 7.418252e-06 1.104555e-02 3.167157e+00
328 1.298555e-05 7.504859e-01 3.222355e+00
329 7.811295e-06 3.984623e-01 3.632246e+00
330 1.368841e-05 7.523863e-01 3.222849e+00
331 1.176305e-05 1.406563e-01 3.207716e+00
332 9.211902e-06 2.168778e-01 3.231604e+00
333 1.048481e-05 1.381807e-01 3.263162e+00
334 7.582062e-06 2.768526e-01 3.239997e+00
335 7.505141e-06 1.014512e-02 3.264134e+00
336 6.840546e-06 8.855197e-02 3.191325e+00
337 7.445077e-06 8.837459e-02 3.247574e+00
338 6.429052e-06 1.364693e-01 3.231668e+00
339 6.041333e-06 6.030738e-02 3.247541e+00
340 1.004114e-05 6.620740e-01 3.487678e+00
341 1.138498e-05 1.338333e-01 3.280251e+00
342 8.019914e-06 2.955708e-01 3.617417e+00
343 8.295197e-06 3.432501e-02 3.263822e+00
344 7.667216e-06 7.570422e-02 3.288160e+00
345 6.302659e-06 1.779729e-01 3.095306e+00
346 6.845305e-06 8.609795e-02 3.215654e+00
347 5.686939e-06 1.692205e-01 3.176625e+00
348 6.714972e-06 1.807708e-01 3.231043e+00
349 5.744611e-06 1.445071e-01 3.200358e+00
350 6.366303e-06 1.082217e-01 3.279776e+00
351 6.799817e-06 6.809508e-02 3.222576e+00
352 9.955433e-06 4.640737e-01 3.255564e+00
353 6.177586e-06 3.794759e-01 3.343676e+00
354 9.016269e-06 4.595131e-01 3.287826e+00
355 6.554519e-06 2.730342e-01 3.433458e+00
356 5.165280e-06 2.119513e-01 3.216218e+00
357 4.387594e-06 1.505604e-01 3.191862e+00
358 6.201082e-06 4.133219e-01 3.182563e+00
359 6.799320e-06 9.647309e-02 3.200391e+00
360 7.856994e-06 1.555558e-01 3.246856e+00
361 5.387613e-06 3.142907e-01 3.151038e+00
362 4.513434e-06 1.622573e-01 3.207827e+00
363 4.357071e-06 3.464395e-02 3.167146e+00
364 4.319534e-06 8.615010e-03 3.127392e+00
365 4.566664e-06 5.721204e-02 3.198837e+00
366 3.200302e-06 2.992036e-01 3.965054e+00
367 3.031776e-06 5.265935e-02 3.804759e+00
368 3.556672e-06 1.731315e-01 2.968256e+00
369 5.768111e-06 6.217722e-01 2.983725e+00
370 3.404456e-06 4.097797e-01 3.055079e+00
371 3.038782e-06 1.074104e-01 3.159960e+00
372 2.824723e-06 7.044237e-02 3.199634e+00
373 3.226913e-06 1.423821e-01 3.119805e+00
374 4.737035e-06 4.679771e-01 3.191578e+00
375 4.308608e-06 9.044192e-02 3.174553e+00
376 3.967902e-06 7.907559e-02 3.199729e+00
377 3.189426e-06 1.961933e-01 3.247463e+00
378 2.428867e-06 2.384626e-01 3.207871e+00
379 1.744356e-06 2.818235e-01 3.351915e+00
380 2.084290e-06 1.948767e-01 3.158689e+00
381 1.500805e-06 2.799441e-01 3.191740e+00
382 1.730801e-06 1.532483e-01 3.294976e+00
383 1.453877e-06 1.599978e-01 3.272116e+00
384 1.534184e-06 5.523669e-02 3.271019e+00
385 1.405741e-06 8.372065e-02 3.215714e+00
386 1.481623e-06 5.398019e-02 3.375623e+00
387 1.638597e-06 1.059467e-01 3.268643e+00
388 1.835366e-06 1.200841e-01 3.240648e+00
389 1.386012e-06 2.448310e-01 3.855314e+00
390 1.656691e-06 1.952934e-01 4.085935e+00
391 1.218442e-06 2.645324e-01 3.224395e+00
392 1.442991e-06 1.842919e-01 3.222948e+00
393 1.085252e-06 2.479149e-01 3.279979e+00
394 8.532961e-07 2.137348e-01 3.366160e+00
395 2.749090e-06 2.221731e+00 3.232044e+00
396 1.840516e-06 3.305000e-01 3.295599e+00
397 1.321885e-06 2.817855e-01 3.183561e+00
398 1.114204e-06 1.571101e-01 3.255530e+00
399 1.138240e-06 2.157283e-02 3.296026e+00
400 1.092059e-06 4.057254e-02 3.175774e+00
401 8.726431e-07 2.009194e-01 3.495273e+00
402 1.126033e-06 2.903703e-01 3.367609e+00
403 7.846967e-07 3.031316e-01 3.279135e+00
404 1.067326e-06 3.601759e-01 3.223039e+00
405 6.442536e-07 3.963851e-01 3.167702e+00
406 8.001185e-07 2.419310e-01 3.215559e+00
407 6.147006e-07 2.317380e-01 3.207912e+00
408 7.164954e-07 1.656005e-01 3.215649e+00
409 6.680119e-07 6.766747e-02 3.480379e+00
410 1.213132e-06 8.160337e-01 3.191229e+00
411 6.533778e-07 4.614125e-01 3.224104e+00
412 5.462722e-07 1.639259e-01 3.175344e+00
413 7.016427e-07 2.844195e-01 3.423649e+00
414 9.536758e-07 3.592043e-01 3.359581e+00
415 5.697462e-07 4.025787e-01 3.445015e+00
416 4.629596e-07 1.874284e-01 3.222224e+00
417 7.505087e-07 6.211106e-01 3.176456e+00
418 6.849510e-07 8.735102e-02 3.255772e+00
419 6.253515e-07 8.701288e-02 3.207984e+00
420 8.551764e-07 3.675132e-01 3.407333e+00
421 5.850178e-07 3.159098e-01 3.207339e+00
422 6.770830e-07 1.573716e-01 3.144565e+00
423 6.100525e-07 9.899895e-02 3.263776e+00
424 5.785095e-07 5.170531e-02 3.263421e+00
425 9.742989e-07 6.841536e-01 3.375468e+00
426 1.212157e-06 2.441324e-01 3.256075e+00
427 4.333433e-07 6.425023e-01 3.551255e+00
428 4.932307e-07 1.381985e-01 3.999572e+00
429 3.866760e-07 2.160343e-01 3.155595e+00
430 5.184006e-07 3.406588e-01 3.071639e+00
431 3.592816e-07 3.069421e-01 3.247734e+00
432 4.803338e-07 3.369286e-01 3.191673e+00
433 3.566883e-07 2.574158e-01 3.223502e+00
434 3.216386e-07 9.826415e-02 3.176123e+00
435 3.392134e-07 5.464127e-02 3.303450e+00
436 4.017633e-07 1.843970e-01 3.183460e+00
437 5.718036e-07 4.232349e-01 3.200165e+00
438 4.457920e-07 2.203756e-01 3.191907e+00
439 3.439904e-07 2.283612e-01 3.159150e+00
440 4.198755e-07 2.206023e-01 3.199453e+00
441 3.870824e-07 7.810193e-02 3.214127e+00
442 3.643788e-07 5.865319e-02 3.215096e+00
443 3.417617e-07 6.207030e-02 3.207684e+00
444 2.674073e-07 2.175619e-01 3.144100e+00
445 3.100121e-07 1.593251e-01 3.190873e+00
446 7.073131e-07 1.281567e+00 3.159535e+00
447 2.775960e-07 6.075345e-01 3.631946e+00
448 4.484580e-07 6.155058e-01 3.431613e+00
449 3.125278e-07 3.031058e-01 3.353292e+00
450 3.612589e-07 1.559255e-01 3.279506e+00
451 2.787882e-07 2.282869e-01 3.175619e+00
452 2.748978e-07 1.395462e-02 3.271953e+00
453 2.696155e-07 1.921542e-02 3.279412e+00
454 2.776171e-07 2.967780e-02 3.239746e+00
455 2.578499e-07 7.120332e-02 3.159872e+00
456 2.418326e-07 6.211839e-02 3.191446e+00
457 2.590056e-07 7.101169e-02 3.184555e+00
458 2.784555e-07 7.509466e-02 3.143044e+00
459 2.404794e-07 1.363815e-01 3.263695e+00
460 2.737142e-07 1.382023e-01 4.032374e+00
461 2.543491e-07 7.074904e-02 3.941208e+00
462 2.945757e-07 1.581550e-01 3.167810e+00
463 2.530578e-07 1.409415e-01 3.159495e+00
464 2.566064e-07 1.402297e-02 3.224351e+00
465 2.559533e-07 2.545381e-03 3.167290e+00
466 2.591641e-07 1.254452e-02 3.232093e+00
467 2.573513e-07 6.994693e-03 3.199575e+00
468 2.663557e-07 3.498867e-02 3.175360e+00
469 2.529627e-07 5.028229e-02 3.384217e+00
470 2.362396e-07 6.610880e-02 3.183526e+00
471 2.443797e-07 3.445681e-02 3.199895e+00
472 1.975486e-07 1.916327e-01 3.335671e+00
473 2.399736e-07 2.147574e-01 3.375467e+00
474 1.917377e-07 2.010051e-01 3.399918e+00
475 3.202003e-07 6.699914e-01 3.335777e+00
476 2.104447e-07 3.427717e-01 3.063824e+00
477 2.084670e-07 9.397316e-03 3.046964e+00
478 1.775518e-07 1.482980e-01 3.184578e+00
479 1.960891e-07 1.044051e-01 3.230404e+00
480 2.491819e-07 2.707583e-01 3.167952e+00
481 1.942256e-07 2.205466e-01 3.342960e+00
482 1.811131e-07 6.751169e-02 3.223952e+00
483 1.852228e-07 2.269105e-02 3.127264e+00
484 1.587015e-07 1.431858e-01 3.271612e+00
485 1.845248e-07 1.627162e-01 3.935604e+00
486 1.636167e-07 1.133076e-01 3.774413e+00
487 3.020507e-07 8.460864e-01 3.064065e+00
488 3.985980e-07 3.196396e-01 3.087100e+00
489 2.147305e-07 4.612855e-01 3.190184e+00
490 2.233027e-07 3.992081e-02 3.231002e+00
491 2.036558e-07 8.798341e-02 3.119527e+00
492 1.921717e-07 5.638978e-02 3.072280e+00
493 2.104182e-07 9.494869e-02 3.207296e+00
494 2.159812e-07 2.643798e-02 3.223227e+00
495 2.035092e-07 5.774552e-02 3.151791e+00
496 2.012920e-07 1.089528e-02 3.150049e+00
497 1.916273e-07 4.801302e-02 3.383539e+00
498 1.664741e-07 1.312611e-01 3.375115e+00
499 2.016673e-07 2.114036e-01 3.520907e+00
500 1.567968e-07 2.224976e-01 3.279945e+00
501 2.337467e-07 4.907614e-01 3.271392e+00
502 1.747879e-07 2.522337e-01 3.199619e+00
503 1.853951e-07 6.068613e-02 3.280336e+00
504 1.388552e-07 2.510309e-01 3.295085e+00
505 1.845079e-07 3.287796e-01 3.175890e+00
506 1.344179e-07 2.714790e-01 3.240053e+00
507 1.779527e-07 3.238765e-01 3.199345e+00
508 1.362887e-07 2.341297e-01 3.230851e+00
509 1.806635e-07 3.255941e-01 3.255550e+00
510 1.328858e-07 2.644567e-01 3.263885e+00
511 1.739638e-07 3.091224e-01 3.199828e+00
512 1.750829e-07 6.433053e-03 3.231720e+00
513 3.390560e-07 9.365452e-01 3.311723e+00
514 2.771865e-07 1.824757e-01 3.335816e+00
515 2.090227e-07 2.459131e-01 3.159434e+00
516 2.003821e-07 4.133808e-02 3.231767e+00
517 2.468819e-07 2.320553e-01 3.175682e+00
518 2.258570e-07 8.516152e-02 3.272309e+00
519 2.264442e-07 2.599750e-03 3.583447e+00
520 1.575977e-07 3.040332e-01 3.478534e+00
521 3.318394e-07 1.105611e+00 3.312254e+00
522 2.321546e-07 3.004009e-01 3.279533e+00
523 1.794286e-07 2.271157e-01 3.167172e+00
524 1.795266e-07 5.460194e-04 3.168350e+00
525 1.386187e-07 2.278652e-01 3.207761e+00
526 1.715337e-07 2.374499e-01 3.239540e+00
527 1.163431e-07 3.217479e-01 3.200050e+00
528 1.466111e-07 2.601617e-01 3.168145e+00
529 1.185240e-07 1.915756e-01 3.158728e+00
530 1.200934e-07 1.324138e-02 3.215652e+00
531 1.208201e-07 6.050648e-03 3.352481e+00
532 1.252690e-07 3.682243e-02 3.279970e+00
533 2.013110e-07 6.070304e-01 3.431709e+00
534 1.770998e-07 1.202677e-01 3.255240e+00
535 1.316386e-07 2.566983e-01 3.263871e+00
536 1.000886e-07 2.396712e-01 3.215852e+00
537 1.330096e-07 3.289184e-01 3.199529e+00
538 8.560905e-08 3.563695e-01 3.215999e+00
539 1.816378e-07 1.121713e+00 3.223783e+00
540 1.438421e-07 2.080827e-01 3.237157e+00
541 1.308173e-07 9.054969e-02 3.223637e+00
542 8.808503e-08 3.266560e-01 3.176339e+00
543 1.061167e-07 2.047078e-01 3.215560e+00
544 1.676794e-07 5.801417e-01 3.655020e+00
545 1.779662e-07 6.134745e-02 4.040646e+00
546 1.314303e-07 2.614870e-01 3.295389e+00
547 1.820357e-07 3.850359e-01 3.207393e+00
548 1.372355e-07 2.461068e-01 3.247525e+00
549 1.274449e-07 7.134129e-02 3.207701e+00
550 1.379528e-07 8.245021e-02 3.214825e+00
551 1.191827e-07 1.360620e-01 3.159867e+00
552 2.277524e-07 9.109529e-01 3.191263e+00
553 1.076106e-07 5.275105e-01 3.272233e+00
554 1.107602e-07 2.926786e-02 3.271224e+00
555 1.001209e-07 9.605665e-02 3.255866e+00
556 8.377700e-08 1.632418e-01 3.343229e+00
557 8.968043e-08 7.046593e-02 3.480136e+00
558 7.727780e-08 1.382980e-01 3.880041e+00
559 8.825164e-08 1.420051e-01 3.191635e+00
560 6.988091e-08 2.081630e-01 3.176476e+00
561 1.234751e-07 7.669354e-01 3.271623e+00
562 8.358661e-08 3.230486e-01 3.175931e+00
563 9.122296e-08 9.135847e-02 3.255508e+00
564 7.240660e-08 2.062678e-01 3.271906e+00
565 7.104077e-08 1.886329e-02 3.247685e+00
566 9.307823e-08 3.102085e-01 3.255241e+00
567 7.592235e-08 1.843168e-01 3.288140e+00
568 1.188093e-07 5.648793e-01 3.223585e+00
569 1.155618e-07 2.733420e-02 3.247337e+00
570 1.146940e-07 7.509250e-03 3.280092e+00
571 6.092614e-08 4.687939e-01 3.247388e+00
572 6.949540e-08 1.406500e-01 3.232084e+00
573 5.970888e-08 1.408225e-01 3.192339e+00
574 5.750468e-08 3.691582e-02 3.239386e+00
575 5.888294e-08 2.396779e-02 3.198928e+00
576 5.018028e-08 1.477959e-01 3.168492e+00
577 5.748796e-08 1.456285e-01 3.223282e+00
578 8.678799e-08 5.096723e-01 3.303632e+00
579 1.396248e-07 6.088038e-01 3.359385e+00
580 7.700603e-08 4.484790e-01 3.459121e+00
581 8.320987e-08 8.056301e-02 3.239749e+00
582 9.139612e-08 9.838081e-02 3.263952e+00
583 4.280089e-08 5.316990e-01 3.264001e+00
584 5.261075e-08 2.291975e-01 3.271537e+00
585 5.963191e-08 1.334548e-01 3.200018e+00
586 7.887805e-08 3.227490e-01 3.327342e+00
587 4.931541e-08 3.747892e-01 3.320352e+00
588 9.323628e-08 8.906115e-01 3.271667e+00
589 3.953370e-08 5.759837e-01 3.304471e+00
590 5.970719e-08 5.102858e-01 3.215896e+00
591 6.054001e-08 1.394826e-02 3.399233e+00
592 5.542207e-08 8.453812e-02 3.304251e+00
593 7.201717e-08 2.994313e-01 3.551441e+00
594 4.878307e-08 3.226189e-01 3.223809e+00
595 5.376651e-08 1.021551e-01 3.207044e+00
596 5.410399e-08 6.276888e-03 3.199714e+00
597 4.358165e-08 1.944837e-01 3.112050e+00
598 3.735407e-08 1.428944e-01 3.270540e+00
599 4.243923e-08 1.361339e-01 3.135602e+00
600 3.645977e-08 1.408946e-01 3.245967e+00
601 4.112276e-08 1.278940e-01 3.223889e+00
602 3.658384e-08 1.103748e-01 3.143517e+00
603 4.028943e-08 1.012902e-01 3.200049e+00
604 3.414561e-08 1.524920e-01 3.991988e+00
605 4.150991e-08 2.156731e-01 3.383299e+00
606 8.307032e-08 1.001217e+00 3.127714e+00
607 4.082113e-08 5.085956e-01 3.175667e+00
608 5.467001e-08 3.392579e-01 3.278775e+00
609 4.089782e-08 2.519149e-01 3.183451e+00
610 3.110290e-08 2.394975e-01 3.168098e+00
611 5.376122e-08 7.284956e-01 3.215694e+00
612 4.421795e-08 1.775121e-01 3.199956e+00
613 4.893781e-08 1.067407e-01 3.190471e+00
614 4.239144e-08 1.337691e-01 3.152067e+00
615 3.548547e-08 1.629095e-01 3.231802e+00
616 2.874775e-08 1.898728e-01 3.343180e+00
617 3.153178e-08 9.684344e-02 3.304468e+00
618 3.507362e-08 1.123260e-01 3.493571e+00
619 7.014497e-08 9.999353e-01 3.175747e+00
620 3.652061e-08 4.793553e-01 3.239477e+00
621 3.581461e-08 1.933144e-02 3.192008e+00
622 2.484088e-08 3.064036e-01 3.191926e+00
623 2.371267e-08 4.541769e-02 3.183393e+00
624 4.788482e-08 1.019377e+00 3.183217e+00
625 2.134236e-08 5.542980e-01 3.192395e+00
626 3.114494e-08 4.593017e-01 3.206372e+00
627 2.842068e-08 8.747050e-02 3.192079e+00
628 3.713901e-08 3.067602e-01 3.206153e+00
629 2.614426e-08 2.960432e-01 3.191483e+00
630 2.821406e-08 7.916847e-02 3.168132e+00
631 2.607146e-08 7.594067e-02 3.399487e+00
632 4.484507e-08 7.200826e-01 3.367297e+00
633 1.817993e-08 5.946058e-01 3.368680e+00
634 1.418603e-08 2.196871e-01 3.239830e+00
635 2.165982e-08 5.268409e-01 3.223783e+00
636 1.723487e-08 2.042928e-01 3.183912e+00
637 1.545736e-08 1.031347e-01 3.248061e+00
638 1.189021e-08 2.307736e-01 3.366988e+00
639 2.256222e-08 8.975466e-01 3.231327e+00
640 3.893550e-08 7.256944e-01 3.232305e+00
641 1.673243e-08 5.702526e-01 3.183147e+00
642 1.997938e-08 1.940510e-01 3.199300e+00
643 2.774768e-08 3.888160e-01 3.192164e+00
644 2.398190e-08 1.357151e-01 3.183239e+00
645 3.333231e-08 3.898944e-01 3.207889e+00
646 2.566805e-08 2.299349e-01 3.400210e+00
647 1.992127e-08 2.238884e-01 3.703458e+00
648 2.786050e-08 3.985304e-01 3.495187e+00
649 1.629396e-08 4.151591e-01 3.368293e+00
650 1.662296e-08 2.019165e-02 3.295772e+00
651 1.678897e-08 9.986746e-03 3.222933e+00
652 1.995596e-08 1.886347e-01 3.215465e+00
653 1.348120e-08 3.244523e-01 3.308840e+00
654 2.247880e-08 6.674184e-01 3.215775e+00
655 1.625260e-08 2.769811e-01 3.239891e+00
656 1.532480e-08 5.708604e-02 3.207689e+00
657 1.785123e-08 1.648586e-01 3.310614e+00
658 1.597608e-08 1.050431e-01 3.174586e+00
659 1.204798e-08 2.458736e-01 3.343640e+00
660 1.682124e-08 3.961871e-01 3.376127e+00
661 1.070253e-08 3.637490e-01 3.558418e+00
662 2.679290e-08 1.503417e+00 3.262731e+00
663 1.335554e-08 5.015268e-01 3.231845e+00
664 1.299358e-08 2.710173e-02 3.215942e+00
665 8.150809e-09 3.727051e-01 3.279051e+00
666 8.176081e-09 3.100552e-03 3.160091e+00
667 1.058406e-08 2.945151e-01 3.168081e+00
668 1.616930e-08 5.277033e-01 3.255444e+00
669 8.675849e-09 4.634371e-01 3.239702e+00
670 9.846282e-09 1.349069e-01 3.231638e+00
671 7.758293e-09 2.120586e-01 3.223771e+00
672 7.194941e-09 7.261279e-02 3.791338e+00
673 6.668398e-09 7.318241e-02 3.255747e+00
674 6.103169e-09 8.476236e-02 3.047775e+00
675 5.867078e-09 3.868332e-02 3.095427e+00
676 4.756428e-09 1.893021e-01 3.063698e+00
677 5.782111e-09 2.156415e-01 3.055892e+00
678 4.500170e-09 2.217082e-01 3.208062e+00
679 7.797363e-09 7.326821e-01 3.199082e+00
680 9.705265e-09 2.446854e-01 3.304242e+00
681 9.877181e-09 1.771376e-02 3.152268e+00
682 9.106681e-09 7.800811e-02 3.215031e+00
683 7.283507e-09 2.002018e-01 3.247329e+00
684 1.453429e-08 9.955064e-01 3.440697e+00
685 5.567042e-09 6.169718e-01 3.367092e+00
686 5.454541e-09 2.020840e-02 3.469164e+00
687 5.085351e-09 6.768483e-02 3.240506e+00
688 4.788706e-09 5.833336e-02 3.207215e+00
689 4.594034e-09 4.065213e-02 3.199832e+00
690 3.967472e-09 1.363860e-01 3.231471e+00
691 7.636131e-09 9.246839e-01 3.255981e+00
692 7.010676e-09 8.190728e-02 3.264082e+00
693 4.776443e-09 3.186901e-01 3.215585e+00
694 4.356410e-09 8.793857e-02 3.303259e+00
695 4.301131e-09 1.268902e-02 3.256411e+00
696 5.110919e-09 1.882733e-01 3.223122e+00
697 4.957129e-09 3.009050e-02 3.456333e+00
698 5.677991e-09 1.454192e-01 3.287288e+00
699 4.962308e-09 1.260451e-01 3.668679e+00
700 5.125975e-09 3.298205e-02 3.415498e+00
701 6.677715e-09 3.027209e-01 3.095945e+00
702 8.046237e-09 2.049387e-01 3.103951e+00
703 5.843692e-09 2.737360e-01 3.175914e+00
704 4.450953e-09 2.383321e-01 3.263843e+00
705 6.475298e-09 4.548116e-01 3.271667e+00
706 5.874553e-09 9.277490e-02 3.159856e+00
707 7.026269e-09 1.960517e-01 3.095730e+00
708 5.424868e-09 2.279162e-01 3.023952e+00
709 5.253509e-09 3.158785e-02 3.055275e+00
710 5.628728e-09 7.142268e-02 3.159628e+00
711 5.327422e-09 5.353001e-02 3.303532e+00
712 5.189542e-09 2.588119e-02 3.459693e+00
713 4.411930e-09 1.498422e-01 3.184096e+00
714 3.556503e-09 1.938895e-01 3.175550e+00
715 3.757087e-09 5.639913e-02 3.159961e+00
716 3.034524e-09 1.923199e-01 3.254945e+00
717 3.620937e-09 1.932473e-01 3.239735e+00
718 3.773838e-09 4.222683e-02 3.239544e+00
719 3.564665e-09 5.542725e-02 3.696421e+00
720 3.549925e-09 4.135059e-03 3.319019e+00
721 3.467596e-09 2.319164e-02 3.078170e+00
722 3.205080e-09 7.570554e-02 3.471559e+00
723 3.518216e-09 9.769990e-02 4.055533e+00
724 3.200597e-09 9.027844e-02 3.498066e+00
725 3.386550e-09 5.809966e-02 2.999379e+00
726 3.624276e-09 7.019689e-02 3.319553e+00
727 4.846852e-09 3.373300e-01 3.184559e+00
728 4.807059e-09 8.210128e-03 3.175801e+00
729 5.175876e-09 7.672404e-02 3.199211e+00
730 5.521750e-09 6.682416e-02 3.175807e+00
731 4.360439e-09 2.103157e-01 3.256088e+00
732 3.925966e-09 9.963977e-02 3.207174e+00
733 3.475568e-09 1.147229e-01 3.280406e+00
734 3.994590e-09 1.493346e-01 3.247335e+00
735 3.084913e-09 2.277273e-01 3.368067e+00
736 3.717961e-09 2.052079e-01 3.406546e+00
737 3.034032e-09 1.839526e-01 3.464681e+00
738 2.835862e-09 6.531573e-02 3.191475e+00
739 2.980415e-09 5.097310e-02 3.255893e+00
740 2.669956e-09 1.041665e-01 3.303571e+00
741 2.835752e-09 6.209714e-02 3.230431e+00
742 2.217032e-09 2.181854e-01 3.167867e+00
743 3.846193e-09 7.348384e-01 3.192112e+00
744 3.787655e-09 1.521971e-02 3.151153e+00
745 2.890816e-09 2.367795e-01 3.207808e+00
746 2.487132e-09 1.396437e-01 3.222895e+00
747 4.005762e-09 6.105953e-01 3.310762e+00
748 3.481853e-09 1.307889e-01 3.399948e+00
749 3.464275e-09 5.048571e-03 3.564806e+00
750 2.812524e-09 1.881349e-01 3.199013e+00
751 2.745284e-09 2.390731e-02 3.175763e+00
752 1.612637e-09 4.125791e-01 3.152094e+00
753 1.532904e-09 4.944303e-02 3.231226e+00
754 2.815928e-09 8.369894e-01 3.215975e+00
755 1.913377e-09 3.205163e-01 3.192057e+00
756 3.447504e-09 8.017905e-01 3.215709e+00
757 1.508292e-09 5.624974e-01 3.191351e+00
758 2.332471e-09 5.464321e-01 3.280466e+00
759 1.857959e-09 2.034374e-01 3.247415e+00
760 1.822131e-09 1.928371e-02 3.223623e+00
761 1.542070e-09 1.536996e-01 3.223249e+00
762 1.240052e-09 1.958526e-01 3.264026e+00
763 1.346401e-09 8.576205e-02 3.199552e+00
764 1.937361e-09 4.389184e-01 3.215792e+00
765 1.561373e-09 1.940722e-01 3.288334e+00
766 1.366346e-09 1.249077e-01 3.247267e+00
767 1.459840e-09 6.842638e-02 3.215587e+00
768 2.258975e-09 5.474126e-01 3.328619e+00
769 2.600561e-09 1.512129e-01 3.383274e+00
770 1.757358e-09 3.242387e-01 3.681679e+00
771 2.132500e-09 2.134689e-01 3.231095e+00
772 1.747941e-09 1.803324e-01 3.168503e+00
773 1.857800e-09 6.285033e-02 3.175854e+00
774 1.930830e-09 3.930990e-02 3.183122e+00
775 1.812432e-09 6.131973e-02 3.199790e+00
776 1.747700e-09 3.571518e-02 3.216289e+00
777 1.730289e-09 9.962212e-03 3.191462e+00
778 1.708061e-09 1.284640e-02 3.239549e+00
779 1.309548e-09 2.333133e-01 3.151661e+00
780 1.034897e-09 2.097297e-01 3.279794e+00
781 1.296497e-09 2.527792e-01 3.255903e+00
782 9.543982e-10 2.638641e-01 3.327977e+00
783 1.094476e-09 1.467704e-01 3.459103e+00
784 1.051495e-09 3.927041e-02 3.207604e+00
785 1.255376e-09 1.938961e-01 3.207376e+00
786 1.111479e-09 1.146249e-01 3.319349e+00
787 2.066954e-09 8.596438e-01 3.288167e+00
788 1.803758e-09 1.273352e-01 3.279651e+00
789 9.348337e-10 4.817301e-01 3.168452e+00
790 8.333692e-10 1.085375e-01 3.231278e+00
791 9.475153e-10 1.369695e-01 3.183555e+00
792 6.919340e-10 2.697385e-01 3.216262e+00
793 7.603947e-10 9.894122e-02 3.263268e+00
794 7.519151e-10 1.115166e-02 3.391783e+00
795 7.440849e-10 1.041365e-02 3.256252e+00
796 7.081797e-10 4.825413e-02 3.358134e+00
797 8.547312e-10 2.069410e-01 3.335458e+00
798 1.584574e-09 8.538862e-01 3.208078e+00
799 8.010012e-10 4.945007e-01 3.254984e+00
800 8.828208e-10 1.021467e-01 3.135188e+00
801 8.150688e-10 7.674494e-02 3.184253e+00
802 7.774938e-10 4.610033e-02 3.223675e+00
803 8.101338e-10 4.198104e-02 3.174738e+00
804 8.263595e-10 2.002840e-02 3.160039e+00
805 7.849299e-10 5.013512e-02 3.252627e+00
806 8.574718e-10 9.241827e-02 3.303521e+00
807 7.640557e-10 1.089436e-01 3.360126e+00
808 8.275651e-10 8.312145e-02 3.467421e+00
809 7.478094e-10 9.637400e-02 3.246738e+00
810 7.015306e-10 6.188577e-02 3.183187e+00
811 7.819123e-10 1.145805e-01 3.192541e+00
812 6.337378e-10 1.895027e-01 3.174917e+00
813 1.366789e-09 1.156711e+00 3.223799e+00
814 1.694536e-09 2.397933e-01 3.263678e+00
815 7.640714e-10 5.490970e-01 3.224228e+00
816 1.270029e-09 6.621868e-01 3.111922e+00
817 1.103200e-09 1.313588e-01 3.263566e+00
818 1.535641e-09 3.919883e-01 3.215878e+00
819 8.051106e-10 4.757169e-01 3.167557e+00
820 1.310088e-09 6.272152e-01 3.239025e+00
821 7.682001e-10 4.136272e-01 3.152845e+00
822 1.315302e-09 7.121873e-01 3.239491e+00
823 1.143783e-09 1.304028e-01 3.143470e+00
824 6.125334e-10 4.644673e-01 3.183651e+00
825 5.601591e-10 8.550427e-02 3.191963e+00
826 5.689142e-10 1.562968e-02 3.215305e+00
827 4.384769e-10 2.292741e-01 3.224494e+00
828 7.841142e-10 7.882679e-01 3.160473e+00
829 4.439821e-10 4.337788e-01 3.223494e+00
830 1.036349e-09 1.334214e+00 3.192039e+00
831 5.000669e-10 5.174726e-01 3.247153e+00
832 9.195071e-10 8.387683e-01 3.279475e+00
833 5.049197e-10 4.508801e-01 3.399817e+00
834 7.198954e-10 4.257622e-01 3.352476e+00
835 5.321612e-10 2.607798e-01 3.489391e+00
836 5.009920e-10 5.857093e-02 3.184033e+00
837 1.198865e-09 1.392983e+00 3.239588e+00
838 5.332652e-10 5.551917e-01 3.175114e+00
839 1.024592e-09 9.213551e-01 3.192122e+00
840 5.179668e-10 4.944653e-01 3.175283e+00
841 5.903085e-10 1.396647e-01 3.232041e+00
842 3.966127e-10 3.281263e-01 3.191698e+00
843 2.600006e-10 3.444472e-01 3.168131e+00
844 4.492690e-10 7.279537e-01 3.335453e+00
845 2.202047e-10 5.098599e-01 3.159626e+00
846 5.720713e-10 1.597906e+00 3.296071e+00
847 5.562685e-10 2.762384e-02 3.399063e+00
848 4.146938e-10 2.545078e-01 3.758374e+00
849 3.106299e-10 2.509417e-01 3.223534e+00
850 3.182037e-10 2.438217e-02 3.191313e+00
851 5.282708e-10 6.601654e-01 3.207706e+00
852 2.480975e-10 5.303591e-01 3.176035e+00
853 1.892069e-10 2.373690e-01 3.279614e+00
854 1.859179e-10 1.738269e-02 3.232076e+00
855 2.900931e-10 5.603284e-01 3.246534e+00
856 2.495956e-10 1.396017e-01 3.176052e+00
857 2.748479e-10 1.011731e-01 3.199315e+00
858 3.252496e-10 1.833803e-01 3.215542e+00
859 3.523367e-10 8.328099e-02 3.348019e+00
860 1.921381e-10 4.546748e-01 3.312017e+00
861 1.623713e-10 1.549237e-01 3.452567e+00
862 2.975997e-10 8.328341e-01 3.175840e+00
863 5.277475e-10 7.733468e-01 3.183679e+00
864 2.038230e-10 6.137870e-01 3.304120e+00
865 2.447168e-10 2.006341e-01 3.295204e+00
866 1.996684e-10 1.840838e-01 3.207147e+00
867 2.232976e-10 1.183423e-01 3.062903e+00
868 1.769489e-10 2.075647e-01 3.160216e+00
869 1.630949e-10 7.829395e-02 3.127618e+00
870 1.677961e-10 2.882518e-02 3.144161e+00
871 1.352611e-10 1.938959e-01 3.167429e+00
872 1.606710e-10 1.878581e-01 3.375307e+00
873 1.765849e-10 9.904602e-02 3.400118e+00
874 2.332178e-10 3.207122e-01 3.285087e+00
875 2.440381e-10 4.639588e-02 3.199834e+00
876 2.572881e-10 5.429462e-02 3.215793e+00
877 2.932061e-10 1.396025e-01 3.248005e+00
878 3.009544e-10 2.642594e-02 3.231801e+00
879 3.519052e-10 1.692974e-01 3.327153e+00
880 2.942691e-10 1.637831e-01 3.231845e+00
881 2.066884e-10 2.976209e-01 3.191577e+00
882 2.611329e-10 2.634131e-01 3.200033e+00
883 2.509392e-10 3.903658e-02 3.184250e+00
884 3.377212e-10 3.458290e-01 3.461250e+00
885 2.023626e-10 4.007999e-01 3.263729e+00
886 1.870142e-10 7.584599e-02 3.430811e+00
887 1.465424e-10 2.164100e-01 3.168390e+00
888 1.585401e-10 8.187133e-02 3.239517e+00
889 1.545918e-10 2.490403e-02 3.487352e+00
890 1.418496e-10 8.242444e-02 3.232118e+00
891 1.471762e-10 3.755044e-02 3.239472e+00
892 1.632134e-10 1.089666e-01 3.160338e+00
893 1.766891e-10 8.256468e-02 3.159083e+00
894 1.987717e-10 1.249797e-01 3.159314e+00
895 1.196804e-10 3.979002e-01 3.184588e+00
896 1.437817e-10 2.013804e-01 3.191230e+00
897 1.265341e-10 1.199565e-01 3.304166e+00
898 1.056736e-10 1.648610e-01 3.198896e+00
899 9.559797e-11 9.534651e-02 3.463651e+00
