1 9.998847e-01 1.000000e+00 3.775561e+00
2 9.991718e-01 7.129499e-04 3.631661e+00
3 9.976557e-01 1.517391e-03 3.627911e+00
4 9.900986e-01 7.574825e-03 4.101795e+00
5 9.780338e-01 1.218542e-02 3.591693e+00
6 9.489125e-01 2.977538e-02 3.576529e+00
7 8.570001e-01 9.686083e-02 3.398845e+00
8 7.928538e-01 7.484971e-02 3.672037e+00
9 7.758341e-01 2.146649e-02 3.592121e+00
10 7.217897e-01 6.965962e-02 3.334309e+00
11 6.830448e-01 5.367905e-02 3.583990e+00
12 6.668134e-01 2.376330e-02 3.567114e+00
13 6.564040e-01 1.561062e-02 3.884899e+00
14 6.336246e-01 3.470325e-02 3.526554e+00
15 6.120076e-01 3.411651e-02 3.495543e+00
16 5.756462e-01 5.941335e-02 3.800409e+00
17 5.657461e-01 1.719810e-02 3.654631e+00
18 5.619002e-01 6.797911e-03 3.414901e+00
19 5.605150e-01 2.465208e-03 3.471317e+00
20 5.621533e-01 2.922741e-03 3.524481e+00
21 5.591957e-01 5.261089e-03 3.472075e+00
22 5.578739e-01 2.363798e-03 4.631804e+00
23 5.543377e-01 6.338819e-03 3.647553e+00
24 5.566136e-01 4.105693e-03 3.743443e+00
25 5.554636e-01 2.065975e-03 3.811749e+00
26 5.551417e-01 5.795377e-04 3.582342e+00
27 5.544868e-01 1.179774e-03 3.575273e+00
28 5.519263e-01 4.617845e-03 3.416530e+00
29 5.504249e-01 2.720267e-03 3.375526e+00
30 4.988474e-01 9.370483e-02 3.471330e+00
31 4.998036e-01 1.916753e-03 3.486054e+00
32 4.979685e-01 3.671611e-03 3.303561e+00
33 4.979791e-01 2.126712e-05 3.375914e+00
34 4.976969e-01 5.667003e-04 3.302557e+00
35 4.980323e-01 6.740409e-04 3.488077e+00
36 4.969489e-01 2.175442e-03 3.502811e+00
37 4.973664e-01 8.401700e-04 3.408041e+00
38 4.179490e-01 1.596758e-01 3.711752e+00
39 4.131837e-01 1.140163e-02 3.374374e+00
40 3.822343e-01 7.490470e-02 3.447066e+00
41 3.693340e-01 3.374982e-02 3.654906e+00
42 3.404769e-01 7.813286e-02 3.510686e+00
43 3.331679e-01 2.146681e-02 3.215070e+00
44 3.180991e-01 4.522895e-02 3.271682e+00
45 3.158001e-01 7.227232e-03 3.392038e+00
46 3.147746e-01 3.247390e-03 3.335607e+00
47 3.139742e-01 2.542855e-03 3.199330e+00
48 3.126011e-01 4.373186e-03 3.439400e+00
49 3.068334e-01 1.845076e-02 3.784123e+00
50 3.024188e-01 1.438750e-02 3.703047e+00
51 3.015148e-01 2.989053e-03 3.472304e+00
52 2.997618e-01 5.813999e-03 3.351354e+00
53 3.006525e-01 2.971325e-03 3.367291e+00
54 2.991040e-01 5.150608e-03 3.455665e+00
55 2.988812e-01 7.447657e-04 3.199937e+00
56 2.987630e-01 3.954619e-04 3.311735e+00
57 2.970340e-01 5.787392e-03 3.239187e+00
58 2.972737e-01 8.071965e-04 3.391868e+00
59 2.972792e-01 1.848395e-05 3.503353e+00
60 2.972599e-01 6.505870e-05 3.463902e+00
61 2.968892e-01 1.246983e-03 3.519915e+00
62 2.965427e-01 1.167047e-03 3.550165e+00
63 2.974803e-01 3.161606e-03 3.406848e+00
64 2.923768e-01 1.715554e-02 3.350114e+00
65 2.933887e-01 3.460863e-03 3.495835e+00
66 2.923029e-01 3.700847e-03 3.447337e+00
67 2.932913e-01 3.381142e-03 3.351285e+00
68 2.917183e-01 5.363006e-03 3.351369e+00
69 2.910559e-01 2.270721e-03 3.927330e+00
70 2.903198e-01 2.528987e-03 3.544258e+00
71 2.895280e-01 2.727358e-03 3.494419e+00
72 2.888203e-01 2.444436e-03 3.542165e+00
73 2.886523e-01 5.818025e-04 3.607489e+00
74 2.869724e-01 5.819590e-03 3.853554e+00
75 2.863667e-01 2.110619e-03 3.471805e+00
76 2.817964e-01 1.595982e-02 3.492829e+00
77 2.800226e-01 6.294466e-03 3.543992e+00
78 2.776562e-01 8.450887e-03 3.407111e+00
79 2.791333e-01 5.320091e-03 3.447821e+00
80 2.789936e-01 5.005948e-04 3.391741e+00
81 2.789962e-01 9.193123e-06 3.415345e+00
82 2.724934e-01 2.330757e-02 3.542819e+00
83 2.736990e-01 4.424223e-03 3.487624e+00
84 2.718597e-01 6.720062e-03 3.696017e+00
85 2.726774e-01 3.007727e-03 3.715013e+00
86 2.722635e-01 1.517925e-03 3.820191e+00
87 2.730910e-01 3.039264e-03 3.415785e+00
88 2.727166e-01 1.370882e-03 3.448332e+00
89 2.727810e-01 2.360439e-04 3.399625e+00
90 2.725109e-01 9.899956e-04 3.407796e+00
91 2.696172e-01 1.061885e-02 3.375460e+00
92 2.633049e-01 2.341190e-02 3.551874e+00
93 2.627714e-01 2.026495e-03 3.567337e+00
94 2.613453e-01 5.426833e-03 3.560160e+00
95 2.613420e-01 1.283006e-05 3.614509e+00
96 2.586122e-01 1.044521e-02 3.679776e+00
97 2.571654e-01 5.594588e-03 3.783591e+00
98 2.565923e-01 2.228507e-03 3.558791e+00
99 2.559220e-01 2.612188e-03 3.471998e+00
100 2.555834e-01 1.323234e-03 3.549888e+00
101 2.554024e-01 7.079485e-04 3.520196e+00
102 2.551821e-01 8.625483e-04 3.568111e+00
103 2.534849e-01 6.651019e-03 3.503533e+00
104 2.538585e-01 1.473708e-03 3.559047e+00
105 2.447156e-01 3.601569e-02 3.551912e+00
106 2.427526e-01 8.021395e-03 3.551097e+00
107 2.411740e-01 6.503122e-03 3.903635e+00
108 2.389299e-01 9.304656e-03 3.942827e+00
109 2.267835e-01 5.083662e-02 3.968105e+00
110 2.099608e-01 7.417958e-02 3.719872e+00
111 2.087213e-01 5.903568e-03 3.558947e+00
112 2.088211e-01 4.781916e-04 3.551232e+00
113 2.080010e-01 3.927494e-03 3.535947e+00
114 2.081562e-01 7.459852e-04 3.520291e+00
115 2.072708e-01 4.253305e-03 3.543268e+00
116 2.070243e-01 1.189230e-03 3.662522e+00
117 2.065173e-01 2.449204e-03 3.623203e+00
118 2.051527e-01 6.607529e-03 3.504191e+00
119 1.676974e-01 1.825728e-01 3.543979e+00
120 1.584028e-01 5.542510e-02 3.647787e+00
121 1.553381e-01 1.934738e-02 3.542737e+00
122 1.539067e-01 9.214333e-03 3.696085e+00
123 1.527748e-01 7.354650e-03 3.727695e+00
124 1.505363e-01 1.465251e-02 3.663640e+00
125 1.492786e-01 8.354938e-03 3.583445e+00
126 1.452293e-01 2.712580e-02 3.607508e+00
127 1.439844e-01 8.571466e-03 3.487295e+00
128 1.415034e-01 1.723099e-02 3.399172e+00
129 1.151539e-01 1.862116e-01 3.533653e+00
130 1.089906e-01 5.352218e-02 3.407584e+00
131 1.055896e-01 3.120456e-02 3.478448e+00
132 1.045291e-01 1.004374e-02 3.711276e+00
133 1.039197e-01 5.829477e-03 3.759871e+00
134 1.001622e-01 3.615783e-02 3.552064e+00
135 9.554677e-02 4.607948e-02 3.615034e+00
136 9.296400e-02 2.703147e-02 3.511697e+00
137 9.291586e-02 5.178305e-04 3.584282e+00
138 9.250510e-02 4.420720e-03 3.542943e+00
139 9.214133e-02 3.932445e-03 3.464257e+00
140 9.101695e-02 1.220279e-02 3.464130e+00
141 9.067240e-02 3.785624e-03 3.559522e+00
142 8.765835e-02 3.324108e-02 3.503225e+00
143 8.865734e-02 1.139639e-02 3.502645e+00
144 8.805417e-02 6.803336e-03 3.630024e+00
145 8.776905e-02 3.237992e-03 3.908807e+00
146 8.789847e-02 1.474589e-03 3.488192e+00
147 8.774583e-02 1.736615e-03 3.471524e+00
148 8.775709e-02 1.283907e-04 3.639262e+00
149 8.762846e-02 1.465787e-03 3.551951e+00
150 8.674195e-02 1.011674e-02 3.527018e+00
151 8.649767e-02 2.816156e-03 3.519108e+00
152 8.396142e-02 2.932154e-02 3.566866e+00
153 8.416575e-02 2.433615e-03 3.528100e+00
154 8.354625e-02 7.360553e-03 3.519456e+00
155 8.375260e-02 2.469971e-03 4.104162e+00
156 9.054136e-02 8.105725e-02 4.483821e+00
157 6.407793e-02 2.922800e-01 3.583865e+00
158 6.191700e-02 3.372342e-02 3.383685e+00
159 5.762128e-02 6.937876e-02 3.576196e+00
160 4.060612e-02 2.952930e-01 3.527256e+00
161 3.680104e-02 9.370709e-02 3.607992e+00
162 2.497591e-02 3.213260e-01 3.598851e+00
163 1.615068e-02 3.533496e-01 3.527759e+00
164 1.678372e-02 3.919597e-02 3.511848e+00
165 1.074443e-02 3.598302e-01 3.487725e+00
166 8.682359e-03 1.919201e-01 3.559469e+00
167 7.683199e-03 1.150794e-01 3.663754e+00
168 7.588523e-03 1.232250e-02 3.503248e+00
169 5.894831e-03 2.231912e-01 3.695708e+00
170 5.780412e-03 1.941002e-02 3.575393e+00
171 5.697749e-03 1.430062e-02 3.519649e+00
172 5.365140e-03 5.837548e-02 3.543322e+00
173 4.762632e-03 1.123005e-01 3.592365e+00
174 3.849838e-03 1.916573e-01 3.599150e+00
175 4.864339e-03 2.635178e-01 3.527597e+00
176 3.294377e-03 3.227493e-01 3.591965e+00
177 3.691762e-03 1.206253e-01 3.527796e+00
178 2.307495e-03 3.749610e-01 3.495128e+00
179 3.106195e-03 3.461326e-01 3.551745e+00
180 2.674717e-03 1.389089e-01 3.519506e+00
181 2.649584e-03 9.396553e-03 3.472519e+00
182 2.434987e-03 8.099265e-02 3.526595e+00
183 1.813444e-03 2.552551e-01 3.631416e+00
184 4.409230e-03 1.431412e+00 3.568000e+00
185 1.864114e-03 5.772245e-01 3.487537e+00
186 3.166249e-03 6.985275e-01 3.503739e+00
187 1.919883e-03 3.936412e-01 3.559546e+00
188 2.732760e-03 4.233991e-01 3.808094e+00
189 1.687607e-03 3.824533e-01 3.770803e+00
190 2.679227e-03 5.875900e-01 3.865703e+00
191 1.229288e-03 5.411781e-01 3.590907e+00
192 2.336049e-03 9.003263e-01 3.519903e+00
193 1.590654e-03 3.190834e-01 3.615925e+00
194 2.409317e-03 5.146705e-01 3.703688e+00
195 9.732256e-04 5.960575e-01 3.567347e+00
196 9.259215e-04 4.860552e-02 3.608055e+00
197 1.067863e-03 1.532974e-01 3.621665e+00
198 1.765649e-03 6.534422e-01 3.519977e+00
199 8.165884e-04 5.375139e-01 3.639861e+00
200 1.879197e-03 1.301278e+00 3.750647e+00
201 1.017240e-03 4.586838e-01 3.831993e+00
202 1.409018e-03 3.851382e-01 3.567224e+00
203 9.827992e-04 3.024935e-01 3.831289e+00
204 1.352111e-03 3.757755e-01 3.607802e+00
205 1.056002e-03 2.189976e-01 3.480110e+00
206 1.315639e-03 2.458677e-01 3.583521e+00
207 9.618116e-04 2.689394e-01 3.615647e+00
208 1.236459e-03 2.855518e-01 3.575360e+00
209 1.097959e-03 1.120132e-01 3.576374e+00
210 1.209937e-03 1.019876e-01 3.495140e+00
211 1.085293e-03 1.030171e-01 3.447222e+00
212 1.157285e-03 6.633450e-02 3.647963e+00
213 1.134902e-03 1.934110e-02 3.701128e+00
214 1.130503e-03 3.876071e-03 3.502878e+00
215 1.146506e-03 1.415562e-02 3.542860e+00
216 1.065934e-03 7.027655e-02 3.512172e+00
217 1.110888e-03 4.217331e-02 3.599038e+00
218 9.741243e-04 1.231118e-01 3.591683e+00
219 1.054236e-03 8.223995e-02 3.624354e+00
220 8.857669e-04 1.598023e-01 3.534860e+00
221 9.853691e-04 1.124475e-01 3.552127e+00
222 7.963494e-04 1.918263e-01 3.487596e+00
223 1.099606e-03 3.808080e-01 3.736118e+00
224 7.781334e-04 2.923523e-01 3.847251e+00
225 9.880572e-04 2.697787e-01 3.511588e+00
226 6.878911e-04 3.037943e-01 3.519566e+00
227 9.331374e-04 3.565191e-01 3.575600e+00
228 6.279565e-04 3.270482e-01 3.535602e+00
229 9.670965e-04 5.400693e-01 3.456134e+00
230 6.362564e-04 3.420963e-01 3.479511e+00
231 9.551958e-04 5.012750e-01 3.480386e+00
232 6.536844e-04 3.156540e-01 3.567392e+00
233 9.320343e-04 4.258170e-01 3.511909e+00
234 6.131742e-04 3.421120e-01 3.919236e+00
235 9.078374e-04 4.805539e-01 3.615679e+00
236 5.502715e-04 3.938656e-01 3.791760e+00
237 8.935612e-04 6.238551e-01 3.456196e+00
238 5.966255e-04 3.323059e-01 3.439580e+00
239 8.648265e-04 4.495299e-01 3.583442e+00
240 5.698427e-04 3.410902e-01 3.519339e+00
241 8.413493e-04 4.764589e-01 3.440241e+00
242 5.195544e-04 3.824748e-01 3.447208e+00
243 8.249704e-04 5.878420e-01 3.824457e+00
244 5.199090e-04 3.697847e-01 3.407764e+00
245 7.999262e-04 5.385889e-01 3.415067e+00
246 4.728964e-04 4.088250e-01 3.390939e+00
247 7.751864e-04 6.392310e-01 3.391543e+00
248 4.755879e-04 3.864858e-01 3.391549e+00
249 7.518905e-04 5.809707e-01 3.455861e+00
250 4.751706e-04 3.680322e-01 3.431444e+00
251 7.247367e-04 5.252135e-01 3.400064e+00
252 4.285590e-04 4.086694e-01 3.319008e+00
253 7.018791e-04 6.377655e-01 3.416561e+00
254 4.308028e-04 3.862151e-01 3.463468e+00
255 6.792611e-04 5.767331e-01 3.398769e+00
256 4.074094e-04 4.002167e-01 3.439380e+00
257 6.640159e-04 6.298492e-01 3.455302e+00
258 3.827489e-04 4.235848e-01 3.415448e+00
259 6.488379e-04 6.952052e-01 3.447750e+00
260 4.087949e-04 3.699583e-01 3.382499e+00
261 6.223924e-04 5.225054e-01 3.366603e+00
262 3.822355e-04 3.858609e-01 3.470864e+00
263 5.991797e-04 5.675668e-01 3.526939e+00
264 3.634703e-04 3.933868e-01 3.450967e+00
265 5.487329e-04 5.097048e-01 3.454127e+00
266 3.560842e-04 3.510792e-01 3.335385e+00
267 5.437568e-04 5.270454e-01 3.368432e+00
268 3.227790e-04 4.063908e-01 3.359793e+00
269 5.271966e-04 6.333048e-01 3.350952e+00
270 3.202060e-04 3.926250e-01 3.343684e+00
271 5.159635e-04 6.113484e-01 3.374072e+00
272 2.956741e-04 4.269476e-01 3.423911e+00
273 3.347633e-04 1.322038e-01 3.343863e+00
274 2.626014e-04 2.155609e-01 3.371532e+00
275 4.579999e-04 7.440874e-01 3.488080e+00
276 2.708699e-04 4.085809e-01 3.567297e+00
277 4.365285e-04 6.115800e-01 3.600332e+00
278 2.559673e-04 4.136298e-01 3.407005e+00
279 3.927106e-04 5.342219e-01 3.343337e+00
280 2.277011e-04 4.201809e-01 3.288284e+00
281 3.923574e-04 7.231245e-01 3.271644e+00
282 2.496364e-04 3.637524e-01 3.352118e+00
283 3.776425e-04 5.127699e-01 3.350978e+00
284 2.376639e-04 3.706643e-01 3.415348e+00
285 3.669338e-04 5.439190e-01 3.232046e+00
286 2.253819e-04 3.857694e-01 3.415233e+00
287 3.359431e-04 4.905499e-01 3.367796e+00
288 2.255112e-04 3.287219e-01 3.646293e+00
289 3.328325e-04 4.759024e-01 3.741140e+00
290 2.171332e-04 3.476202e-01 3.472728e+00
291 3.216724e-04 4.814517e-01 3.519051e+00
292 2.063357e-04 3.585532e-01 3.456005e+00
293 3.119550e-04 5.118808e-01 3.383528e+00
294 2.040771e-04 3.458125e-01 3.127547e+00
295 3.036983e-04 4.881549e-01 3.207767e+00
296 1.920385e-04 3.676669e-01 3.311704e+00
297 2.807051e-04 4.617126e-01 3.335573e+00
298 1.854268e-04 3.394248e-01 3.383289e+00
299 2.807908e-04 5.142947e-01 3.367691e+00
300 1.879124e-04 3.307743e-01 3.495999e+00
301 2.712657e-04 4.435752e-01 3.455610e+00
302 1.784077e-04 3.423140e-01 3.612291e+00
303 1.940102e-04 8.745452e-02 3.296321e+00
304 1.805089e-04 6.959077e-02 3.359676e+00
305 2.445065e-04 3.545398e-01 3.399665e+00
306 1.600407e-04 3.454540e-01 3.263081e+00
307 2.317873e-04 4.483017e-01 3.360184e+00
308 1.547608e-04 3.323156e-01 3.255234e+00
309 2.100198e-04 3.570608e-01 3.296457e+00
310 1.468489e-04 3.007852e-01 3.367187e+00
311 2.076833e-04 4.142647e-01 3.463549e+00
312 1.381109e-04 3.349927e-01 3.494719e+00
313 2.011108e-04 4.561543e-01 3.544224e+00
314 1.297856e-04 3.546559e-01 3.701653e+00
315 1.983887e-04 5.285873e-01 3.439137e+00
316 1.353916e-04 3.175437e-01 3.359606e+00
317 1.812636e-04 3.388101e-01 3.495919e+00
318 1.227330e-04 3.229031e-01 3.455405e+00
319 1.796344e-04 4.636186e-01 3.527263e+00
320 1.139149e-04 3.658510e-01 3.415590e+00
321 1.774006e-04 5.573078e-01 3.430023e+00
322 1.223084e-04 3.105525e-01 3.391613e+00
323 1.717408e-04 4.041613e-01 3.392008e+00
324 1.173859e-04 3.164936e-01 3.511924e+00
325 1.658287e-04 4.126803e-01 3.543610e+00
326 1.144470e-04 3.098485e-01 3.807567e+00
327 1.526367e-04 3.336894e-01 3.875369e+00
328 1.072998e-04 2.970247e-01 3.536252e+00
329 1.505374e-04 4.029603e-01 3.455620e+00
330 1.048155e-04 3.037247e-01 3.519187e+00
331 1.479385e-04 4.114183e-01 3.384434e+00
332 9.868036e-05 3.329635e-01 3.343627e+00
333 1.438934e-04 4.581763e-01 3.437411e+00
334 1.109871e-04 2.286854e-01 3.406309e+00
335 1.322710e-04 1.917696e-01 3.591807e+00
336 1.043240e-04 2.112858e-01 3.328333e+00
337 1.311370e-04 2.570164e-01 3.270870e+00
338 1.001771e-04 2.360885e-01 3.488020e+00
339 9.568549e-05 4.483636e-02 3.562315e+00
340 1.150015e-04 2.018698e-01 3.439663e+00
341 9.163905e-05 2.031491e-01 3.335894e+00
342 1.002756e-04 9.424586e-02 3.439759e+00
343 1.235276e-04 2.318804e-01 3.360227e+00
344 8.333017e-05 3.254126e-01 3.407678e+00
345 1.025887e-04 2.311114e-01 3.510328e+00
346 8.125148e-05 2.079882e-01 3.735290e+00
347 9.674518e-05 1.906883e-01 3.486840e+00
348 7.637152e-05 2.105910e-01 3.448283e+00
349 8.803029e-05 1.526587e-01 3.487336e+00
350 7.395375e-05 1.599056e-01 3.423006e+00
351 8.571775e-05 1.590723e-01 3.419055e+00
352 7.056454e-05 1.767802e-01 3.271889e+00
353 8.206291e-05 1.629482e-01 3.264207e+00
354 6.823480e-05 1.685061e-01 3.359728e+00
355 8.025879e-05 1.762149e-01 3.255795e+00
356 6.650499e-05 1.713682e-01 3.239180e+00
357 7.355610e-05 1.060237e-01 3.247740e+00
358 6.233577e-05 1.525410e-01 3.327660e+00
359 7.317553e-05 1.738930e-01 3.415576e+00
360 6.234915e-05 1.479508e-01 3.288281e+00
361 7.161484e-05 1.486097e-01 3.375707e+00
362 6.307476e-05 1.192501e-01 3.335941e+00
363 7.073393e-05 1.214299e-01 3.303199e+00
364 5.833573e-05 1.752793e-01 3.319195e+00
365 6.428592e-05 1.019991e-01 3.335895e+00
366 5.681668e-05 1.161878e-01 3.367633e+00
367 6.432941e-05 1.322275e-01 3.271825e+00
368 5.610015e-05 1.279238e-01 3.341668e+00
369 6.326762e-05 1.277621e-01 3.311219e+00
370 5.542379e-05 1.239786e-01 3.375458e+00
371 6.130306e-05 1.060786e-01 3.343294e+00
372 5.251291e-05 1.433884e-01 3.406642e+00
373 5.943181e-05 1.317561e-01 3.343060e+00
374 5.181024e-05 1.282406e-01 3.335686e+00
375 5.398791e-05 4.203173e-02 3.383137e+00
376 4.942202e-05 8.457252e-02 3.343620e+00
377 5.356950e-05 8.391971e-02 3.335933e+00
378 4.841117e-05 9.629231e-02 3.344289e+00
379 5.188832e-05 7.182538e-02 3.336006e+00
380 4.793626e-05 7.616478e-02 4.311013e+00
381 5.052573e-05 5.401904e-02 4.068885e+00
382 4.636948e-05 8.226002e-02 3.390740e+00
383 4.659404e-05 4.842768e-03 3.422192e+00
384 4.356182e-05 6.507733e-02 3.448245e+00
385 4.608931e-05 5.802066e-02 3.303850e+00
386 4.224542e-05 8.340088e-02 3.391140e+00
387 4.463327e-05 5.652340e-02 3.352010e+00
388 4.271927e-05 4.288299e-02 3.311481e+00
389 4.349591e-05 1.818019e-02 3.383557e+00
390 4.049911e-05 6.889841e-02 3.488191e+00
391 3.956014e-05 2.318497e-02 3.391822e+00
392 4.780846e-05 2.085009e-01 3.382136e+00
393 3.887435e-05 1.868732e-01 3.486268e+00
394 3.614701e-05 7.015761e-02 3.424125e+00
395 3.741017e-05 3.494496e-02 3.366290e+00
396 3.500200e-05 6.437196e-02 3.511101e+00
397 3.604867e-05 2.990299e-02 3.344230e+00
398 3.397119e-05 5.762990e-02 3.391502e+00
399 3.258439e-05 4.082274e-02 3.359651e+00
400 3.344679e-05 2.646651e-02 3.318369e+00
401 3.268129e-05 2.288684e-02 3.335494e+00
402 3.164020e-05 3.185609e-02 3.302466e+00
403 3.125353e-05 1.222061e-02 3.287916e+00
404 3.063489e-05 1.979439e-02 3.654795e+00
405 3.124210e-05 1.982087e-02 3.631864e+00
406 2.963074e-05 5.157646e-02 3.392096e+00
407 2.892623e-05 2.377634e-02 3.328094e+00
408 3.520374e-05 2.170178e-01 3.399493e+00
409 2.916536e-05 1.715267e-01 3.374283e+00
410 3.146892e-05 7.898296e-02 3.399648e+00
411 2.859604e-05 9.129252e-02 3.639558e+00
412 2.792069e-05 2.361689e-02 3.359798e+00
413 2.729538e-05 2.239615e-02 3.415856e+00
414 2.511692e-05 7.981045e-02 3.343710e+00
415 2.586879e-05 2.993458e-02 3.400102e+00
416 2.453650e-05 5.150174e-02 3.343198e+00
417 2.460426e-05 2.761722e-03 3.495796e+00
418 2.469475e-05 3.677915e-03 3.328043e+00
419 2.260257e-05 8.472183e-02 3.351178e+00
420 2.326034e-05 2.910146e-02 3.392150e+00
421 2.210960e-05 4.947230e-02 3.519115e+00
422 2.377198e-05 7.518850e-02 3.495786e+00
423 2.126097e-05 1.056291e-01 3.279627e+00
424 2.388236e-05 1.232960e-01 3.416014e+00
425 2.098244e-05 1.214255e-01 3.526886e+00
426 2.154794e-05 2.695147e-02 3.423449e+00
427 1.931522e-05 1.036165e-01 3.319447e+00
428 2.927107e-05 5.154408e-01 3.391470e+00
429 1.965301e-05 3.285859e-01 3.367952e+00
430 2.516466e-05 2.804481e-01 3.448128e+00
431 1.852416e-05 2.638821e-01 3.359116e+00
432 2.588557e-05 3.973951e-01 3.487583e+00
433 1.748142e-05 3.246653e-01 3.344009e+00
434 2.297950e-05 3.145097e-01 3.302842e+00
435 1.611340e-05 2.987921e-01 3.279741e+00
436 2.033627e-05 2.620716e-01 3.415267e+00
437 2.117391e-05 4.118945e-02 3.335857e+00
438 1.701121e-05 1.965959e-01 3.398474e+00
439 1.772375e-05 4.188666e-02 3.327551e+00
440 1.557592e-05 1.211838e-01 3.311635e+00
441 1.667818e-05 7.076710e-02 3.319912e+00
442 1.505722e-05 9.719032e-02 3.383246e+00
443 1.543987e-05 2.541327e-02 3.348865e+00
444 1.382202e-05 1.047841e-01 3.317286e+00
445 1.516060e-05 9.684399e-02 3.382776e+00
446 1.416242e-05 6.584031e-02 3.343668e+00
447 1.442830e-05 1.877344e-02 3.271191e+00
448 1.359879e-05 5.749194e-02 4.040275e+00
449 1.318237e-05 3.062168e-02 3.542902e+00
450 1.280075e-05 2.894921e-02 3.628986e+00
451 1.307763e-05 2.162966e-02 3.695957e+00
452 1.250395e-05 4.386685e-02 3.356903e+00
453 1.265701e-05 1.224036e-02 3.352001e+00
454 1.200825e-05 5.125650e-02 3.327878e+00
455 1.165336e-05 2.955372e-02 3.135285e+00
456 1.144138e-05 1.819113e-02 3.183956e+00
457 1.159952e-05 1.382204e-02 3.156929e+00
458 1.097320e-05 5.399496e-02 3.199572e+00
459 1.124741e-05 2.498915e-02 3.159990e+00
460 1.088521e-05 3.220375e-02 3.159864e+00
461 1.087965e-05 5.100981e-04 3.159576e+00
462 1.026009e-05 5.694674e-02 3.392163e+00
463 1.044598e-05 1.811801e-02 3.174171e+00
464 1.276457e-05 2.219591e-01 3.111375e+00
465 1.078985e-05 1.547031e-01 3.368212e+00
466 1.205594e-05 1.173412e-01 3.309826e+00
467 1.004900e-05 1.664692e-01 3.308862e+00
468 1.094072e-05 8.873742e-02 3.311094e+00
469 9.442994e-06 1.368947e-01 3.368358e+00
470 1.049035e-05 1.109135e-01 3.374978e+00
471 1.011706e-05 3.558376e-02 3.406683e+00
472 8.265567e-06 1.830073e-01 3.303389e+00
473 9.331222e-06 1.289271e-01 3.343916e+00
474 8.666632e-06 7.122212e-02 3.359882e+00
475 8.798306e-06 1.519315e-02 3.302973e+00
476 8.523141e-06 3.127477e-02 3.303169e+00
477 8.878027e-06 4.163799e-02 3.431586e+00
478 7.799814e-06 1.214474e-01 3.584188e+00
479 8.708914e-06 1.165541e-01 3.690527e+00
480 7.873066e-06 9.597613e-02 3.151739e+00
481 8.071416e-06 2.519353e-02 3.110902e+00
482 7.551410e-06 6.442569e-02 3.239998e+00
483 7.824647e-06 3.618361e-02 3.207472e+00
484 7.404023e-06 5.375635e-02 3.158729e+00
485 7.136172e-06 3.617645e-02 3.167686e+00
486 6.988222e-06 2.073232e-02 3.143863e+00
487 6.955145e-06 4.733222e-03 3.136481e+00
488 8.814981e-06 2.674043e-01 3.071181e+00
489 7.358930e-06 1.651791e-01 3.184305e+00
490 8.282701e-06 1.255306e-01 3.070979e+00
491 6.742331e-06 1.859743e-01 3.223721e+00
492 7.715246e-06 1.442996e-01 3.461877e+00
493 6.373791e-06 1.738707e-01 3.311050e+00
494 6.850227e-06 7.474916e-02 3.136350e+00
495 6.949937e-06 1.455575e-02 3.079728e+00
496 5.475788e-06 2.121098e-01 3.342664e+00
497 6.449235e-06 1.777731e-01 3.296232e+00
498 5.243594e-06 1.869434e-01 3.311940e+00
499 5.686868e-06 8.453641e-02 3.296003e+00
500 5.118605e-06 9.992552e-02 3.327016e+00
501 5.634444e-06 1.007774e-01 3.335965e+00
502 4.867286e-06 1.361551e-01 3.344017e+00
503 5.505100e-06 1.310410e-01 3.446707e+00
504 4.819366e-06 1.245635e-01 3.504216e+00
505 5.035392e-06 4.482450e-02 3.625922e+00
506 4.655302e-06 7.548357e-02 3.304939e+00
507 5.028816e-06 8.023411e-02 3.447109e+00
508 4.525045e-06 1.001770e-01 3.399789e+00
509 4.876458e-06 7.765971e-02 3.367716e+00
510 4.373796e-06 1.030794e-01 3.246264e+00
511 4.648927e-06 6.290430e-02 3.423816e+00
512 5.300322e-06 1.401174e-01 3.399039e+00
513 4.801725e-06 9.406917e-02 3.447632e+00
514 5.115490e-06 6.534410e-02 3.423939e+00
515 4.595552e-06 1.016399e-01 3.679441e+00
516 4.924764e-06 7.163704e-02 3.519696e+00
517 4.730046e-06 3.953842e-02 3.543101e+00
518 3.717375e-06 2.140934e-01 3.366803e+00
519 4.224126e-06 1.363196e-01 3.367459e+00
520 3.931694e-06 6.922908e-02 3.399584e+00
521 4.155669e-06 5.696662e-02 3.271394e+00
522 3.964463e-06 4.601078e-02 3.214848e+00
523 3.782373e-06 4.593059e-02 3.191237e+00
524 3.773417e-06 2.367909e-03 3.183836e+00
525 3.741292e-06 8.513597e-03 3.128224e+00
526 3.778400e-06 9.918680e-03 3.151868e+00
527 4.060610e-06 7.469039e-02 3.487486e+00
528 3.600438e-06 1.133260e-01 3.359741e+00
529 3.892411e-06 8.109396e-02 3.683521e+00
530 4.438407e-06 1.402718e-01 3.383278e+00
531 3.665409e-06 1.741612e-01 3.280171e+00
532 4.361705e-06 1.899641e-01 3.279261e+00
533 3.460974e-06 2.065090e-01 3.415252e+00
534 3.843496e-06 1.105246e-01 3.350484e+00
535 3.236815e-06 1.578462e-01 3.343283e+00
536 3.649310e-06 1.274384e-01 3.288286e+00
537 2.938449e-06 1.947933e-01 3.455427e+00
538 3.177360e-06 8.130517e-02 3.391670e+00
539 3.430911e-06 7.979954e-02 3.447862e+00
540 2.859869e-06 1.664405e-01 3.328980e+00
541 3.188763e-06 1.150034e-01 3.454275e+00
542 2.612407e-06 1.807459e-01 3.304411e+00
543 3.059686e-06 1.712131e-01 3.319392e+00
544 2.544236e-06 1.684649e-01 3.575247e+00
545 2.721921e-06 6.983834e-02 3.512069e+00
546 2.414046e-06 1.131094e-01 3.566980e+00
547 2.575653e-06 6.694417e-02 3.311465e+00
548 2.436461e-06 5.404142e-02 3.214748e+00
549 2.451805e-06 6.297770e-03 3.192112e+00
550 2.441413e-06 4.238497e-03 3.095410e+00
551 2.291680e-06 6.133030e-02 3.360157e+00
552 2.378189e-06 3.774908e-02 3.079539e+00
553 2.353836e-06 1.024015e-02 3.152109e+00
554 2.334089e-06 8.389166e-03 3.215757e+00
555 2.274128e-06 2.568924e-02 3.206325e+00
556 2.316864e-06 1.879205e-02 3.271664e+00
557 2.226173e-06 3.914393e-02 3.336441e+00
558 3.169750e-06 4.238560e-01 3.142276e+00
559 2.276549e-06 2.817889e-01 3.119586e+00
560 2.937867e-06 2.904913e-01 3.271359e+00
561 2.362795e-06 1.957448e-01 3.175539e+00
562 2.721935e-06 1.519979e-01 3.319592e+00
563 2.091552e-06 2.315937e-01 3.408271e+00
564 2.499874e-06 1.952247e-01 3.271141e+00
565 2.038045e-06 1.847412e-01 3.255163e+00
566 2.472768e-06 2.133043e-01 3.079226e+00
567 1.899286e-06 2.319192e-01 3.224126e+00
568 2.297675e-06 2.097573e-01 3.303603e+00
569 1.792650e-06 2.197983e-01 3.376392e+00
570 2.211698e-06 2.337586e-01 3.199627e+00
571 1.731177e-06 2.172630e-01 3.351032e+00
572 1.888575e-06 9.091959e-02 3.423000e+00
573 2.193893e-06 1.616657e-01 3.623657e+00
574 1.761565e-06 1.970600e-01 3.903068e+00
575 2.074898e-06 1.778719e-01 3.319788e+00
576 1.687649e-06 1.866350e-01 3.319343e+00
577 1.971703e-06 1.683133e-01 3.391673e+00
578 1.607164e-06 1.848856e-01 3.392123e+00
579 1.750768e-06 8.935271e-02 3.382150e+00
580 1.534345e-06 1.236159e-01 3.367868e+00
581 1.714407e-06 1.173541e-01 3.360026e+00
582 1.506102e-06 1.215028e-01 3.302481e+00
583 1.658548e-06 1.012192e-01 3.319318e+00
584 1.444199e-06 1.292388e-01 3.549657e+00
585 1.519026e-06 5.181197e-02 4.295656e+00
586 1.400647e-06 7.793073e-02 3.135361e+00
587 1.515197e-06 8.178372e-02 3.231041e+00
588 1.383238e-06 8.709045e-02 3.136206e+00
589 1.473575e-06 6.530784e-02 3.223422e+00
590 1.389559e-06 5.701475e-02 3.111467e+00
591 1.332127e-06 4.133144e-02 3.120084e+00
592 1.306382e-06 1.932613e-02 3.071702e+00
593 1.363795e-06 4.394814e-02 3.168225e+00
594 1.300046e-06 4.674362e-02 3.271958e+00
595 1.325901e-06 1.988810e-02 3.248244e+00
596 1.272649e-06 4.016300e-02 3.039666e+00
597 1.283529e-06 8.548512e-03 3.542500e+00
598 1.649963e-06 2.854901e-01 3.303028e+00
599 1.284805e-06 2.213130e-01 3.405230e+00
600 1.570800e-06 2.225985e-01 3.152166e+00
601 1.199120e-06 2.366183e-01 3.254825e+00
602 1.471625e-06 2.272542e-01 3.279670e+00
603 1.132593e-06 2.303795e-01 3.271550e+00
604 1.430175e-06 2.627441e-01 3.343508e+00
605 1.032711e-06 2.779127e-01 3.183619e+00
606 1.319444e-06 2.776498e-01 3.175315e+00
607 9.671365e-07 2.670119e-01 3.199700e+00
608 1.156335e-06 1.956276e-01 3.271421e+00
609 1.237254e-06 6.997884e-02 3.240084e+00
610 9.993158e-07 1.923116e-01 3.303534e+00
611 1.151738e-06 1.525267e-01 3.327706e+00
612 1.136638e-06 1.311048e-02 3.279851e+00
613 9.274807e-07 1.840142e-01 3.223970e+00
614 1.167428e-06 2.587086e-01 3.327414e+00
615 8.881671e-07 2.392103e-01 3.271690e+00
616 1.144932e-06 2.890957e-01 3.271123e+00
617 8.380149e-07 2.680660e-01 3.319766e+00
618 9.674502e-07 1.544547e-01 3.296458e+00
619 8.194497e-07 1.529800e-01 3.559352e+00
620 1.056913e-06 2.897842e-01 3.735720e+00
621 7.510654e-07 2.893784e-01 3.438681e+00
622 9.879552e-07 3.154050e-01 3.271586e+00
623 7.270978e-07 2.640377e-01 3.271959e+00
624 9.742926e-07 3.399745e-01 3.352343e+00
625 7.039495e-07 2.774762e-01 3.327358e+00
626 9.138283e-07 2.981447e-01 3.352073e+00
627 1.210741e-06 3.249108e-01 3.303371e+00
628 8.016182e-07 3.379111e-01 3.255579e+00
629 1.092816e-06 3.632619e-01 3.384380e+00
630 7.378071e-07 3.248567e-01 3.503534e+00
631 9.687370e-07 3.129948e-01 3.240007e+00
632 7.034456e-07 2.738528e-01 3.335069e+00
633 9.542646e-07 3.565576e-01 3.615880e+00
634 7.137607e-07 2.520306e-01 3.592565e+00
635 8.717226e-07 2.213094e-01 3.135660e+00
636 6.937478e-07 2.041645e-01 3.110580e+00
637 7.942625e-07 1.448864e-01 3.247992e+00
638 6.627850e-07 1.655340e-01 3.158390e+00
639 8.264653e-07 2.469583e-01 3.143557e+00
640 6.416739e-07 2.235925e-01 3.047765e+00
641 7.838703e-07 2.216023e-01 3.151519e+00
642 6.189247e-07 2.104246e-01 3.061516e+00
643 7.174377e-07 1.591680e-01 3.127880e+00
644 6.121687e-07 1.467290e-01 3.055836e+00
645 7.079067e-07 1.563915e-01 3.031445e+00
646 6.174499e-07 1.277808e-01 3.448226e+00
647 6.613466e-07 7.109365e-02 3.438259e+00
648 8.025262e-07 2.134729e-01 3.280093e+00
649 6.068961e-07 2.437679e-01 3.231762e+00
650 7.846698e-07 2.929229e-01 3.303471e+00
651 5.740874e-07 2.683707e-01 3.335453e+00
652 7.148553e-07 2.452029e-01 3.311701e+00
653 5.568526e-07 2.210275e-01 3.399613e+00
654 6.820542e-07 2.248380e-01 3.288300e+00
655 5.244868e-07 2.310189e-01 3.412268e+00
656 5.375145e-07 2.483894e-02 3.327450e+00
657 7.359353e-07 3.691450e-01 3.255276e+00
658 4.920814e-07 3.313523e-01 3.344184e+00
659 6.628079e-07 3.469476e-01 3.295100e+00
660 5.009523e-07 2.441968e-01 3.255878e+00
661 5.769217e-07 1.516500e-01 3.264024e+00
662 4.471171e-07 2.249952e-01 3.231263e+00
663 6.152177e-07 3.759655e-01 3.063706e+00
664 3.356061e-07 4.544921e-01 3.296368e+00
665 7.729393e-07 1.303115e+00 3.351306e+00
666 3.880554e-07 4.979485e-01 3.128430e+00
667 9.123398e-07 1.351056e+00 3.383499e+00
668 3.505576e-07 6.157598e-01 3.383738e+00
669 7.154842e-07 1.040989e+00 3.958762e+00
670 4.167796e-07 4.174859e-01 3.376015e+00
671 5.761026e-07 3.822715e-01 3.311810e+00
672 3.436998e-07 4.034051e-01 3.343024e+00
673 5.429892e-07 5.798355e-01 3.272440e+00
674 3.261998e-07 3.992518e-01 3.286880e+00
675 4.875352e-07 4.945907e-01 3.301851e+00
676 2.923844e-07 4.002804e-01 3.151370e+00
677 4.805445e-07 6.435368e-01 3.223260e+00
678 2.871080e-07 4.025360e-01 3.287343e+00
679 4.795647e-07 6.703284e-01 3.191389e+00
680 3.094297e-07 3.547697e-01 3.359489e+00
681 4.264081e-07 3.780451e-01 3.559247e+00
682 2.741510e-07 3.570690e-01 3.200648e+00
683 4.307802e-07 5.713248e-01 3.214822e+00
684 2.777491e-07 3.552418e-01 3.224196e+00
685 4.182234e-07 5.057597e-01 3.143680e+00
686 2.875617e-07 3.124208e-01 3.062716e+00
687 4.060829e-07 4.121594e-01 3.127856e+00
688 2.519684e-07 3.795150e-01 3.191100e+00
689 3.730525e-07 4.805529e-01 3.183412e+00
690 2.766538e-07 2.584050e-01 3.159532e+00
691 3.738572e-07 3.513538e-01 3.110221e+00
692 2.627463e-07 2.972015e-01 3.230835e+00
693 3.798862e-07 4.458287e-01 3.279485e+00
694 2.558369e-07 3.265431e-01 3.400704e+00
695 3.496954e-07 3.668683e-01 3.112007e+00
696 2.416160e-07 3.090672e-01 3.199487e+00
697 3.461309e-07 4.325657e-01 3.263209e+00
698 2.412287e-07 3.030710e-01 3.271864e+00
699 3.418865e-07 4.172713e-01 3.310557e+00
700 2.338880e-07 3.158899e-01 3.323972e+00
701 3.077987e-07 3.160091e-01 3.224560e+00
702 2.437931e-07 2.079463e-01 3.373942e+00
703 2.980371e-07 2.225001e-01 3.191721e+00
704 2.557038e-07 1.420406e-01 3.104065e+00
705 2.374568e-07 7.135990e-02 3.239581e+00
706 3.141952e-07 3.231681e-01 3.029345e+00
707 2.203446e-07 2.987015e-01 3.160377e+00
708 2.764264e-07 2.545184e-01 3.207428e+00
709 2.056561e-07 2.560187e-01 3.454150e+00
710 2.696809e-07 3.113198e-01 3.104232e+00
711 1.921608e-07 2.874512e-01 3.270745e+00
712 2.486060e-07 2.937396e-01 3.423662e+00
713 2.872020e-07 1.552498e-01 3.247683e+00
714 2.218690e-07 2.274812e-01 3.335457e+00
715 2.695981e-07 2.151232e-01 3.367907e+00
716 1.926303e-07 2.854908e-01 3.263879e+00
717 2.458866e-07 2.764686e-01 3.007187e+00
718 1.770794e-07 2.798328e-01 2.976472e+00
719 2.377666e-07 3.427112e-01 3.143734e+00
720 1.822767e-07 2.333796e-01 3.023056e+00
721 2.414227e-07 3.244848e-01 3.135133e+00
722 2.066334e-07 1.441013e-01 3.303743e+00
723 1.973231e-07 4.505720e-02 3.782378e+00
724 2.024555e-07 2.601030e-02 3.431219e+00
725 1.817528e-07 1.022583e-01 3.255880e+00
726 1.947904e-07 7.173265e-02 3.223698e+00
727 1.673947e-07 1.406416e-01 3.271989e+00
728 1.665210e-07 5.219327e-03 3.183197e+00
729 2.432899e-07 4.610163e-01 3.319309e+00
730 1.493892e-07 3.859622e-01 3.231342e+00
731 2.752434e-07 8.424583e-01 3.246502e+00
732 1.597053e-07 4.197670e-01 3.167695e+00
733 2.101027e-07 3.155647e-01 3.071518e+00
734 1.496903e-07 2.875372e-01 3.136563e+00
735 2.034839e-07 3.593657e-01 3.184507e+00
736 1.507577e-07 2.591171e-01 3.095887e+00
737 1.977403e-07 3.116425e-01 3.143657e+00
738 1.411717e-07 2.860749e-01 3.199693e+00
739 1.784042e-07 2.637389e-01 3.166135e+00
740 1.357883e-07 2.388729e-01 3.182801e+00
741 2.270701e-07 6.722360e-01 3.303195e+00
742 1.325088e-07 4.164411e-01 3.056144e+00
743 2.407723e-07 8.170295e-01 3.024008e+00
744 1.517854e-07 3.695897e-01 3.063174e+00
745 1.998703e-07 3.167955e-01 3.200219e+00
746 1.403441e-07 2.978242e-01 3.207943e+00
747 1.786618e-07 2.730272e-01 3.375609e+00
748 1.340522e-07 2.496876e-01 4.142697e+00
749 1.929372e-07 4.392695e-01 3.217902e+00
750 1.505653e-07 2.196150e-01 3.086801e+00
751 1.927987e-07 2.804991e-01 3.104534e+00
752 1.300809e-07 3.253022e-01 3.175833e+00
753 1.746241e-07 3.424275e-01 3.215708e+00
754 1.187566e-07 3.199302e-01 3.215130e+00
755 1.678744e-07 4.136006e-01 3.093049e+00
756 1.279519e-07 2.378116e-01 3.103051e+00
757 1.574307e-07 2.303897e-01 3.048281e+00
758 1.152657e-07 2.678323e-01 3.023167e+00
759 1.420976e-07 2.327831e-01 3.007241e+00
760 1.082357e-07 2.383004e-01 2.863253e+00
761 1.323162e-07 2.224819e-01 2.920041e+00
762 1.036665e-07 2.165239e-01 3.039426e+00
763 1.391409e-07 3.421972e-01 3.032051e+00
764 1.102024e-07 2.079803e-01 3.087816e+00
765 1.329652e-07 2.065547e-01 3.239249e+00
766 1.155760e-07 1.307801e-01 3.535927e+00
767 1.331617e-07 1.521569e-01 3.262084e+00
768 9.892488e-08 2.571069e-01 3.383774e+00
769 1.292178e-07 3.062217e-01 3.175642e+00
770 1.028041e-07 2.044128e-01 3.151481e+00
771 1.367515e-07 3.302147e-01 3.175745e+00
772 9.784823e-08 2.844813e-01 3.175975e+00
773 1.272346e-07 3.003262e-01 3.127279e+00
774 9.320379e-08 2.674651e-01 3.192631e+00
775 1.222936e-07 3.121095e-01 3.160258e+00
776 8.421862e-08 3.113407e-01 3.071910e+00
777 1.098964e-07 3.048939e-01 2.848161e+00
778 8.274491e-08 2.470641e-01 2.935043e+00
779 1.207004e-07 4.587051e-01 3.191725e+00
780 7.254749e-08 3.989458e-01 3.238929e+00
781 9.173972e-08 2.645470e-01 3.161204e+00
782 8.194488e-08 1.067677e-01 3.262894e+00
783 9.902104e-08 2.083859e-01 3.335302e+00
784 7.731879e-08 2.191681e-01 3.007585e+00
785 9.612759e-08 2.432630e-01 2.871209e+00
786 6.919734e-08 2.801511e-01 2.710737e+00
787 9.111785e-08 3.167826e-01 2.839787e+00
788 7.353123e-08 1.930096e-01 2.896536e+00
789 8.858273e-08 2.046953e-01 2.751695e+00
790 6.830171e-08 2.289500e-01 2.966775e+00
791 7.870161e-08 1.522642e-01 2.879616e+00
792 6.335419e-08 1.950077e-01 2.904292e+00
793 8.303545e-08 3.106544e-01 2.966926e+00
794 6.632189e-08 2.012822e-01 3.235984e+00
795 7.269869e-08 9.614922e-02 2.919570e+00
796 6.408959e-08 1.184216e-01 2.814787e+00
797 7.062168e-08 1.019211e-01 2.847947e+00
798 6.174465e-08 1.256983e-01 2.895664e+00
799 6.898718e-08 1.172981e-01 2.943102e+00
800 5.801450e-08 1.590539e-01 2.904076e+00
801 5.738864e-08 1.078800e-02 2.911718e+00
802 6.645277e-08 1.579428e-01 2.847173e+00
803 4.964883e-08 2.528704e-01 2.840329e+00
804 5.513254e-08 1.104500e-01 2.800136e+00
805 6.341500e-08 1.502282e-01 2.807667e+00
806 5.038199e-08 2.055194e-01 2.887673e+00
807 5.783876e-08 1.480046e-01 3.047732e+00
808 4.797401e-08 1.705559e-01 3.023373e+00
809 5.270479e-08 9.861130e-02 3.022477e+00
810 4.560909e-08 1.346311e-01 2.927723e+00
811 5.042385e-08 1.055659e-01 2.870986e+00
812 4.305531e-08 1.461320e-01 3.070633e+00
813 4.731452e-08 9.892400e-02 2.968017e+00
814 4.148842e-08 1.231356e-01 2.950634e+00
815 4.460593e-08 7.514182e-02 2.920171e+00
816 3.768024e-08 1.552640e-01 2.927760e+00
817 4.638713e-08 2.310731e-01 2.956422e+00
818 3.528179e-08 2.394056e-01 2.936021e+00
819 4.583430e-08 2.990922e-01 2.887027e+00
820 3.294243e-08 2.812713e-01 2.879287e+00
821 4.585830e-08 3.920739e-01 2.687150e+00
822 3.146334e-08 3.139009e-01 2.791795e+00
823 4.304661e-08 3.681516e-01 2.822306e+00
824 2.959835e-08 3.124116e-01 2.720527e+00
825 3.980259e-08 3.447572e-01 2.735016e+00
826 2.968163e-08 2.542789e-01 3.007848e+00
827 3.865107e-08 3.021882e-01 2.784073e+00
828 2.822140e-08 2.698417e-01 2.983355e+00
829 3.902242e-08 3.827244e-01 2.984134e+00
830 2.736570e-08 2.987186e-01 3.054832e+00
831 3.731733e-08 3.636536e-01 3.271224e+00
832 2.749062e-08 2.633283e-01 3.071725e+00
833 3.408598e-08 2.399129e-01 2.951654e+00
834 2.694243e-08 2.095743e-01 2.968039e+00
835 3.258939e-08 2.095933e-01 3.015382e+00
836 2.497815e-08 2.335496e-01 3.032467e+00
837 3.182917e-08 2.742806e-01 3.119012e+00
838 2.479232e-08 2.210816e-01 2.984586e+00
839 3.114579e-08 2.562675e-01 2.983744e+00
840 2.243615e-08 2.796409e-01 3.015882e+00
841 3.760449e-08 6.760666e-01 3.006954e+00
842 2.452361e-08 3.478542e-01 3.032418e+00
843 3.124427e-08 2.740484e-01 3.005490e+00
844 2.098040e-08 3.285042e-01 3.071839e+00
845 2.658860e-08 2.673071e-01 2.896310e+00
846 2.111638e-08 2.058109e-01 2.903324e+00
847 2.598000e-08 2.303243e-01 2.951544e+00
848 1.943664e-08 2.518613e-01 2.928120e+00
849 2.472062e-08 2.718567e-01 2.863784e+00
850 1.887222e-08 2.365799e-01 2.894015e+00
851 2.393193e-08 2.681036e-01 2.895551e+00
852 1.843467e-08 2.297039e-01 2.854866e+00
853 2.285566e-08 2.398189e-01 2.863864e+00
854 1.636316e-08 2.840652e-01 2.896041e+00
855 2.200684e-08 3.449014e-01 2.848101e+00
856 1.562902e-08 2.898106e-01 2.895665e+00
857 2.142537e-08 3.708711e-01 2.871635e+00
858 1.468488e-08 3.146033e-01 2.901003e+00
859 2.087633e-08 4.216208e-01 2.839578e+00
860 1.492785e-08 2.849389e-01 3.119398e+00
861 2.050693e-08 3.737363e-01 3.040497e+00
862 1.411032e-08 3.119244e-01 3.238316e+00
863 1.911338e-08 3.545671e-01 2.887686e+00
864 1.318597e-08 3.101181e-01 2.784204e+00
865 2.001081e-08 5.175833e-01 2.784089e+00
866 1.500243e-08 2.502835e-01 2.951546e+00
867 1.787287e-08 1.913314e-01 2.935800e+00
868 1.457452e-08 1.845451e-01 2.911268e+00
869 1.638025e-08 1.238963e-01 2.751521e+00
870 1.309447e-08 2.005941e-01 2.710905e+00
871 1.359753e-08 3.841767e-02 2.784150e+00
872 1.400986e-08 3.032445e-02 2.807007e+00
873 1.453550e-08 3.751932e-02 2.646935e+00
874 1.150709e-08 2.083463e-01 2.759816e+00
875 1.237753e-08 7.564413e-02 3.287085e+00
876 1.022101e-08 1.742286e-01 3.199752e+00
877 1.223556e-08 1.970987e-01 2.974018e+00
878 1.044940e-08 1.459809e-01 2.760035e+00
879 1.164466e-08 1.143859e-01 2.648161e+00
880 1.005938e-08 1.361385e-01 2.711087e+00
881 1.131792e-08 1.251113e-01 2.584330e+00
882 9.689921e-09 1.438424e-01 2.439470e+00
883 1.034182e-08 6.727636e-02 2.584497e+00
884 9.256825e-09 1.049137e-01 2.711251e+00
885 1.038680e-08 1.220694e-01 2.832216e+00
886 8.570936e-09 1.748243e-01 2.719768e+00
887 1.006922e-08 1.748097e-01 2.662934e+00
888 8.314755e-09 1.742403e-01 2.528605e+00
889 9.838428e-09 1.832493e-01 2.663517e+00
890 8.213145e-09 1.651974e-01 2.943633e+00
891 8.979744e-09 9.333800e-02 2.742913e+00
892 8.296190e-09 7.612176e-02 2.792178e+00
893 9.015197e-09 8.666709e-02 2.831269e+00
894 7.482142e-09 1.700523e-01 2.951727e+00
895 8.720542e-09 1.655140e-01 2.776096e+00
896 7.475119e-09 1.428148e-01 2.600030e+00
897 8.549861e-09 1.437758e-01 2.711928e+00
898 7.323125e-09 1.434802e-01 2.807350e+00
899 7.985716e-09 9.047924e-02 2.887636e+00
900 9.111838e-09 1.410171e-01 2.735627e+00
901 7.771979e-09 1.470459e-01 2.782893e+00
902 8.147999e-09 4.838147e-02 2.752490e+00
903 7.055248e-09 1.341128e-01 2.911473e+00
904 7.041261e-09 1.982453e-03 2.632259e+00
905 7.616859e-09 8.174647e-02 2.727250e+00
906 5.931126e-09 2.213160e-01 2.726988e+00
907 7.116331e-09 1.998279e-01 2.814491e+00
908 5.684713e-09 2.011736e-01 2.742865e+00
909 6.705181e-09 1.795108e-01 2.719919e+00
910 5.503847e-09 1.791649e-01 2.799737e+00
911 6.473387e-09 1.761567e-01 2.816287e+00
912 5.302701e-09 1.808459e-01 2.807470e+00
913 5.768556e-09 8.785237e-02 2.751941e+00
914 5.020566e-09 1.296668e-01 3.295925e+00
915 5.985780e-09 1.922519e-01 2.967144e+00
916 4.641977e-09 2.244993e-01 3.530015e+00
917 5.699859e-09 2.278949e-01 3.007303e+00
918 4.584824e-09 1.956251e-01 2.919755e+00
919 5.497743e-09 1.991177e-01 2.903393e+00
920 4.251585e-09 2.266672e-01 2.887718e+00
921 5.152349e-09 2.118653e-01 2.879760e+00
922 4.259177e-09 1.733523e-01 2.832457e+00
923 5.027969e-09 1.805023e-01 2.959557e+00
924 3.932841e-09 2.178073e-01 3.087911e+00
925 4.918724e-09 2.506795e-01 2.935581e+00
926 3.889118e-09 2.093237e-01 2.967909e+00
927 4.807793e-09 2.362168e-01 3.023361e+00
928 4.024179e-09 1.629883e-01 3.032079e+00
929 4.556207e-09 1.322076e-01 3.118830e+00
930 4.923896e-09 8.070076e-02 3.024422e+00
931 4.712609e-09 4.291051e-02 3.031637e+00
932 4.713466e-09 1.819192e-04 3.007993e+00
933 4.516586e-09 4.176984e-02 2.895234e+00
934 3.502091e-09 2.246155e-01 2.807546e+00
935 4.163180e-09 1.887700e-01 2.815528e+00
936 3.437764e-09 1.742457e-01 2.808098e+00
937 4.001139e-09 1.638785e-01 2.823715e+00
938 3.339432e-09 1.653797e-01 2.727556e+00
939 3.625570e-09 8.568466e-02 2.760222e+00
940 3.158472e-09 1.288345e-01 2.783267e+00
941 3.553284e-09 1.250009e-01 2.718373e+00
942 3.080758e-09 1.329829e-01 2.967837e+00
943 3.452790e-09 1.207601e-01 2.680335e+00
944 3.166771e-09 8.283709e-02 2.852426e+00
945 3.389045e-09 7.018950e-02 2.735476e+00
946 2.912626e-09 1.405762e-01 2.727611e+00
947 3.264312e-09 1.207455e-01 2.648130e+00
948 3.670538e-09 1.244445e-01 2.647248e+00
949 3.295951e-09 1.020524e-01 2.575435e+00
950 3.429435e-09 4.049949e-02 2.488596e+00
951 2.958744e-09 1.372504e-01 2.703045e+00
952 2.657659e-09 1.017608e-01 2.615052e+00
953 3.012072e-09 1.333550e-01 2.542281e+00
954 2.446091e-09 1.879040e-01 2.518884e+00
955 2.796367e-09 1.431981e-01 2.656043e+00
956 2.432076e-09 1.302728e-01 2.671453e+00
957 2.706448e-09 1.128137e-01 2.448054e+00
958 2.377372e-09 1.215895e-01 2.567601e+00
959 2.572086e-09 8.190304e-02 2.648285e+00
960 2.358910e-09 8.288063e-02 2.855387e+00
961 2.439759e-09 3.427378e-02 2.952112e+00
962 2.280448e-09 6.529767e-02 2.798715e+00
963 2.382670e-09 4.482525e-02 2.782729e+00
964 2.222583e-09 6.718814e-02 2.759747e+00
965 2.255790e-09 1.494067e-02 2.744580e+00
966 2.080031e-09 7.791460e-02 2.703992e+00
967 2.185333e-09 5.062537e-02 2.711204e+00
968 2.009899e-09 8.027792e-02 2.743664e+00
969 1.969974e-09 1.986449e-02 2.679969e+00
970 1.941503e-09 1.445231e-02 2.710692e+00
971 1.950693e-09 4.733780e-03 2.655799e+00
972 1.873686e-09 3.947716e-02 2.607788e+00
973 1.899552e-09 1.380510e-02 2.687686e+00
974 1.834391e-09 3.430340e-02 2.640731e+00
975 1.844890e-09 5.723390e-03 2.951111e+00
976 1.803803e-09 2.227072e-02 2.711168e+00
977 1.754435e-09 2.736882e-02 2.909990e+00
978 2.293057e-09 3.070059e-01 2.583867e+00
979 1.761880e-09 2.316456e-01 2.679820e+00
980 1.879424e-09 6.671508e-02 2.527718e+00
981 1.546424e-09 1.771818e-01 2.551604e+00
982 1.932641e-09 2.497481e-01 2.551563e+00
983 1.441495e-09 2.541319e-01 2.663977e+00
984 1.062870e-09 2.626613e-01 2.839341e+00
985 1.572247e-09 4.792467e-01 2.760478e+00
986 1.088756e-09 3.075161e-01 3.007559e+00
987 1.624984e-09 4.925148e-01 2.935762e+00
988 1.069114e-09 3.420769e-01 2.823195e+00
989 1.556607e-09 4.559775e-01 2.968141e+00
990 1.026814e-09 3.403510e-01 2.935820e+00
991 1.538343e-09 4.981712e-01 3.679353e+00
992 1.041755e-09 3.228068e-01 2.967505e+00
993 1.473989e-09 4.149084e-01 2.639718e+00
994 1.009100e-09 3.153950e-01 2.608164e+00
995 1.590129e-09 5.757893e-01 2.799117e+00
996 9.854347e-10 3.802799e-01 2.744485e+00
997 1.482248e-09 5.041560e-01 2.671416e+00
998 9.204851e-10 3.789937e-01 2.711542e+00
999 1.505227e-09 6.352539e-01 2.735662e+00
1000 1.189173e-09 2.099709e-01 2.696330e+00
1001 1.134086e-09 4.632354e-02 2.624291e+00
1002 9.472775e-10 1.647219e-01 2.831251e+00
1003 1.108006e-09 1.696747e-01 2.871752e+00
1004 9.180030e-10 1.714823e-01 2.695306e+00
1005 1.065979e-09 1.611931e-01 2.680993e+00
1006 9.118718e-10 1.445685e-01 2.686642e+00
1007 1.042947e-09 1.437432e-01 2.639746e+00
1008 8.636628e-10 1.719017e-01 2.600303e+00
1009 9.434026e-10 9.232743e-02 2.576021e+00
1010 8.030554e-10 1.487670e-01 2.567534e+00
1011 1.149518e-09 4.314310e-01 2.510914e+00
1012 7.824293e-10 3.193416e-01 2.511561e+00
1013 1.086331e-09 3.884080e-01 2.703544e+00
1014 7.612609e-10 2.992367e-01 2.752398e+00
1015 1.059808e-09 3.921746e-01 2.759840e+00
1016 7.037040e-10 3.360081e-01 2.758605e+00
1017 1.051600e-09 4.943786e-01 2.640339e+00
1018 6.971739e-10 3.370352e-01 2.631494e+00
1019 1.005374e-09 4.420713e-01 2.656204e+00
1020 6.570334e-10 3.464789e-01 2.623562e+00
1021 9.702880e-10 4.767711e-01 2.544074e+00
1022 6.278834e-10 3.528896e-01 2.519211e+00
1023 9.519147e-10 5.160691e-01 2.558809e+00
1024 6.335668e-10 3.344290e-01 2.512309e+00
1025 9.206687e-10 4.531518e-01 2.631411e+00
1026 6.288705e-10 3.169415e-01 2.496232e+00
1027 8.596486e-10 3.669723e-01 2.575173e+00
1028 7.089150e-10 1.753432e-01 2.584522e+00
1029 8.439299e-10 1.904528e-01 2.551040e+00
1030 6.896255e-10 1.828404e-01 2.616414e+00
1031 7.519496e-10 9.037390e-02 2.599346e+00
1032 6.327486e-10 1.585226e-01 2.704012e+00
1033 7.155274e-10 1.308241e-01 2.848143e+00
1034 5.835911e-10 1.843904e-01 2.759868e+00
1035 7.020032e-10 2.029026e-01 2.791292e+00
1036 5.879585e-10 1.624562e-01 2.704066e+00
1037 6.755418e-10 1.489619e-01 2.720040e+00
1038 5.061701e-10 2.507198e-01 2.702988e+00
1039 6.142383e-10 2.135018e-01 2.679739e+00
1040 4.596888e-10 2.516116e-01 2.864128e+00
1041 6.007091e-10 3.067734e-01 2.983713e+00
1042 4.848045e-10 1.929463e-01 3.134558e+00
1043 5.753029e-10 1.866698e-01 2.888666e+00
1044 4.604009e-10 1.997243e-01 2.815139e+00
1045 5.504139e-10 1.955100e-01 2.783321e+00
1046 4.337075e-10 2.120339e-01 2.760549e+00
1047 5.441161e-10 2.545692e-01 2.839080e+00
1048 4.056188e-10 2.545364e-01 2.856552e+00
1049 5.335870e-10 3.154888e-01 2.870832e+00
1050 3.974083e-10 2.552136e-01 2.656257e+00
1051 5.051594e-10 2.711343e-01 2.639501e+00
1052 3.589328e-10 2.894663e-01 2.695700e+00
1053 4.646546e-10 2.945451e-01 2.552385e+00
1054 3.540849e-10 2.379612e-01 2.599596e+00
1055 4.652233e-10 3.138751e-01 2.759809e+00
1056 3.235590e-10 3.045083e-01 2.679565e+00
1057 4.289495e-10 3.257230e-01 2.908942e+00
1058 3.188076e-10 2.567712e-01 2.695557e+00
1059 4.353173e-10 3.654545e-01 2.535929e+00
1060 3.019069e-10 3.064670e-01 2.567321e+00
1061 4.181602e-10 3.850631e-01 2.639837e+00
1062 2.756969e-10 3.406907e-01 2.912044e+00
1063 4.032572e-10 4.626831e-01 2.855492e+00
1064 2.791968e-10 3.076459e-01 2.903498e+00
1065 3.687919e-10 3.209031e-01 2.831959e+00
1066 2.657744e-10 2.793377e-01 2.752250e+00
1067 3.076986e-10 1.577437e-01 2.807668e+00
1068 2.584624e-10 1.600146e-01 2.759856e+00
1069 3.516035e-10 3.603664e-01 2.629377e+00
1070 2.294680e-10 3.473672e-01 2.735215e+00
1071 3.037661e-10 3.237842e-01 2.751868e+00
1072 2.135887e-10 2.968646e-01 2.911929e+00
1073 2.751742e-10 2.883369e-01 2.623596e+00
1074 2.097292e-10 2.378311e-01 2.672420e+00
1075 2.626698e-10 2.524233e-01 2.599652e+00
1076 1.972138e-10 2.491949e-01 2.655606e+00
1077 2.798112e-10 4.188215e-01 2.623653e+00
1078 1.863946e-10 3.338559e-01 2.879986e+00
1079 2.946333e-10 5.806969e-01 2.944352e+00
1080 1.566139e-10 4.684446e-01 2.840574e+00
1081 2.531612e-10 6.164663e-01 2.871690e+00
1082 1.419285e-10 4.393750e-01 2.767733e+00
1083 2.748232e-10 9.363498e-01 2.695510e+00
1084 1.583405e-10 4.238460e-01 2.584239e+00
1085 2.144812e-10 3.545573e-01 2.559278e+00
1086 1.519133e-10 2.917176e-01 2.631537e+00
1087 2.014109e-10 3.258282e-01 2.512720e+00
1088 1.440669e-10 2.847116e-01 2.494681e+00
1089 2.258610e-10 5.677511e-01 2.623950e+00
1090 1.678199e-10 2.569772e-01 2.520419e+00
1091 1.472237e-10 1.227280e-01 2.575128e+00
1092 1.316530e-10 1.057619e-01 2.503977e+00
1093 1.810118e-10 3.749154e-01 2.607472e+00
1094 1.214283e-10 3.291689e-01 2.479881e+00
1095 1.767234e-10 4.553724e-01 2.575775e+00
1096 9.805734e-11 4.451367e-01 2.575961e+00
