1 9.983364e-01 1.000000e+00 3.774836e+00
2 9.959886e-01 2.351681e-03 3.846202e+00
3 9.933689e-01 2.630308e-03 3.855013e+00
4 9.877640e-01 5.642279e-03 3.783026e+00
5 9.810193e-01 6.828223e-03 3.743813e+00
6 9.786730e-01 2.391759e-03 3.784537e+00
7 9.719811e-01 6.837670e-03 4.119394e+00
8 9.722804e-01 3.079547e-04 3.640052e+00
9 9.718407e-01 4.522435e-04 3.871419e+00
10 9.712723e-01 5.848859e-04 4.308040e+00
11 9.709824e-01 2.984642e-04 4.095769e+00
12 9.708912e-01 9.394528e-05 3.656722e+00
13 9.706929e-01 2.042439e-04 3.695721e+00
14 9.707691e-01 7.847770e-05 3.839302e+00
15 9.666529e-01 4.240155e-03 3.744015e+00
16 9.664115e-01 2.496748e-04 3.743385e+00
17 9.664656e-01 5.600195e-05 3.823244e+00
18 9.663011e-01 1.702668e-04 4.270960e+00
19 9.661934e-01 1.114261e-04 3.711881e+00
20 9.663380e-01 1.496347e-04 4.207869e+00
21 9.660340e-01 3.145914e-04 3.735233e+00
22 9.659620e-01 7.452341e-05 3.787755e+00
23 9.659221e-01 4.126088e-05 3.659012e+00
24 9.658212e-01 1.045330e-04 3.647598e+00
25 9.584101e-01 7.673315e-03 5.238450e+00
26 9.584303e-01 2.106636e-05 3.727471e+00
27 9.580413e-01 4.058595e-04 3.782879e+00
28 9.449402e-01 1.367495e-02 3.600306e+00
29 9.444710e-01 4.964673e-04 3.660278e+00
30 9.444415e-01 3.129420e-05 3.880305e+00
31 9.436045e-01 8.861898e-04 3.935699e+00
32 9.326416e-01 1.161810e-02 4.054506e+00
33 8.972194e-01 3.798048e-02 4.127446e+00
34 8.963356e-01 9.851494e-04 3.631895e+00
35 8.940734e-01 2.523737e-03 3.615657e+00
36 8.934933e-01 6.488345e-04 3.711596e+00
37 8.936204e-01 1.422604e-04 3.695308e+00
38 8.933692e-01 2.811828e-04 3.696431e+00
39 8.922867e-01 1.211666e-03 3.839112e+00
40 8.921321e-01 1.732589e-04 3.808471e+00
41 8.921028e-01 3.290503e-05 3.560340e+00
42 8.921458e-01 4.823538e-05 4.567217e+00
43 8.919559e-01 2.127929e-04 3.833759e+00
44 8.919654e-01 1.065143e-05 3.559839e+00
45 8.905391e-01 1.599101e-03 4.159852e+00
46 8.889311e-01 1.805684e-03 4.039943e+00
47 8.888541e-01 8.653619e-05 3.735196e+00
48 8.888212e-01 3.708553e-05 3.584057e+00
49 8.888149e-01 7.090278e-06 3.543417e+00
50 8.887956e-01 2.173956e-05 3.615569e+00
51 8.842617e-01 5.101098e-03 4.047825e+00
52 8.841166e-01 1.640618e-04 3.631862e+00
53 8.839142e-01 2.289328e-04 3.815125e+00
54 8.837265e-01 2.124009e-04 4.744642e+00
55 8.833487e-01 4.274539e-04 3.675040e+00
56 8.591271e-01 2.742027e-02 3.511405e+00
57 8.587473e-01 4.420488e-04 3.591727e+00
58 8.587842e-01 4.291361e-05 3.543573e+00
59 8.576244e-01 1.350433e-03 4.039903e+00
60 8.078373e-01 5.805236e-02 3.455989e+00
61 8.065692e-01 1.569751e-03 3.535378e+00
62 8.059300e-01 7.924650e-04 3.743461e+00
63 8.054696e-01 5.713453e-04 3.711337e+00
64 8.054133e-01 6.981913e-05 3.799633e+00
65 8.011083e-01 5.345140e-03 4.391251e+00
66 8.003120e-01 9.939705e-04 3.807722e+00
67 8.001522e-01 1.996874e-04 3.775931e+00
68 8.002842e-01 1.650144e-04 3.663170e+00
69 7.700855e-01 3.773503e-02 3.592400e+00
70 7.695962e-01 6.354013e-04 3.575062e+00
71 7.694639e-01 1.718367e-04 3.599907e+00
72 7.694297e-01 4.446761e-05 3.631428e+00
73 7.692666e-01 2.119718e-04 3.488002e+00
74 7.476057e-01 2.815783e-02 3.528281e+00
75 7.456817e-01 2.573562e-03 3.863053e+00
76 7.456066e-01 1.008006e-04 3.616209e+00
77 7.443025e-01 1.748978e-03 4.150801e+00
78 7.430127e-01 1.732842e-03 3.454802e+00
79 7.430280e-01 2.056772e-05 3.583139e+00
80 7.428830e-01 1.952233e-04 3.704379e+00
81 7.427631e-01 1.613346e-04 3.551689e+00
82 7.074516e-01 4.754078e-02 3.798839e+00
83 6.940887e-01 1.888882e-02 3.592557e+00
84 6.914797e-01 3.758843e-03 3.719469e+00
85 6.854153e-01 8.770219e-03 3.615614e+00
86 6.851005e-01 4.591785e-04 3.743578e+00
87 6.857814e-01 9.937993e-04 3.647498e+00
88 6.839399e-01 2.685240e-03 3.664362e+00
89 6.830044e-01 1.367846e-03 3.687995e+00
90 6.826380e-01 5.364013e-04 3.639081e+00
91 6.825889e-01 7.195363e-05 3.656312e+00
92 6.816921e-01 1.313871e-03 3.598872e+00
93 6.815630e-01 1.893824e-04 3.695731e+00
94 6.801872e-01 2.018581e-03 3.696457e+00
95 6.791994e-01 1.452262e-03 3.614951e+00
96 6.783027e-01 1.320097e-03 3.636095e+00
97 6.537338e-01 3.622120e-02 3.775390e+00
98 6.502888e-01 5.269704e-03 3.559695e+00
99 6.376607e-01 1.941926e-02 3.631674e+00
100 6.355816e-01 3.260555e-03 3.687712e+00
101 6.333795e-01 3.464706e-03 3.599690e+00
102 6.328501e-01 8.358271e-04 3.791662e+00
103 6.112600e-01 3.411564e-02 3.623506e+00
104 5.973533e-01 2.275079e-02 3.831886e+00
105 5.976506e-01 4.976403e-04 3.663453e+00
106 5.966744e-01 1.633471e-03 3.977521e+00
107 5.961776e-01 8.325622e-04 3.640485e+00
108 5.953166e-01 1.444239e-03 3.631205e+00
109 5.886919e-01 1.112806e-02 3.599572e+00
110 5.805413e-01 1.384516e-02 3.487280e+00
111 5.779605e-01 4.445524e-03 3.631804e+00
112 5.773997e-01 9.703850e-04 3.654948e+00
113 5.773075e-01 1.595739e-04 3.768245e+00
114 5.750298e-01 3.945506e-03 3.423623e+00
115 5.790640e-01 7.015619e-03 3.672322e+00
116 5.077109e-01 1.232213e-01 3.670926e+00
117 4.880724e-01 3.868055e-02 3.911176e+00
118 4.866197e-01 2.976307e-03 3.536363e+00
119 4.859112e-01 1.455974e-03 3.463554e+00
120 4.850035e-01 1.868161e-03 3.495535e+00
121 4.818463e-01 6.509509e-03 3.551960e+00
122 4.699128e-01 2.476624e-02 3.639580e+00
123 4.690802e-01 1.771785e-03 3.582289e+00
124 4.673016e-01 3.791732e-03 3.567413e+00
125 4.650169e-01 4.889134e-03 3.543757e+00
126 4.598353e-01 1.114286e-02 3.543969e+00
127 4.172583e-01 9.259181e-02 3.592281e+00
128 4.026401e-01 3.503392e-02 3.711614e+00
129 4.029089e-01 6.676713e-04 3.703363e+00
130 4.015415e-01 3.393811e-03 3.743499e+00
131 4.007490e-01 1.973638e-03 3.583701e+00
132 3.998369e-01 2.276029e-03 3.711796e+00
133 3.993856e-01 1.128742e-03 3.591669e+00
134 3.991673e-01 5.465487e-04 3.672586e+00
135 3.930403e-01 1.534955e-02 3.679168e+00
136 3.547215e-01 9.749327e-02 3.543951e+00
137 3.441525e-01 2.979521e-02 3.710915e+00
138 3.058048e-01 1.114265e-01 3.456045e+00
139 3.017306e-01 1.332296e-02 3.591595e+00
140 2.997747e-01 6.482235e-03 3.688140e+00
141 3.002854e-01 1.703762e-03 3.655193e+00
142 2.997914e-01 1.645254e-03 3.536218e+00
143 3.041984e-01 1.470008e-02 3.567494e+00
144 3.001725e-01 1.323429e-02 3.879455e+00
145 2.981651e-01 6.687544e-03 4.029529e+00
146 2.978228e-01 1.147906e-03 3.543507e+00
147 2.977982e-01 8.270137e-05 3.695453e+00
148 2.613922e-01 1.222505e-01 3.487682e+00
149 2.471110e-01 5.463516e-02 3.520164e+00
150 2.442410e-01 1.161426e-02 3.637995e+00
151 2.388499e-01 2.207275e-02 3.552508e+00
152 2.370057e-01 7.721153e-03 3.615829e+00
153 2.315213e-01 2.314069e-02 3.584594e+00
154 2.125289e-01 8.203286e-02 3.591337e+00
155 2.063426e-01 2.910798e-02 3.615401e+00
156 2.045497e-01 8.688945e-03 3.688121e+00
157 2.010114e-01 1.729812e-02 3.751531e+00
158 9.950401e-02 5.049832e-01 3.503489e+00
159 9.384028e-02 5.691965e-02 3.632025e+00
160 9.181985e-02 2.153046e-02 3.502633e+00
161 9.129822e-02 5.681089e-03 3.495985e+00
162 8.114670e-02 1.111907e-01 3.503426e+00
163 7.915527e-02 2.454112e-02 3.575752e+00
164 7.586177e-02 4.160807e-02 3.712111e+00
165 7.633143e-02 6.190967e-03 3.568247e+00
166 7.598377e-02 4.554610e-03 3.615737e+00
167 7.565126e-02 4.376100e-03 3.575640e+00
168 7.514110e-02 6.743482e-03 3.607863e+00
169 7.282399e-02 3.083687e-02 3.751331e+00
170 7.069520e-02 2.923188e-02 3.807734e+00
171 6.990657e-02 1.115544e-02 3.974060e+00
172 5.327517e-02 2.379089e-01 3.656295e+00
173 4.959833e-02 6.901596e-02 3.526930e+00
174 4.696214e-02 5.315090e-02 3.568401e+00
175 4.879013e-02 3.892472e-02 3.533826e+00
176 4.216995e-02 1.356868e-01 3.608473e+00
177 4.029445e-02 4.447489e-02 3.543701e+00
178 3.643646e-02 9.574487e-02 3.559553e+00
179 3.599552e-02 1.210153e-02 3.863414e+00
180 3.513109e-02 2.401491e-02 3.687677e+00
181 3.597761e-02 2.409592e-02 3.799404e+00
182 3.295819e-02 8.392486e-02 3.847974e+00
183 1.523018e-02 5.378940e-01 4.083632e+00
184 1.263695e-02 1.702689e-01 3.592226e+00
185 1.200394e-02 5.009242e-02 3.591322e+00
186 1.104047e-02 8.026255e-02 3.735067e+00
187 1.061885e-02 3.818855e-02 3.808066e+00
188 1.044309e-02 1.655200e-02 3.519728e+00
189 1.095439e-02 4.896103e-02 3.559751e+00
190 1.019853e-02 6.900077e-02 3.716822e+00
191 1.088816e-02 6.762057e-02 3.528436e+00
192 1.043013e-02 4.206716e-02 3.623443e+00
193 1.017343e-02 2.461095e-02 3.727296e+00
194 9.807116e-03 3.600717e-02 3.838738e+00
195 9.708068e-03 1.009957e-02 3.719619e+00
196 1.213490e-02 2.499809e-01 3.639945e+00
197 7.127332e-03 4.126584e-01 3.543452e+00
198 5.814491e-03 1.841980e-01 3.567356e+00
199 5.962454e-03 2.544715e-02 3.671640e+00
200 6.016289e-03 9.029096e-03 3.807824e+00
201 5.955322e-03 1.013377e-02 3.543610e+00
202 5.794973e-03 2.692533e-02 3.615414e+00
203 6.002147e-03 3.575073e-02 3.599270e+00
204 5.916259e-03 1.430951e-02 3.736318e+00
205 5.867574e-03 8.229071e-03 3.886751e+00
206 5.544825e-03 5.500551e-02 3.679715e+00
207 5.701386e-03 2.823552e-02 3.543453e+00
208 9.106555e-03 5.972528e-01 3.639776e+00
209 5.953870e-03 3.461995e-01 3.599609e+00
210 4.524989e-03 2.399920e-01 3.695790e+00
211 4.747601e-03 4.919606e-02 3.639397e+00
212 4.276583e-03 9.921182e-02 3.536040e+00
213 6.090945e-03 4.242552e-01 3.623414e+00
214 5.070890e-03 1.674707e-01 3.616412e+00
215 4.880598e-03 3.752645e-02 3.607417e+00
216 4.300985e-03 1.187585e-01 3.655413e+00
217 3.843998e-03 1.062516e-01 3.504003e+00
218 3.994249e-03 3.908715e-02 3.624123e+00
219 3.712559e-03 7.052404e-02 3.686959e+00
220 4.316318e-03 1.626262e-01 3.648632e+00
221 1.601771e-03 6.289035e-01 3.982876e+00
222 1.521593e-03 5.005592e-02 3.583762e+00
223 3.052923e-03 1.006400e+00 3.679464e+00
224 1.739873e-03 4.300960e-01 3.768278e+00
225 1.369667e-03 2.127778e-01 3.895711e+00
226 1.367728e-03 1.415167e-03 3.695539e+00
227 1.318418e-03 3.605269e-02 3.879267e+00
228 2.000410e-03 5.172803e-01 3.719677e+00
229 2.709052e-03 3.542486e-01 4.060496e+00
230 2.942861e-03 8.630659e-02 3.735722e+00
231 9.009770e-04 6.938432e-01 3.655860e+00
232 8.460675e-04 6.094436e-02 3.774847e+00
233 4.202391e-04 5.033032e-01 3.848025e+00
234 3.514040e-04 1.637998e-01 3.767863e+00
235 5.338256e-04 5.191222e-01 3.639332e+00
236 4.816860e-04 9.767165e-02 3.568219e+00
237 2.434512e-04 4.945851e-01 3.703304e+00
238 2.814914e-04 1.562537e-01 3.718782e+00
239 2.262376e-04 1.962894e-01 3.775527e+00
240 3.088428e-04 3.651259e-01 4.130263e+00
241 1.940120e-04 3.718100e-01 3.780778e+00
242 2.409733e-04 2.420537e-01 3.687382e+00
243 1.904574e-04 2.096329e-01 3.599568e+00
244 1.509245e-04 2.075679e-01 3.583556e+00
245 1.368623e-04 9.317367e-02 3.583402e+00
246 1.880292e-04 3.738562e-01 3.640514e+00
247 1.289915e-04 3.139813e-01 3.599001e+00
248 1.795529e-04 3.919741e-01 3.703839e+00
249 9.525930e-05 4.694637e-01 3.880479e+00
250 9.048942e-05 5.007259e-02 3.871324e+00
251 9.001746e-05 5.215652e-03 3.726656e+00
252 7.981055e-05 1.133881e-01 3.663422e+00
253 8.071303e-05 1.130777e-02 3.592309e+00
254 7.078513e-05 1.230024e-01 3.656590e+00
255 7.939492e-05 1.216326e-01 3.677885e+00
256 6.148633e-05 2.255634e-01 3.640001e+00
257 5.237060e-05 1.482562e-01 3.687031e+00
258 6.808934e-05 3.001444e-01 3.631636e+00
259 5.809709e-05 1.467521e-01 3.600166e+00
260 6.603190e-05 1.365785e-01 3.847018e+00
261 4.528415e-05 3.142079e-01 3.728537e+00
262 5.311057e-05 1.728291e-01 3.941077e+00
263 4.218131e-05 2.057832e-01 3.567070e+00
264 4.774630e-05 1.319302e-01 3.744654e+00
265 3.854140e-05 1.927877e-01 3.679333e+00
266 4.254947e-05 1.039939e-01 3.711470e+00
267 3.146532e-05 2.605002e-01 3.638840e+00
268 3.404744e-05 8.206237e-02 3.687963e+00
269 2.441013e-05 2.830555e-01 3.784150e+00
270 3.011310e-05 2.336316e-01 3.679212e+00
271 2.359363e-05 2.164996e-01 3.688189e+00
272 2.761415e-05 1.704072e-01 3.823567e+00
273 2.943723e-05 6.601980e-02 3.879286e+00
274 1.873190e-05 3.636665e-01 3.639816e+00
275 1.378925e-05 2.638628e-01 3.671172e+00
276 1.207682e-05 1.241854e-01 3.631751e+00
277 1.174684e-05 2.732388e-02 3.599244e+00
278 1.385746e-05 1.796754e-01 3.567797e+00
279 1.347834e-05 2.735834e-02 3.607391e+00
280 1.227237e-05 8.947488e-02 3.504334e+00
281 1.268210e-05 3.338635e-02 3.607264e+00
282 1.165048e-05 8.134441e-02 3.527822e+00
283 1.215837e-05 4.359407e-02 3.840009e+00
284 1.084040e-05 1.084003e-01 3.646583e+00
285 1.071852e-05 1.124333e-02 3.768966e+00
286 8.696519e-06 1.886453e-01 3.591418e+00
287 9.361888e-06 7.650977e-02 3.599800e+00
288 8.633258e-06 7.782944e-02 3.655406e+00
289 1.158518e-05 3.419247e-01 3.552395e+00
290 7.951817e-06 3.136217e-01 3.711198e+00
291 1.075021e-05 3.519193e-01 3.624623e+00
292 6.525172e-06 3.930194e-01 3.751734e+00
293 1.011684e-05 5.504327e-01 3.494411e+00
294 6.338636e-06 3.734570e-01 3.760492e+00
295 5.622227e-06 1.130225e-01 4.559076e+00
296 6.149872e-06 9.384982e-02 3.753775e+00
297 5.702488e-06 7.274691e-02 3.599114e+00
298 4.909126e-06 1.391255e-01 3.567613e+00
299 4.866437e-06 8.696012e-03 3.560285e+00
300 5.034627e-06 3.456132e-02 3.687931e+00
301 5.021100e-06 2.686745e-03 3.647790e+00
302 4.776232e-06 4.876793e-02 3.639265e+00
303 4.770947e-06 1.106485e-03 3.599511e+00
304 4.206812e-06 1.182437e-01 3.543743e+00
305 3.920947e-06 6.795291e-02 3.504064e+00
306 4.020983e-06 2.551331e-02 3.511866e+00
307 3.801335e-06 5.462545e-02 3.814687e+00
308 3.720027e-06 2.138933e-02 3.623887e+00
309 3.421829e-06 8.016026e-02 3.568482e+00
310 3.861606e-06 1.285210e-01 3.567043e+00
311 3.464176e-06 1.029184e-01 3.669426e+00
312 3.729466e-06 7.658100e-02 3.815659e+00
313 3.409841e-06 8.570259e-02 3.885847e+00
314 3.745801e-06 9.852649e-02 3.782005e+00
315 4.110533e-06 9.737111e-02 3.607687e+00
316 4.201700e-06 2.217886e-02 3.591521e+00
317 3.052789e-06 2.734396e-01 3.656096e+00
318 2.098033e-06 3.127489e-01 3.591124e+00
319 2.366703e-06 1.280584e-01 3.663737e+00
320 1.892187e-06 2.004966e-01 3.599654e+00
321 2.364092e-06 2.493964e-01 3.608103e+00
322 1.721813e-06 2.716809e-01 3.679735e+00
323 1.914105e-06 1.116797e-01 3.615111e+00
324 1.541786e-06 1.945132e-01 3.750876e+00
325 2.157615e-06 3.994256e-01 3.711738e+00
326 1.486405e-06 3.110889e-01 3.679782e+00
327 1.384812e-06 6.834804e-02 3.504250e+00
328 1.802276e-06 3.014589e-01 3.606989e+00
329 1.297623e-06 2.800090e-01 3.775806e+00
330 8.492006e-07 3.455720e-01 3.606819e+00
331 1.008450e-06 1.875289e-01 3.843802e+00
332 9.385778e-07 6.928697e-02 3.632149e+00
333 9.289406e-07 1.026784e-02 3.647058e+00
334 8.257793e-07 1.110527e-01 3.608416e+00
335 8.884847e-07 7.593482e-02 3.487806e+00
336 7.408252e-07 1.661925e-01 3.711565e+00
337 7.652704e-07 3.299732e-02 3.743134e+00
338 8.968933e-07 1.719953e-01 3.736456e+00
339 7.831173e-07 1.268557e-01 3.750984e+00
340 6.643822e-07 1.516185e-01 3.711522e+00
341 6.951558e-07 4.631924e-02 3.775942e+00
342 5.470378e-07 2.130717e-01 3.815275e+00
343 6.329553e-07 1.570597e-01 3.504071e+00
344 7.635098e-07 2.062617e-01 3.639416e+00
345 5.727451e-07 2.498523e-01 3.542580e+00
346 6.025523e-07 5.204267e-02 3.519597e+00
347 5.047210e-07 1.623616e-01 3.526918e+00
348 5.621629e-07 1.138092e-01 3.559890e+00
349 4.859866e-07 1.355057e-01 3.423580e+00
350 5.117234e-07 5.295792e-02 3.423606e+00
351 4.266554e-07 1.662383e-01 3.487750e+00
352 4.661573e-07 9.258493e-02 3.743835e+00
353 3.895022e-07 1.644404e-01 3.710433e+00
354 4.242668e-07 8.925396e-02 3.624082e+00
355 3.630203e-07 1.443584e-01 3.654995e+00
356 3.599419e-07 8.480108e-03 3.560090e+00
357 3.520786e-07 2.184605e-02 3.575677e+00
358 3.276778e-07 6.930500e-02 3.599370e+00
359 3.630027e-07 1.078038e-01 3.600425e+00
360 3.426952e-07 5.594298e-02 3.591413e+00
361 3.486012e-07 1.723386e-02 3.607847e+00
362 3.131023e-07 1.018325e-01 3.487983e+00
363 3.376747e-07 7.848048e-02 3.669999e+00
364 2.857564e-07 1.537523e-01 3.607013e+00
365 3.180098e-07 1.128700e-01 4.119430e+00
366 2.631607e-07 1.724761e-01 3.815273e+00
367 2.663639e-07 1.217196e-02 3.599099e+00
368 2.752726e-07 3.344583e-02 3.583206e+00
369 3.131228e-07 1.375006e-01 3.487222e+00
370 2.152774e-07 3.124824e-01 3.415932e+00
371 1.647588e-07 2.346673e-01 3.439606e+00
372 2.267833e-07 3.764561e-01 3.631642e+00
373 2.055732e-07 9.352593e-02 3.632203e+00
374 1.143123e-07 4.439338e-01 3.503150e+00
375 1.549643e-07 3.556225e-01 4.032543e+00
376 1.161460e-07 2.504984e-01 3.893398e+00
377 1.341777e-07 1.552497e-01 3.718870e+00
378 9.719187e-08 2.756479e-01 3.671709e+00
379 1.457633e-07 4.997481e-01 3.639687e+00
380 1.211311e-07 1.689879e-01 3.472315e+00
381 1.038799e-07 1.424172e-01 3.615131e+00
382 7.475250e-08 2.803952e-01 3.639645e+00
383 8.511027e-08 1.385610e-01 3.487905e+00
384 7.674720e-08 9.826163e-02 3.583590e+00
385 8.784547e-08 1.446082e-01 3.415737e+00
386 8.416977e-08 4.184281e-02 3.759320e+00
387 5.838837e-08 3.063023e-01 3.703641e+00
388 5.710100e-08 2.204839e-02 3.615615e+00
389 5.165635e-08 9.535122e-02 3.518088e+00
390 5.143586e-08 4.268453e-03 3.559626e+00
391 5.294106e-08 2.926363e-02 3.567691e+00
392 5.325429e-08 5.916561e-03 3.479760e+00
393 4.698656e-08 1.176944e-01 3.495651e+00
394 5.515865e-08 1.739240e-01 3.646752e+00
395 5.055465e-08 8.346821e-02 3.663466e+00
396 3.837583e-08 2.409042e-01 3.575923e+00
397 3.970319e-08 3.458862e-02 3.567089e+00
398 3.740202e-08 5.795926e-02 3.663634e+00
399 3.186859e-08 1.479449e-01 3.823827e+00
400 3.607177e-08 1.318911e-01 3.527345e+00
401 3.731379e-08 3.443174e-02 3.543543e+00
402 3.270054e-08 1.236337e-01 3.615571e+00
403 2.935556e-08 1.022914e-01 3.679174e+00
404 3.020292e-08 2.886544e-02 3.624478e+00
405 2.805060e-08 7.126196e-02 3.608279e+00
406 2.994941e-08 6.769213e-02 3.606313e+00
407 2.247725e-08 2.494925e-01 3.512321e+00
408 2.716648e-08 2.086211e-01 3.583549e+00
409 3.211387e-08 1.821136e-01 3.637838e+00
410 2.500124e-08 2.214816e-01 3.560034e+00
411 2.051867e-08 1.792940e-01 3.630584e+00
412 1.650444e-08 1.956376e-01 3.560384e+00
413 1.479365e-08 1.036563e-01 3.575753e+00
414 1.412884e-08 4.493920e-02 3.511632e+00
415 1.691241e-08 1.970136e-01 3.824023e+00
416 2.026603e-08 1.982931e-01 3.599192e+00
417 1.721719e-08 1.504407e-01 3.503547e+00
418 1.577533e-08 8.374584e-02 3.431743e+00
419 1.006471e-08 3.619964e-01 3.751560e+00
420 1.141189e-08 1.338516e-01 4.637718e+00
421 1.093635e-08 4.167122e-02 4.053478e+00
422 1.163470e-08 6.385604e-02 3.616348e+00
423 9.048874e-09 2.222510e-01 3.679499e+00
424 1.164367e-08 2.867540e-01 3.615829e+00
425 8.340128e-09 2.837203e-01 3.552035e+00
426 1.078902e-08 2.936276e-01 3.551563e+00
427 8.661360e-09 1.972060e-01 3.455767e+00
428 7.621785e-09 1.200245e-01 3.535172e+00
429 7.128028e-09 6.478235e-02 3.664035e+00
430 6.597803e-09 7.438591e-02 3.599962e+00
431 5.691654e-09 1.373410e-01 4.375113e+00
432 6.330662e-09 1.122710e-01 4.262859e+00
433 5.529224e-09 1.265962e-01 3.791394e+00
434 5.274206e-09 4.612192e-02 3.535593e+00
435 4.942201e-09 6.294877e-02 3.552232e+00
436 5.555188e-09 1.240312e-01 3.615850e+00
437 5.128378e-09 7.683095e-02 3.543170e+00
438 3.930123e-09 2.336518e-01 3.559352e+00
439 4.059382e-09 3.288929e-02 3.495866e+00
440 4.152241e-09 2.287525e-02 3.456069e+00
441 3.449544e-09 1.692333e-01 3.535059e+00
442 4.015389e-09 1.640348e-01 3.607371e+00
443 3.939250e-09 1.896190e-02 3.487295e+00
444 4.014027e-09 1.898262e-02 3.512406e+00
445 4.092689e-09 1.959682e-02 3.519785e+00
446 3.220633e-09 2.130767e-01 3.535301e+00
447 3.138565e-09 2.548199e-02 3.461938e+00
448 3.075493e-09 2.009560e-02 3.439364e+00
449 2.535131e-09 1.756995e-01 3.511858e+00
450 2.895125e-09 1.420023e-01 3.870876e+00
451 3.013437e-09 4.086603e-02 4.039653e+00
452 2.238920e-09 2.570212e-01 4.383337e+00
453 2.144090e-09 4.235501e-02 3.464465e+00
454 2.010207e-09 6.244286e-02 3.527091e+00
455 1.984878e-09 1.260023e-02 3.607820e+00
456 1.629423e-09 1.790814e-01 3.544313e+00
457 2.052243e-09 2.594904e-01 3.543330e+00
458 1.514392e-09 2.620797e-01 3.408019e+00
459 1.300138e-09 1.414781e-01 3.448000e+00
460 1.208776e-09 7.027143e-02 3.424544e+00
461 1.355928e-09 1.217364e-01 3.455053e+00
462 1.485615e-09 9.564425e-02 3.544421e+00
463 1.345266e-09 9.447190e-02 3.591629e+00
464 1.419724e-09 5.534808e-02 3.655122e+00
465 1.512508e-09 6.535388e-02 3.456116e+00
466 1.530948e-09 1.219161e-02 3.464106e+00
467 8.718578e-10 4.305112e-01 3.423236e+00
468 1.204243e-09 3.812380e-01 3.503792e+00
469 1.038096e-09 1.379677e-01 3.679165e+00
470 9.651402e-10 7.027893e-02 3.672507e+00
471 7.555853e-10 2.171238e-01 3.607515e+00
472 8.188245e-10 8.369564e-02 3.759674e+00
473 9.606296e-10 1.731813e-01 3.527501e+00
474 8.546958e-10 1.102754e-01 3.744358e+00
475 7.543469e-10 1.174088e-01 3.827171e+00
476 6.839742e-10 9.328958e-02 3.503837e+00
477 6.058135e-10 1.142743e-01 3.479410e+00
478 6.835630e-10 1.283390e-01 3.437672e+00
479 6.587678e-10 3.627342e-02 3.566740e+00
480 7.102673e-10 7.817545e-02 3.471647e+00
481 5.309360e-10 2.524843e-01 3.527202e+00
482 5.794697e-10 9.141165e-02 3.695831e+00
483 4.889690e-10 1.561785e-01 3.640201e+00
484 4.868175e-10 4.400077e-03 3.591411e+00
485 4.836040e-10 6.600892e-03 3.719683e+00
486 4.426094e-10 8.476904e-02 4.767659e+00
487 3.759650e-10 1.505715e-01 3.623605e+00
488 3.155701e-10 1.606397e-01 3.511918e+00
489 3.048596e-10 3.394030e-02 3.759809e+00
490 2.002951e-10 3.429922e-01 3.743742e+00
491 2.337842e-10 1.671988e-01 3.573793e+00
492 1.822689e-10 2.203543e-01 3.711499e+00
493 2.053988e-10 1.269001e-01 3.607248e+00
494 2.069176e-10 7.394323e-03 3.599597e+00
495 1.834756e-10 1.132916e-01 3.568333e+00
496 2.123914e-10 1.576007e-01 3.607662e+00
497 1.689572e-10 2.045010e-01 3.544177e+00
498 1.946926e-10 1.523191e-01 3.766256e+00
499 1.517414e-10 2.206103e-01 3.559141e+00
500 1.436554e-10 5.328787e-02 3.446873e+00
501 1.537722e-10 7.042405e-02 3.343656e+00
502 1.514239e-10 1.527157e-02 3.328067e+00
503 1.425489e-10 5.861039e-02 3.371701e+00
504 1.576066e-10 1.056321e-01 3.328562e+00
505 1.314688e-10 1.658418e-01 3.375092e+00
506 1.231120e-10 6.356541e-02 3.551804e+00
507 1.101664e-10 1.051525e-01 3.503856e+00
508 1.415095e-10 2.845063e-01 3.464117e+00
509 9.828860e-11 3.054274e-01 4.223557e+00
