1 9.027532e-01 1.000000e+00 4.614431e+00
2 5.297394e-01 4.131958e-01 4.159802e+00
3 4.082242e-01 2.293868e-01 3.928686e+00
4 3.831757e-01 6.135951e-02 3.867737e+00
5 3.773928e-01 1.509195e-02 4.357639e+00
6 3.019019e-01 2.000329e-01 4.222914e+00
7 1.132982e-01 6.247186e-01 3.895480e+00
8 1.057496e-01 6.662611e-02 4.094432e+00
9 1.004403e-01 5.020557e-02 4.306335e+00
10 9.726677e-02 3.159655e-02 5.367533e+00
11 9.367953e-02 3.688042e-02 4.470512e+00
12 9.268158e-02 1.065285e-02 4.293597e+00
13 8.549513e-02 7.753907e-02 4.517503e+00
14 1.206936e-01 4.117017e-01 4.588195e+00
15 7.073215e-02 4.139529e-01 4.713222e+00
16 9.132881e-02 2.911923e-01 4.144614e+00
17 5.466409e-02 4.014584e-01 4.492653e+00
18 7.114767e-02 3.015430e-01 4.365944e+00
19 4.862740e-02 3.165286e-01 4.461652e+00
20 4.103002e-02 1.562365e-01 4.789518e+00
21 3.842789e-02 6.342016e-02 4.897839e+00
22 3.731568e-02 2.894278e-02 4.184114e+00
23 3.650395e-02 2.175309e-02 3.955484e+00
24 3.581386e-02 1.890465e-02 4.242518e+00
25 3.499123e-02 2.296954e-02 4.254337e+00
26 3.475378e-02 6.785917e-03 4.076785e+00
27 3.444765e-02 8.808713e-03 4.239491e+00
28 3.437568e-02 2.089239e-03 4.159204e+00
29 3.432083e-02 1.595513e-03 4.547892e+00
30 3.407748e-02 7.090303e-03 4.171520e+00
31 3.399310e-02 2.476119e-03 4.071515e+00
32 3.390427e-02 2.613329e-03 4.692159e+00
33 2.986642e-02 1.190955e-01 4.083130e+00
34 2.896212e-02 3.027832e-02 3.994553e+00
35 1.646634e-02 4.314524e-01 4.141740e+00
36 1.330251e-02 1.921393e-01 3.863213e+00
37 1.107729e-02 1.672784e-01 3.992252e+00
38 1.090733e-02 1.534312e-02 3.950737e+00
39 1.052095e-02 3.542331e-02 3.910196e+00
40 1.012325e-02 3.780158e-02 3.845446e+00
41 9.587530e-03 5.291938e-02 4.243930e+00
42 9.398314e-03 1.973562e-02 3.999085e+00
43 9.366532e-03 3.381720e-03 3.844433e+00
44 8.937926e-03 4.575929e-02 3.935867e+00
45 8.564846e-03 4.174120e-02 3.703997e+00
46 7.559163e-03 1.174199e-01 3.839866e+00
47 7.199386e-03 4.759482e-02 3.891619e+00
48 6.975491e-03 3.109919e-02 3.885113e+00
49 6.106998e-03 1.245064e-01 3.913588e+00
50 5.132093e-03 1.596374e-01 3.826864e+00
51 4.821216e-03 6.057501e-02 3.890001e+00
52 4.471690e-03 7.249743e-02 3.904486e+00
53 4.484158e-03 2.788103e-03 3.880188e+00
54 3.543207e-03 2.098389e-01 3.981628e+00
55 2.977918e-03 1.595417e-01 3.934380e+00
56 2.692421e-03 9.587144e-02 3.890671e+00
57 2.575704e-03 4.335021e-02 3.919061e+00
58 2.530562e-03 1.752599e-02 3.876433e+00
59 2.501616e-03 1.143850e-02 3.863600e+00
60 2.528478e-03 1.073781e-02 3.870995e+00
61 2.181235e-03 1.373329e-01 3.977695e+00
62 2.139381e-03 1.918792e-02 3.954719e+00
63 2.032567e-03 4.992771e-02 3.990845e+00
64 1.675520e-03 1.756629e-01 3.918550e+00
65 1.274705e-03 2.392185e-01 3.935881e+00
66 1.222577e-03 4.089422e-02 3.871207e+00
67 1.120583e-03 8.342562e-02 3.973863e+00
68 1.201738e-03 7.242294e-02 3.900057e+00
69 1.043912e-03 1.313321e-01 3.899535e+00
70 7.761045e-04 2.565419e-01 3.964534e+00
71 7.529740e-04 2.980333e-02 3.900655e+00
72 7.726994e-04 2.619667e-02 3.919766e+00
73 7.411227e-04 4.086539e-02 3.927299e+00
74 7.653388e-04 3.267484e-02 3.864071e+00
75 7.443361e-04 2.744233e-02 3.919193e+00
76 6.694488e-04 1.006096e-01 3.951657e+00
77 6.502815e-04 2.863146e-02 3.871504e+00
78 6.324577e-04 2.740933e-02 3.967675e+00
79 5.576352e-04 1.183044e-01 3.901441e+00
80 5.424559e-04 2.722089e-02 3.903635e+00
81 5.442847e-04 3.371342e-03 3.845624e+00
82 4.999494e-04 8.145606e-02 3.909598e+00
83 4.308079e-04 1.382971e-01 4.027265e+00
84 4.507455e-04 4.627971e-02 3.894844e+00
85 5.269350e-04 1.690300e-01 3.939603e+00
86 3.919508e-04 2.561687e-01 3.949807e+00
87 5.262603e-04 3.426694e-01 3.965306e+00
88 4.368783e-04 1.698437e-01 3.871353e+00
89 3.901603e-04 1.069360e-01 3.813763e+00
90 3.877499e-04 6.178015e-03 4.069591e+00
91 3.303842e-04 1.479451e-01 3.921093e+00
92 3.254335e-04 1.498462e-02 4.067272e+00
93 3.135930e-04 3.638380e-02 4.063044e+00
94 3.254073e-04 3.767394e-02 4.052544e+00
95 2.847118e-04 1.250603e-01 3.889206e+00
96 2.866905e-04 6.949953e-03 3.932889e+00
97 2.252615e-04 2.142695e-01 3.938754e+00
98 2.739942e-04 2.163383e-01 4.033400e+00
99 2.315755e-04 1.548160e-01 3.879499e+00
100 2.517219e-04 8.699723e-02 4.025020e+00
101 2.192869e-04 1.288526e-01 4.274139e+00
102 2.144849e-04 2.189825e-02 4.166324e+00
103 1.930854e-04 9.977159e-02 3.756572e+00
104 2.418991e-04 2.528090e-01 3.967854e+00
105 2.057214e-04 1.495569e-01 3.749180e+00
106 1.920532e-04 6.644028e-02 3.788461e+00
107 1.829719e-04 4.728541e-02 3.717647e+00
108 2.425713e-04 3.257293e-01 3.717814e+00
109 1.842724e-04 2.403369e-01 3.718008e+00
110 2.136663e-04 1.595133e-01 3.686639e+00
111 1.789209e-04 1.626154e-01 3.694174e+00
112 2.085094e-04 1.653721e-01 3.789470e+00
113 1.717793e-04 1.761557e-01 3.797027e+00
114 1.637567e-04 4.670262e-02 3.720167e+00
115 1.253671e-04 2.344311e-01 3.719045e+00
116 1.544012e-04 2.315933e-01 3.667494e+00
117 1.443445e-04 6.513386e-02 3.729850e+00
118 1.556656e-04 7.843153e-02 3.778391e+00
119 1.493519e-04 4.055960e-02 3.930822e+00
120 1.413724e-04 5.342763e-02 3.808139e+00
121 1.376854e-04 2.608031e-02 3.705911e+00
122 1.303288e-04 5.342986e-02 3.804884e+00
123 8.933221e-05 3.145630e-01 3.749856e+00
124 1.156798e-04 2.949398e-01 3.859748e+00
125 1.326846e-04 1.469987e-01 3.823873e+00
126 9.074723e-05 3.160682e-01 3.717985e+00
127 1.031506e-04 1.366806e-01 3.672532e+00
128 9.636775e-05 6.575690e-02 3.745453e+00
129 9.472327e-05 1.706463e-02 3.680809e+00
130 9.353126e-05 1.258408e-02 3.700456e+00
131 8.653755e-05 7.477405e-02 3.630910e+00
132 7.647791e-05 1.162460e-01 3.725176e+00
133 5.857781e-05 2.340559e-01 3.734087e+00
134 7.426972e-05 2.678815e-01 3.845618e+00
135 5.865665e-05 2.102212e-01 3.767441e+00
136 7.170281e-05 2.224157e-01 3.860902e+00
137 5.820992e-05 1.881781e-01 3.733386e+00
138 7.036359e-05 2.087904e-01 3.774777e+00
139 6.750623e-05 4.060848e-02 3.719723e+00
140 6.135786e-05 9.107852e-02 3.724358e+00
141 5.632104e-05 8.208923e-02 3.837133e+00
142 5.569864e-05 1.105092e-02 3.884062e+00
143 5.250494e-05 5.733892e-02 3.684476e+00
144 5.065308e-05 3.527017e-02 3.922779e+00
145 4.793925e-05 5.357689e-02 3.780344e+00
146 4.638844e-05 3.234943e-02 3.726545e+00
147 4.731015e-05 1.986933e-02 3.755552e+00
148 4.448436e-05 5.972904e-02 3.757351e+00
149 4.217951e-05 5.181252e-02 3.686567e+00
150 4.610902e-05 9.316152e-02 3.703829e+00
151 4.394923e-05 4.684095e-02 3.858626e+00
152 5.428675e-05 2.352151e-01 3.687670e+00
153 5.493668e-05 1.197205e-02 3.765739e+00
154 4.283778e-05 2.202336e-01 3.729996e+00
155 3.795262e-05 1.140386e-01 3.776143e+00
156 3.749405e-05 1.208252e-02 3.654011e+00
157 3.727405e-05 5.867653e-03 3.845035e+00
158 3.850497e-05 3.302359e-02 3.758272e+00
159 3.701236e-05 3.876421e-02 3.714870e+00
160 3.409975e-05 7.869280e-02 4.019228e+00
161 4.414388e-05 2.945512e-01 3.732518e+00
162 3.850552e-05 1.277268e-01 3.855795e+00
163 3.668974e-05 4.715629e-02 3.742154e+00
164 4.538583e-05 2.370169e-01 3.781766e+00
165 3.965175e-05 1.263409e-01 3.717207e+00
166 3.524289e-05 1.111896e-01 3.747546e+00
167 3.336148e-05 5.338389e-02 3.740653e+00
168 3.881711e-05 1.635306e-01 3.981482e+00
169 5.214693e-05 3.434007e-01 3.731363e+00
170 3.788402e-05 2.735139e-01 3.780433e+00
171 3.622194e-05 4.387284e-02 3.779610e+00
172 2.946231e-05 1.866169e-01 3.728067e+00
173 3.548922e-05 2.045634e-01 3.794454e+00
174 3.201869e-05 9.779126e-02 3.681433e+00
175 2.656072e-05 1.704620e-01 3.708309e+00
176 2.647990e-05 3.042980e-03 3.703587e+00
177 2.847498e-05 7.534345e-02 3.757586e+00
178 2.988170e-05 4.940204e-02 3.904108e+00
179 3.287321e-05 1.001115e-01 3.813091e+00
180 3.287312e-05 2.575976e-06 3.838993e+00
181 2.787818e-05 1.519460e-01 3.741747e+00
182 3.099665e-05 1.118605e-01 3.774957e+00
183 3.284324e-05 5.957368e-02 3.700838e+00
184 3.041079e-05 7.406232e-02 3.718176e+00
185 2.986399e-05 1.798057e-02 3.729286e+00
186 2.590720e-05 1.324935e-01 3.726100e+00
187 2.640792e-05 1.932737e-02 3.842413e+00
188 2.610791e-05 1.136057e-02 3.769267e+00
189 2.262703e-05 1.333266e-01 3.796409e+00
190 2.312710e-05 2.210047e-02 3.750448e+00
191 2.682287e-05 1.598025e-01 3.729451e+00
192 2.599682e-05 3.079642e-02 3.677462e+00
193 2.261445e-05 1.301070e-01 3.790548e+00
194 2.583841e-05 1.425619e-01 3.705523e+00
195 2.506173e-05 3.005909e-02 3.697412e+00
196 2.428291e-05 3.107593e-02 3.769648e+00
197 2.293244e-05 5.561399e-02 3.692189e+00
198 2.115667e-05 7.743514e-02 3.782515e+00
199 2.474953e-05 1.698218e-01 3.668124e+00
200 2.336952e-05 5.575898e-02 3.892885e+00
201 2.500335e-05 6.991264e-02 3.621406e+00
202 2.278247e-05 8.882323e-02 3.589007e+00
203 2.331233e-05 2.325722e-02 3.649053e+00
204 1.871082e-05 1.973853e-01 3.720727e+00
205 2.308343e-05 2.336947e-01 3.706274e+00
206 1.708920e-05 2.596770e-01 3.856870e+00
207 1.985731e-05 1.619800e-01 3.667335e+00
208 1.720171e-05 1.337338e-01 3.812878e+00
209 2.132988e-05 2.399859e-01 3.703057e+00
210 1.742889e-05 1.828886e-01 3.754691e+00
211 2.095264e-05 2.021787e-01 3.876649e+00
212 1.520759e-05 2.741921e-01 4.121839e+00
213 1.982884e-05 3.038777e-01 4.734046e+00
214 1.487523e-05 2.498184e-01 4.594698e+00
215 1.703377e-05 1.451097e-01 3.809647e+00
216 1.623513e-05 4.688563e-02 3.799345e+00
217 1.667392e-05 2.702739e-02 3.842199e+00
218 1.912765e-05 1.471599e-01 3.910332e+00
219 1.445101e-05 2.444964e-01 4.039196e+00
220 1.703667e-05 1.789258e-01 3.893551e+00
221 1.185340e-05 3.042418e-01 3.725769e+00
222 1.438085e-05 2.132256e-01 3.674773e+00
223 1.118832e-05 2.219990e-01 3.764982e+00
224 1.402628e-05 2.536539e-01 3.918727e+00
225 1.037871e-05 2.600523e-01 4.179889e+00
226 1.365809e-05 3.159716e-01 4.098973e+00
227 9.199740e-06 3.264255e-01 3.886919e+00
228 1.082409e-05 1.765648e-01 3.766898e+00
229 1.097803e-05 1.422218e-02 3.798282e+00
230 1.088538e-05 8.439946e-03 3.693267e+00
231 1.369915e-05 2.584911e-01 3.702558e+00
232 9.340723e-06 3.181532e-01 3.667465e+00
233 1.022272e-05 9.442506e-02 3.688304e+00
234 8.217195e-06 1.961832e-01 3.799383e+00
235 1.023295e-05 2.453092e-01 3.728368e+00
236 8.345062e-06 1.844910e-01 3.610729e+00
237 1.041482e-05 2.480218e-01 3.768916e+00
238 7.612170e-06 2.691020e-01 3.713277e+00
239 8.271474e-06 8.661182e-02 3.815645e+00
240 7.785749e-06 5.872286e-02 3.840602e+00
241 8.110420e-06 4.170057e-02 3.685742e+00
242 8.607775e-06 6.132296e-02 3.691669e+00
243 8.349564e-06 2.999740e-02 3.716335e+00
244 6.921733e-06 1.710066e-01 3.765501e+00
245 6.298028e-06 9.010820e-02 3.748036e+00
246 5.617990e-06 1.079764e-01 3.725374e+00
247 7.384503e-06 3.144386e-01 3.747044e+00
248 5.718000e-06 2.256757e-01 3.781339e+00
249 7.050731e-06 2.330765e-01 3.801085e+00
250 5.365428e-06 2.390253e-01 3.708404e+00
251 6.446226e-06 2.014374e-01 3.662293e+00
252 5.612275e-06 1.293704e-01 3.511784e+00
253 5.846958e-06 4.181604e-02 3.519126e+00
254 5.743909e-06 1.762435e-02 3.709318e+00
255 5.586368e-06 2.742746e-02 3.630342e+00
256 4.891474e-06 1.243911e-01 3.755036e+00
257 8.187254e-06 6.737805e-01 3.764916e+00
258 8.345162e-06 1.928708e-02 3.724099e+00
259 7.293171e-06 1.260600e-01 3.704532e+00
260 6.201097e-06 1.497392e-01 3.686902e+00
261 6.633966e-06 6.980521e-02 3.797388e+00
262 5.991116e-06 9.690280e-02 3.791271e+00
263 6.426375e-06 7.265074e-02 3.784678e+00
264 6.162680e-06 4.103329e-02 4.422628e+00
265 6.086772e-06 1.231730e-02 4.819042e+00
266 6.442879e-06 5.850513e-02 3.893643e+00
267 6.274519e-06 2.613116e-02 3.734118e+00
268 5.872172e-06 6.412399e-02 3.742130e+00
269 5.849515e-06 3.858418e-03 3.780066e+00
270 4.860989e-06 1.689928e-01 3.781835e+00
271 5.224384e-06 7.475745e-02 3.886417e+00
272 3.772427e-06 2.779193e-01 3.678504e+00
273 4.080153e-06 8.157255e-02 3.767826e+00
274 4.478697e-06 9.767869e-02 3.782526e+00
275 4.373146e-06 2.356745e-02 3.878110e+00
276 4.522468e-06 3.414531e-02 4.087261e+00
277 4.173450e-06 7.717427e-02 3.890136e+00
278 4.099850e-06 1.763538e-02 3.706869e+00
279 4.439500e-06 8.284461e-02 3.813702e+00
280 4.442129e-06 5.922066e-04 3.855318e+00
281 3.801210e-06 1.442820e-01 3.731733e+00
282 4.300569e-06 1.313684e-01 3.781847e+00
283 4.396579e-06 2.232491e-02 3.747269e+00
284 4.218689e-06 4.046110e-02 3.851509e+00
285 3.900901e-06 7.532860e-02 3.856183e+00
286 2.741227e-06 2.972837e-01 4.127899e+00
287 3.323234e-06 2.123163e-01 3.805830e+00
288 3.179219e-06 4.333572e-02 3.772814e+00
289 2.947554e-06 7.286853e-02 3.712548e+00
290 2.025254e-06 3.129035e-01 3.765868e+00
291 2.876070e-06 4.201032e-01 3.768010e+00
292 2.509025e-06 1.276204e-01 3.828698e+00
293 3.028876e-06 2.071927e-01 3.782760e+00
294 3.004300e-06 8.113976e-03 3.692620e+00
295 2.915690e-06 2.949459e-02 4.068719e+00
296 2.600684e-06 1.080380e-01 3.949147e+00
297 2.843029e-06 9.318506e-02 3.966025e+00
298 2.458447e-06 1.352718e-01 3.781770e+00
299 2.488066e-06 1.204786e-02 3.718374e+00
300 1.885566e-06 2.421559e-01 3.793763e+00
301 1.993517e-06 5.725086e-02 3.724475e+00
302 1.765522e-06 1.143679e-01 3.711562e+00
303 2.054411e-06 1.636278e-01 3.758689e+00
304 1.999381e-06 2.678607e-02 3.725421e+00
305 1.636687e-06 1.814034e-01 3.702231e+00
306 1.941054e-06 1.859655e-01 3.655783e+00
307 2.289349e-06 1.794360e-01 3.595816e+00
308 2.158130e-06 5.731688e-02 3.650480e+00
309 1.801682e-06 1.651656e-01 3.657194e+00
310 2.217689e-06 2.308993e-01 3.608786e+00
311 1.987049e-06 1.040000e-01 3.706814e+00
312 1.846847e-06 7.055789e-02 3.602995e+00
313 1.623060e-06 1.211725e-01 3.864591e+00
314 1.420798e-06 1.246174e-01 3.736266e+00
315 1.386446e-06 2.417807e-02 3.813949e+00
316 1.426159e-06 2.864355e-02 3.750887e+00
317 1.293390e-06 9.309575e-02 3.711329e+00
318 1.315668e-06 1.722451e-02 3.662062e+00
319 8.758849e-07 3.342657e-01 3.765983e+00
320 9.575731e-07 9.326354e-02 3.739973e+00
321 8.292580e-07 1.340003e-01 3.669921e+00
322 1.139448e-06 3.740570e-01 3.773420e+00
323 1.122298e-06 1.505089e-02 3.843906e+00
324 1.086445e-06 3.194568e-02 3.805213e+00
325 1.039760e-06 4.297106e-02 3.634662e+00
326 1.052374e-06 1.213176e-02 3.712515e+00
327 1.051161e-06 1.152210e-03 3.627957e+00
328 9.165195e-07 1.280887e-01 3.765056e+00
329 7.442873e-07 1.879198e-01 3.814667e+00
330 8.580262e-07 1.528159e-01 3.845466e+00
331 1.197093e-06 3.951711e-01 3.870388e+00
332 1.059945e-06 1.145675e-01 3.684524e+00
333 1.235138e-06 1.652849e-01 3.813985e+00
334 9.546962e-07 2.270533e-01 3.704212e+00
335 9.399310e-07 1.546587e-02 3.670531e+00
336 7.610756e-07 1.902857e-01 3.709280e+00
337 6.705667e-07 1.189223e-01 3.837531e+00
338 6.755750e-07 7.468756e-03 3.727152e+00
339 8.200388e-07 2.138382e-01 3.717239e+00
340 8.901801e-07 8.553419e-02 3.755777e+00
341 8.485240e-07 4.679514e-02 4.023303e+00
342 8.603568e-07 1.394507e-02 4.590059e+00
343 7.304121e-07 1.510358e-01 3.718095e+00
344 7.009102e-07 4.039070e-02 3.646639e+00
345 6.252984e-07 1.078766e-01 3.719187e+00
346 6.728188e-07 7.599643e-02 3.805708e+00
347 6.205202e-07 7.773069e-02 3.723666e+00
348 6.185727e-07 3.138434e-03 3.643691e+00
349 6.503510e-07 5.137352e-02 3.850869e+00
350 5.053799e-07 2.229120e-01 3.807114e+00
351 7.111092e-07 4.070785e-01 3.595891e+00
352 6.003143e-07 1.558057e-01 4.520385e+00
353 5.485078e-07 8.629899e-02 4.390350e+00
354 6.144555e-07 1.202312e-01 3.644408e+00
355 6.077471e-07 1.091769e-02 3.666187e+00
356 5.899900e-07 2.921784e-02 3.684366e+00
357 5.902792e-07 4.901738e-04 3.726444e+00
358 5.490910e-07 6.977746e-02 3.740524e+00
359 4.294607e-07 2.178698e-01 3.843682e+00
360 4.200545e-07 2.190216e-02 3.627483e+00
361 3.939898e-07 6.205087e-02 3.621146e+00
362 3.420758e-07 1.317648e-01 3.857184e+00
363 2.983159e-07 1.279245e-01 3.835268e+00
364 4.391325e-07 4.720387e-01 3.981313e+00
365 4.372001e-07 4.400625e-03 3.676231e+00
366 4.326328e-07 1.044660e-02 3.660576e+00
367 3.714188e-07 1.414919e-01 3.708813e+00
368 4.279055e-07 1.520836e-01 3.716704e+00
369 3.375705e-07 2.111096e-01 3.725658e+00
370 3.502230e-07 3.748094e-02 3.787908e+00
371 3.410628e-07 2.615524e-02 3.701770e+00
372 3.321580e-07 2.610907e-02 3.758832e+00
373 3.205308e-07 3.500506e-02 3.665693e+00
374 2.930117e-07 8.585467e-02 3.849874e+00
375 2.601448e-07 1.121693e-01 3.848752e+00
376 2.976748e-07 1.442659e-01 3.733414e+00
377 2.616203e-07 1.211204e-01 3.617044e+00
378 2.505369e-07 4.236443e-02 3.685678e+00
379 2.253000e-07 1.007314e-01 3.652866e+00
380 2.356245e-07 4.582529e-02 3.765557e+00
381 1.936268e-07 1.782397e-01 3.694824e+00
382 1.994222e-07 2.993072e-02 3.691499e+00
383 1.907295e-07 4.358965e-02 3.695389e+00
384 2.422541e-07 2.701452e-01 3.675350e+00
385 2.317722e-07 4.326839e-02 4.186099e+00
386 2.152228e-07 7.140347e-02 4.235545e+00
387 1.808540e-07 1.596895e-01 3.655951e+00
388 1.745232e-07 3.500494e-02 3.617755e+00
389 1.732645e-07 7.212184e-03 3.708992e+00
390 1.266256e-07 2.691777e-01 3.604043e+00
391 1.370390e-07 8.223789e-02 3.715555e+00
392 1.554637e-07 1.344487e-01 3.666638e+00
393 1.610881e-07 3.617806e-02 3.821452e+00
394 1.512142e-07 6.129511e-02 3.706138e+00
395 1.494141e-07 1.190438e-02 3.611134e+00
396 1.456476e-07 2.520848e-02 3.708150e+00
397 2.046807e-07 4.053152e-01 3.620374e+00
398 1.421610e-07 3.054500e-01 3.676462e+00
399 1.309441e-07 7.890277e-02 3.675548e+00
400 1.222775e-07 6.618528e-02 3.764887e+00
401 1.325310e-07 8.385421e-02 3.568336e+00
402 1.225219e-07 7.552281e-02 3.710269e+00
403 1.254687e-07 2.405139e-02 3.682191e+00
404 1.202219e-07 4.181791e-02 3.698541e+00
405 1.157552e-07 3.715351e-02 3.614627e+00
406 1.055447e-07 8.820810e-02 3.670479e+00
407 8.734206e-08 1.724635e-01 3.660198e+00
408 9.407910e-08 7.713397e-02 3.764515e+00
409 6.744021e-08 2.831541e-01 3.819375e+00
410 7.428414e-08 1.014814e-01 3.735259e+00
411 7.358155e-08 9.458084e-03 3.914229e+00
412 8.138886e-08 1.061042e-01 3.758174e+00
413 5.927009e-08 2.717665e-01 3.702512e+00
414 7.177372e-08 2.109602e-01 3.718004e+00
415 6.454837e-08 1.006685e-01 3.709524e+00
416 6.967684e-08 7.945170e-02 3.710140e+00
417 7.340957e-08 5.357193e-02 3.659868e+00
418 7.281369e-08 8.117141e-03 3.717126e+00
419 6.801066e-08 6.596328e-02 3.693630e+00
420 6.568568e-08 3.418550e-02 3.700418e+00
421 5.943107e-08 9.522026e-02 3.644577e+00
422 6.035830e-08 1.560161e-02 3.723210e+00
423 5.974113e-08 1.022502e-02 3.713142e+00
424 5.678534e-08 4.947660e-02 3.747757e+00
425 5.650036e-08 5.018524e-03 3.706696e+00
426 5.568372e-08 1.445378e-02 3.792864e+00
427 6.819805e-08 2.247395e-01 3.896027e+00
428 5.417495e-08 2.056233e-01 3.786821e+00
429 4.825597e-08 1.092568e-01 3.948631e+00
430 4.391345e-08 8.998929e-02 4.558567e+00
431 4.487255e-08 2.184077e-02 3.716691e+00
432 4.411151e-08 1.696015e-02 3.719524e+00
433 3.909467e-08 1.137307e-01 3.624220e+00
434 5.226002e-08 3.367554e-01 3.695843e+00
435 5.208074e-08 3.430473e-03 3.599488e+00
436 4.861299e-08 6.658416e-02 3.774175e+00
437 5.280308e-08 8.619293e-02 3.726797e+00
438 4.352252e-08 1.757580e-01 3.780330e+00
439 4.535648e-08 4.213832e-02 3.789262e+00
440 4.582605e-08 1.035282e-02 3.762361e+00
441 4.259730e-08 7.045675e-02 3.927867e+00
442 3.512402e-08 1.754402e-01 3.921863e+00
443 3.516026e-08 1.031741e-03 3.967940e+00
444 3.975462e-08 1.306691e-01 3.731698e+00
445 2.844183e-08 2.845654e-01 3.621016e+00
446 2.910122e-08 2.318381e-02 3.709990e+00
447 2.461459e-08 1.541733e-01 3.851958e+00
448 2.545969e-08 3.433358e-02 3.738380e+00
449 1.815007e-08 2.871056e-01 3.709116e+00
450 1.799545e-08 8.519077e-03 3.722945e+00
451 2.042718e-08 1.351302e-01 3.766235e+00
452 2.516627e-08 2.319990e-01 3.644781e+00
453 2.643761e-08 5.051784e-02 3.890477e+00
454 2.466611e-08 6.700703e-02 3.908648e+00
455 2.299377e-08 6.779911e-02 3.734011e+00
456 1.924583e-08 1.629979e-01 3.820997e+00
457 1.913729e-08 5.639621e-03 3.724650e+00
458 1.901800e-08 6.233648e-03 3.740358e+00
459 2.180264e-08 1.464218e-01 3.655560e+00
460 1.638453e-08 2.485074e-01 3.699047e+00
461 1.914334e-08 1.683794e-01 3.616041e+00
462 1.822238e-08 4.810896e-02 3.686881e+00
463 1.454701e-08 2.016951e-01 3.630215e+00
464 1.695356e-08 1.654324e-01 3.893982e+00
465 1.262416e-08 2.553684e-01 3.944065e+00
466 1.308203e-08 3.626972e-02 3.767914e+00
467 1.241746e-08 5.080032e-02 3.671001e+00
468 1.369382e-08 1.027879e-01 3.694841e+00
469 1.427653e-08 4.255261e-02 3.814390e+00
470 9.880549e-09 3.079167e-01 3.695701e+00
471 1.098011e-08 1.112857e-01 3.629605e+00
472 1.135258e-08 3.392171e-02 3.671501e+00
473 1.344639e-08 1.844348e-01 3.581729e+00
474 1.361310e-08 1.239863e-02 3.542844e+00
475 1.410250e-08 3.595024e-02 4.301430e+00
476 1.418095e-08 5.562633e-03 4.599919e+00
477 1.387789e-08 2.137034e-02 3.774267e+00
478 1.236414e-08 1.090763e-01 3.780573e+00
479 1.020750e-08 1.744274e-01 3.734484e+00
480 1.013115e-08 7.479320e-03 3.774841e+00
481 9.844043e-09 2.833940e-02 3.597765e+00
482 1.177568e-08 1.962245e-01 3.606171e+00
483 8.405939e-09 2.861614e-01 3.543438e+00
484 8.911030e-09 6.008741e-02 3.544286e+00
485 8.905496e-09 6.210799e-04 3.662553e+00
486 8.231719e-09 7.565847e-02 3.808334e+00
487 7.959835e-09 3.302891e-02 4.138956e+00
488 7.406182e-09 6.955575e-02 3.648000e+00
489 5.204121e-09 2.973275e-01 3.567790e+00
490 5.673736e-09 9.023907e-02 3.669266e+00
491 5.211063e-09 8.154643e-02 3.685989e+00
492 5.551531e-09 6.533564e-02 3.759784e+00
493 6.240466e-09 1.240983e-01 3.695784e+00
494 6.393951e-09 2.459510e-02 3.735121e+00
495 6.857776e-09 7.254116e-02 3.615575e+00
496 7.168410e-09 4.529665e-02 3.768086e+00
497 6.869818e-09 4.165390e-02 3.655988e+00
498 6.501391e-09 5.362983e-02 3.677849e+00
499 5.662742e-09 1.289953e-01 3.663005e+00
500 6.354557e-09 1.221696e-01 3.767439e+00
501 6.013641e-09 5.364898e-02 3.573076e+00
502 5.504410e-09 8.467936e-02 3.662371e+00
503 4.362480e-09 2.074573e-01 3.596299e+00
504 4.168786e-09 4.439986e-02 3.556348e+00
505 4.273567e-09 2.513456e-02 3.564696e+00
506 3.775456e-09 1.165564e-01 3.621740e+00
507 4.476031e-09 1.855605e-01 3.607684e+00
508 3.694099e-09 1.746931e-01 3.612531e+00
509 3.257453e-09 1.182009e-01 3.639977e+00
510 3.738152e-09 1.475689e-01 3.661449e+00
511 3.642588e-09 2.556459e-02 3.702429e+00
512 3.279242e-09 9.974948e-02 3.663502e+00
513 2.842004e-09 1.333350e-01 3.891986e+00
514 2.583092e-09 9.110210e-02 3.964064e+00
515 3.111881e-09 2.047116e-01 3.692963e+00
516 2.870051e-09 7.771164e-02 3.717687e+00
517 2.992802e-09 4.276959e-02 3.678112e+00
518 2.820839e-09 5.745901e-02 3.765960e+00
519 3.406815e-09 2.077313e-01 3.676261e+00
520 3.379404e-09 8.046051e-03 3.716141e+00
521 3.260741e-09 3.511355e-02 3.612572e+00
522 3.237494e-09 7.129179e-03 3.597447e+00
523 3.278448e-09 1.264977e-02 3.727959e+00
524 2.904836e-09 1.139601e-01 3.836251e+00
525 2.353849e-09 1.896790e-01 3.875481e+00
526 2.321726e-09 1.364728e-02 3.787280e+00
527 2.275744e-09 1.980495e-02 3.679407e+00
528 2.280088e-09 1.908618e-03 3.590116e+00
529 2.336502e-09 2.474232e-02 3.710370e+00
530 2.301552e-09 1.495856e-02 3.623098e+00
531 1.667092e-09 2.756658e-01 3.613921e+00
532 1.850803e-09 1.101981e-01 3.565890e+00
533 2.445293e-09 3.212066e-01 3.630201e+00
534 2.014285e-09 1.762603e-01 3.628277e+00
535 1.515911e-09 2.474196e-01 3.806078e+00
536 1.578858e-09 4.152426e-02 3.717489e+00
537 1.910930e-09 2.103239e-01 3.839639e+00
538 1.719889e-09 9.997259e-02 3.647867e+00
539 1.816119e-09 5.595135e-02 3.631537e+00
540 1.587457e-09 1.259073e-01 3.623772e+00
541 1.453763e-09 8.421874e-02 3.686751e+00
542 1.304239e-09 1.028529e-01 3.646280e+00
543 1.217554e-09 6.646478e-02 3.648215e+00
544 1.301719e-09 6.912651e-02 3.596413e+00
545 1.395235e-09 7.184030e-02 3.612944e+00
546 1.432957e-09 2.703643e-02 3.782787e+00
547 1.140261e-09 2.042600e-01 3.846454e+00
548 1.093582e-09 4.093731e-02 3.878224e+00
549 1.033886e-09 5.458762e-02 3.651740e+00
550 1.303433e-09 2.607130e-01 3.677977e+00
551 1.176427e-09 9.743964e-02 3.727822e+00
552 9.182075e-10 2.194948e-01 3.735242e+00
553 9.083383e-10 1.074835e-02 3.686088e+00
554 9.783951e-10 7.712639e-02 3.486814e+00
555 7.877337e-10 1.948717e-01 3.479576e+00
556 7.445332e-10 5.484143e-02 3.607244e+00
557 7.079777e-10 4.909860e-02 3.791290e+00
558 8.960698e-10 2.656752e-01 3.743796e+00
559 8.971390e-10 1.193273e-03 3.979196e+00
560 8.811368e-10 1.783692e-02 3.695127e+00
561 8.622423e-10 2.144338e-02 3.629226e+00
562 7.784465e-10 9.718353e-02 3.645120e+00
563 7.974207e-10 2.437439e-02 3.797280e+00
564 7.833443e-10 1.765242e-02 3.535292e+00
565 7.880269e-10 5.977688e-03 3.615603e+00
566 6.724964e-10 1.466073e-01 3.653467e+00
567 5.870928e-10 1.269948e-01 3.871925e+00
568 5.912960e-10 7.159334e-03 3.743325e+00
569 6.922837e-10 1.707904e-01 3.759112e+00
570 5.113893e-10 2.613010e-01 4.154434e+00
571 7.959751e-10 5.564955e-01 3.679516e+00
572 7.359371e-10 7.542695e-02 3.712319e+00
573 7.214770e-10 1.964855e-02 3.718528e+00
574 7.318793e-10 1.441813e-02 3.631083e+00
575 6.274676e-10 1.426625e-01 3.655029e+00
576 4.726483e-10 2.467368e-01 3.720114e+00
577 4.344554e-10 8.080617e-02 3.783200e+00
578 4.496588e-10 3.499415e-02 3.712482e+00
579 4.765237e-10 5.974521e-02 3.678932e+00
580 4.824375e-10 1.241035e-02 3.967544e+00
581 4.385345e-10 9.100244e-02 3.941060e+00
582 4.324507e-10 1.387302e-02 3.735418e+00
583 4.333270e-10 2.026356e-03 3.759428e+00
584 4.296585e-10 8.465915e-03 3.661894e+00
585 4.017069e-10 6.505548e-02 3.718149e+00
586 3.984121e-10 8.202022e-03 3.669427e+00
587 3.703645e-10 7.039838e-02 3.806793e+00
588 3.680382e-10 6.281275e-03 3.798600e+00
589 3.811079e-10 3.551199e-02 3.631369e+00
590 3.730032e-10 2.126626e-02 3.806789e+00
591 2.932580e-10 2.137923e-01 3.599047e+00
592 2.977956e-10 1.547304e-02 3.638183e+00
593 3.126347e-10 4.982992e-02 3.758848e+00
594 4.381705e-10 4.015415e-01 3.615614e+00
595 3.102487e-10 2.919452e-01 3.599172e+00
596 3.188136e-10 2.760665e-02 3.675421e+00
597 2.523818e-10 2.083721e-01 3.589542e+00
598 2.812250e-10 1.142842e-01 3.644674e+00
599 2.694702e-10 4.179862e-02 3.806655e+00
600 2.556169e-10 5.140962e-02 3.639186e+00
601 2.705650e-10 5.847875e-02 3.598872e+00
602 2.625100e-10 2.977104e-02 3.676547e+00
603 2.554994e-10 2.670608e-02 3.565973e+00
604 2.661594e-10 4.172232e-02 3.673100e+00
605 2.387421e-10 1.030108e-01 3.611879e+00
606 2.215975e-10 7.181229e-02 3.788595e+00
607 1.911625e-10 1.373435e-01 3.975399e+00
608 2.124281e-10 1.112433e-01 4.007633e+00
609 2.109107e-10 7.142850e-03 3.461667e+00
610 2.029713e-10 3.764354e-02 3.750492e+00
611 1.898879e-10 6.445947e-02 3.695825e+00
612 1.843932e-10 2.893663e-02 3.596719e+00
613 1.436420e-10 2.210016e-01 3.711013e+00
614 1.921309e-10 3.375676e-01 3.703704e+00
615 1.676748e-10 1.272888e-01 3.555541e+00
616 1.745130e-10 4.078250e-02 3.501913e+00
617 1.794184e-10 2.810914e-02 3.540555e+00
618 1.764947e-10 1.629522e-02 3.486162e+00
619 1.543939e-10 1.252206e-01 3.599055e+00
620 1.323633e-10 1.426908e-01 3.645924e+00
621 1.261815e-10 4.670351e-02 3.917704e+00
622 1.215540e-10 3.667352e-02 3.519734e+00
623 1.450640e-10 1.934118e-01 3.566698e+00
624 1.275153e-10 1.209717e-01 3.559667e+00
625 1.311204e-10 2.827202e-02 3.478737e+00
626 1.031936e-10 2.129865e-01 3.525792e+00
627 1.145443e-10 1.099942e-01 3.443377e+00
628 1.185196e-10 3.470602e-02 3.558446e+00
629 1.128014e-10 4.824689e-02 3.477839e+00
630 9.079781e-11 1.950651e-01 3.503589e+00
