1 9.989668e-01 1.000000e+00 3.607243e+00
2 9.937246e-01 5.247678e-03 3.768337e+00
3 9.854228e-01 8.354194e-03 3.590808e+00
4 9.718541e-01 1.376942e-02 3.600208e+00
5 9.634406e-01 8.657136e-03 3.535176e+00
6 9.584832e-01 5.145541e-03 3.655048e+00
7 9.559105e-01 2.684104e-03 3.575924e+00
8 9.540900e-01 1.904523e-03 4.246858e+00
9 9.513611e-01 2.860207e-03 3.848047e+00
10 9.507091e-01 6.853436e-04 4.158967e+00
11 9.503812e-01 3.448688e-04 4.286232e+00
12 9.498965e-01 5.099660e-04 4.359213e+00
13 9.491526e-01 7.831389e-04 3.600126e+00
14 9.482919e-01 9.068501e-04 3.671076e+00
15 9.480697e-01 2.343497e-04 3.520297e+00
16 9.477211e-01 3.675946e-04 3.590426e+00
17 9.475689e-01 1.606240e-04 3.605387e+00
18 9.465598e-01 1.064909e-03 4.111413e+00
19 9.460714e-01 5.160455e-04 3.600530e+00
20 9.457823e-01 3.055722e-04 3.798794e+00
21 9.449510e-01 8.789504e-04 3.672662e+00
22 9.454371e-01 5.144652e-04 3.743077e+00
23 9.440795e-01 1.436032e-03 3.655696e+00
24 9.439218e-01 1.669618e-04 3.583530e+00
25 9.429286e-01 1.052245e-03 3.695633e+00
26 9.438323e-01 9.584169e-04 3.503969e+00
27 9.426802e-01 1.220659e-03 3.535574e+00
28 9.420394e-01 6.797386e-04 3.680048e+00
29 9.424736e-01 4.608409e-04 3.813421e+00
30 9.441435e-01 1.771906e-03 3.607756e+00
31 9.427199e-01 1.507841e-03 3.503757e+00
32 9.413449e-01 1.458586e-03 3.487435e+00
33 9.411066e-01 2.531854e-04 3.583934e+00
34 9.405079e-01 6.360861e-04 3.615561e+00
35 9.403796e-01 1.364175e-04 3.415974e+00
36 9.404177e-01 4.053731e-05 3.423478e+00
37 9.411563e-01 7.853845e-04 3.903062e+00
38 9.401036e-01 1.118589e-03 3.503157e+00
39 9.406281e-01 5.579667e-04 3.719822e+00
40 9.315776e-01 9.621825e-03 3.599648e+00
41 9.216743e-01 1.063061e-02 3.750345e+00
42 9.208534e-01 8.906603e-04 3.551874e+00
43 9.199215e-01 1.011990e-03 3.511995e+00
44 9.211449e-01 1.329871e-03 3.414918e+00
45 9.193437e-01 1.955381e-03 3.480263e+00
46 9.195309e-01 2.036561e-04 3.455373e+00
47 9.195166e-01 1.559376e-05 3.430499e+00
48 9.191047e-01 4.479985e-04 3.399301e+00
49 9.198169e-01 7.749078e-04 3.407877e+00
50 9.189675e-01 9.233926e-04 3.424342e+00
51 8.956006e-01 2.542734e-02 3.543221e+00
52 8.937946e-01 2.016581e-03 3.575815e+00
53 8.935592e-01 2.633436e-04 3.870354e+00
54 8.936485e-01 9.987822e-05 3.368032e+00
55 8.930743e-01 6.425135e-04 3.439979e+00
56 8.934244e-01 3.920880e-04 3.415222e+00
57 8.934183e-01 6.900983e-06 3.424324e+00
58 8.734357e-01 2.236640e-02 3.623213e+00
59 8.728945e-01 6.196295e-04 3.424213e+00
60 8.728090e-01 9.797609e-05 3.431002e+00
61 8.722391e-01 6.529357e-04 3.391998e+00
62 8.732310e-01 1.137219e-03 3.543529e+00
63 8.728358e-01 4.526022e-04 4.032315e+00
64 8.731787e-01 3.928634e-04 4.087060e+00
65 8.705651e-01 2.993172e-03 3.343894e+00
66 8.691049e-01 1.677350e-03 3.384001e+00
67 8.645892e-01 5.195776e-03 3.431594e+00
68 8.662937e-01 1.971489e-03 3.567739e+00
69 8.657838e-01 5.886062e-04 3.398701e+00
70 8.425678e-01 2.681504e-02 3.471541e+00
71 8.364919e-01 7.211139e-03 3.343573e+00
72 8.312349e-01 6.284595e-03 3.528553e+00
73 8.344213e-01 3.833277e-03 3.375256e+00
74 8.252540e-01 1.098645e-02 3.581782e+00
75 6.709769e-01 1.869449e-01 3.517977e+00
76 6.137279e-01 8.532188e-02 3.717706e+00
77 5.146831e-01 1.613822e-01 3.575329e+00
78 4.626217e-01 1.011524e-01 3.472352e+00
79 4.385788e-01 5.197092e-02 3.359578e+00
80 4.423782e-01 8.662790e-03 3.351071e+00
81 4.383458e-01 9.115191e-03 3.352639e+00
82 4.330646e-01 1.204790e-02 3.430992e+00
83 4.290803e-01 9.200283e-03 3.400071e+00
84 4.350822e-01 1.398781e-02 3.495372e+00
85 4.160985e-01 4.363249e-02 3.424135e+00
86 4.088767e-01 1.735602e-02 3.743693e+00
87 3.986028e-01 2.512701e-02 4.680092e+00
88 3.909023e-01 1.931871e-02 3.549952e+00
89 3.571837e-01 8.625852e-02 3.440424e+00
90 2.779491e-01 2.218315e-01 3.455438e+00
91 2.138395e-01 2.306524e-01 3.430966e+00
92 1.823549e-01 1.472346e-01 3.288154e+00
93 1.755808e-01 3.714775e-02 3.415817e+00
94 1.682728e-01 4.162213e-02 3.304149e+00
95 1.808800e-01 7.492146e-02 3.599691e+00
96 1.526014e-01 1.563388e-01 3.415678e+00
97 1.404146e-01 7.986051e-02 3.478748e+00
98 1.375189e-01 2.062270e-02 3.256148e+00
99 1.313418e-01 4.491823e-02 3.216029e+00
100 1.396301e-01 6.310530e-02 3.272255e+00
101 1.286982e-01 7.829213e-02 3.430804e+00
102 1.161778e-01 9.728498e-02 3.398685e+00
103 1.187257e-01 2.193099e-02 3.470812e+00
104 1.118677e-01 5.776352e-02 3.287836e+00
105 1.034037e-01 7.566109e-02 3.416254e+00
106 9.971074e-02 3.571359e-02 3.463377e+00
107 8.541736e-02 1.433484e-01 3.303838e+00
108 8.296251e-02 2.873948e-02 3.375859e+00
109 8.121284e-02 2.108991e-02 3.255274e+00
110 9.407219e-02 1.583414e-01 3.326255e+00
111 6.982345e-02 2.577674e-01 3.272268e+00
112 6.572186e-02 5.874225e-02 3.071900e+00
113 6.359277e-02 3.239541e-02 3.336615e+00
114 9.999305e-02 5.723965e-01 3.591141e+00
115 8.759140e-02 1.240251e-01 3.416096e+00
116 5.274488e-02 3.978304e-01 3.733473e+00
117 5.392762e-02 2.242379e-02 3.279396e+00
118 4.763985e-02 1.165965e-01 3.238726e+00
119 3.529947e-02 2.590350e-01 3.231345e+00
120 6.550561e-02 8.557112e-01 3.303069e+00
121 5.291589e-02 1.921931e-01 3.223978e+00
122 3.588841e-02 3.217838e-01 3.247679e+00
123 2.921754e-02 1.858781e-01 3.231538e+00
124 2.918203e-02 1.215513e-03 3.328579e+00
125 3.047930e-02 4.445437e-02 3.151058e+00
126 2.869575e-02 5.851650e-02 3.079696e+00
127 4.473843e-02 5.590611e-01 3.127750e+00
128 3.613271e-02 1.923564e-01 3.079999e+00
129 3.073394e-02 1.494149e-01 3.095576e+00
130 4.244940e-02 3.811895e-01 3.040038e+00
131 3.603893e-02 1.510145e-01 3.176066e+00
132 2.972389e-02 1.752282e-01 3.455011e+00
133 2.018286e-02 3.209886e-01 3.352076e+00
134 1.828224e-02 9.416985e-02 3.567669e+00
135 2.565451e-02 4.032476e-01 3.207913e+00
136 1.733728e-02 3.242014e-01 3.223842e+00
137 1.889578e-02 8.989253e-02 3.239141e+00
138 1.616046e-02 1.447583e-01 3.287693e+00
139 2.900173e-02 7.946110e-01 3.216176e+00
140 1.627746e-02 4.387419e-01 3.271125e+00
141 2.102784e-02 2.918379e-01 3.335729e+00
142 1.621943e-02 2.286684e-01 3.224128e+00
143 2.160279e-02 3.319079e-01 3.327781e+00
144 1.822473e-02 1.563717e-01 3.303138e+00
145 1.870364e-02 2.627789e-02 3.519435e+00
146 2.115481e-02 1.310534e-01 3.655182e+00
147 1.601851e-02 2.427956e-01 3.271570e+00
148 1.989491e-02 2.419946e-01 3.303218e+00
149 1.709365e-02 1.408030e-01 3.224142e+00
150 1.341306e-02 2.153192e-01 3.303609e+00
151 1.785131e-02 3.308903e-01 3.407361e+00
152 1.168802e-02 3.452567e-01 3.256136e+00
153 1.969024e-02 6.846514e-01 3.280008e+00
154 1.221921e-02 3.794284e-01 3.366577e+00
155 1.984981e-02 6.244762e-01 3.231910e+00
156 9.276980e-03 5.326414e-01 3.287814e+00
157 2.069305e-02 1.230581e+00 3.376361e+00
158 1.640195e-02 2.073694e-01 3.406516e+00
159 1.630514e-02 5.901819e-03 3.577429e+00
160 1.645176e-02 8.991909e-03 3.287924e+00
161 1.597288e-02 2.910820e-02 3.303107e+00
162 1.301690e-02 1.850622e-01 3.342995e+00
163 1.669283e-02 2.823963e-01 3.279790e+00
164 1.668942e-02 2.042718e-04 3.312053e+00
165 8.967069e-03 4.627092e-01 3.304235e+00
166 1.207161e-02 3.462160e-01 3.278996e+00
167 1.069693e-02 1.138773e-01 3.328037e+00
168 8.081434e-03 2.445090e-01 3.318763e+00
169 8.950632e-03 1.075550e-01 3.287389e+00
170 5.456885e-03 3.903353e-01 3.352469e+00
171 8.034870e-03 4.724280e-01 3.286675e+00
172 4.753800e-03 4.083539e-01 3.352355e+00
173 3.787912e-03 2.031821e-01 3.479523e+00
174 3.108134e-03 1.794599e-01 3.565212e+00
175 2.978077e-03 4.184423e-02 3.358990e+00
176 2.687876e-03 9.744572e-02 3.399636e+00
177 2.635418e-03 1.951641e-02 3.272111e+00
178 3.428674e-03 3.009983e-01 3.295936e+00
179 3.365222e-03 1.850649e-02 3.335209e+00
180 2.916104e-03 1.334586e-01 3.368046e+00
181 3.495264e-03 1.986074e-01 3.319962e+00
182 2.547900e-03 2.710422e-01 3.294968e+00
183 2.203800e-03 1.350522e-01 3.263830e+00
184 2.578012e-03 1.698031e-01 3.303894e+00
185 1.945896e-03 2.451951e-01 3.287668e+00
186 2.239921e-03 1.511001e-01 3.279945e+00
187 1.541043e-03 3.120103e-01 3.287882e+00
188 1.550144e-03 5.906129e-03 3.311820e+00
189 1.317692e-03 1.499552e-01 3.287716e+00
190 1.638966e-03 2.438151e-01 3.311267e+00
191 1.724949e-03 5.246198e-02 3.119983e+00
192 1.512194e-03 1.233396e-01 3.208087e+00
193 2.057050e-03 3.603082e-01 3.126994e+00
194 1.466869e-03 2.869068e-01 3.424142e+00
195 1.200783e-03 1.813967e-01 3.461198e+00
196 1.547986e-03 2.891465e-01 3.264678e+00
197 1.270578e-03 1.792054e-01 3.318768e+00
198 1.329648e-03 4.649068e-02 3.375729e+00
199 1.335849e-03 4.663103e-03 3.591642e+00
200 1.611887e-03 2.066386e-01 3.815090e+00
201 1.905951e-03 1.824348e-01 3.279506e+00
202 1.113010e-03 4.160341e-01 3.223524e+00
203 1.123268e-03 9.215719e-03 3.288132e+00
204 6.987183e-04 3.779591e-01 3.240130e+00
205 7.368435e-04 5.456443e-02 3.239306e+00
206 5.970146e-04 1.897674e-01 3.293960e+00
207 8.931807e-04 4.960786e-01 3.235715e+00
208 7.039104e-04 2.119059e-01 3.223661e+00
209 8.757688e-04 2.441482e-01 3.303889e+00
210 8.473432e-04 3.245793e-02 3.424429e+00
211 9.990920e-04 1.790877e-01 3.479849e+00
212 7.777188e-04 2.215743e-01 3.511523e+00
213 6.120528e-04 2.130153e-01 3.351430e+00
214 5.517845e-04 9.846909e-02 3.359857e+00
215 6.362007e-04 1.529876e-01 3.271741e+00
216 5.043822e-04 2.071965e-01 3.279480e+00
217 4.961056e-04 1.640937e-02 3.263020e+00
218 4.317090e-04 1.298042e-01 3.296319e+00
219 5.039761e-04 1.673978e-01 3.295181e+00
220 3.186588e-04 3.677106e-01 3.231607e+00
221 6.419167e-04 1.014433e+00 3.271432e+00
222 3.008302e-04 5.313563e-01 3.278326e+00
223 5.094760e-04 6.935667e-01 3.295253e+00
224 3.121119e-04 3.873865e-01 3.239471e+00
225 6.228484e-04 9.955933e-01 3.247794e+00
226 2.248317e-04 6.390267e-01 3.247950e+00
227 4.031122e-04 7.929511e-01 3.207140e+00
228 4.740131e-04 1.758838e-01 3.320394e+00
229 1.976968e-04 5.829297e-01 3.199440e+00
230 1.596781e-04 1.923078e-01 3.383956e+00
231 2.048015e-04 2.825899e-01 3.647183e+00
232 2.018137e-04 1.458909e-02 3.559600e+00
233 1.842425e-04 8.706630e-02 3.216378e+00
234 2.273300e-04 2.338630e-01 3.335417e+00
235 1.594872e-04 2.984332e-01 3.279688e+00
236 1.178518e-04 2.610580e-01 3.455717e+00
237 1.727762e-04 4.660464e-01 3.262859e+00
238 2.274514e-04 3.164512e-01 3.287910e+00
239 1.761692e-04 2.254644e-01 3.215420e+00
240 2.087388e-04 1.848767e-01 3.407745e+00
241 1.500081e-04 2.813597e-01 3.287056e+00
242 1.768591e-04 1.789967e-01 3.288407e+00
243 1.199693e-04 3.216674e-01 3.431824e+00
244 9.733225e-05 1.886901e-01 3.477208e+00
245 1.335183e-04 3.717786e-01 3.365948e+00
246 8.902779e-05 3.332165e-01 3.351884e+00
247 6.952454e-05 2.190693e-01 3.335805e+00
248 6.672376e-05 4.028473e-02 3.319896e+00
249 7.852152e-05 1.768149e-01 3.127301e+00
250 6.414931e-05 1.830354e-01 3.119705e+00
251 9.255459e-05 4.427996e-01 3.319592e+00
252 4.091020e-05 5.579885e-01 3.252558e+00
253 7.181315e-05 7.553849e-01 3.303698e+00
254 3.885262e-05 4.589762e-01 3.255214e+00
255 5.058262e-05 3.019100e-01 3.263301e+00
256 4.637873e-05 8.310948e-02 3.286722e+00
257 5.256996e-05 1.334930e-01 3.336277e+00
258 5.814825e-05 1.061117e-01 3.287757e+00
259 4.564132e-05 2.150869e-01 3.246381e+00
260 3.808508e-05 1.655569e-01 3.304524e+00
261 4.154566e-05 9.086432e-02 3.256415e+00
262 3.770354e-05 9.247949e-02 3.511303e+00
263 4.590451e-05 2.175120e-01 3.655436e+00
264 3.477575e-05 2.424328e-01 3.540440e+00
265 3.198007e-05 8.039176e-02 3.247150e+00
266 2.656539e-05 1.693141e-01 3.359127e+00
267 2.405349e-05 9.455547e-02 3.462638e+00
268 3.555309e-05 4.780847e-01 3.253582e+00
269 2.544451e-05 2.843236e-01 3.296573e+00
270 1.803164e-05 2.913345e-01 3.295172e+00
271 2.307180e-05 2.795175e-01 3.399936e+00
272 1.986011e-05 1.392041e-01 3.279164e+00
273 1.827255e-05 7.993730e-02 3.255879e+00
274 1.704581e-05 6.713555e-02 3.310762e+00
275 1.391026e-05 1.839487e-01 3.262875e+00
276 1.415413e-05 1.753171e-02 3.280101e+00
277 2.001604e-05 4.141486e-01 3.119280e+00
278 1.208302e-05 3.963332e-01 3.272309e+00
279 1.240886e-05 2.696665e-02 3.247320e+00
280 1.187965e-05 4.264786e-02 3.246736e+00
281 1.659032e-05 3.965330e-01 3.271968e+00
282 9.394784e-06 4.337189e-01 3.416204e+00
283 1.282665e-05 3.652949e-01 3.198835e+00
284 1.036423e-05 1.919772e-01 3.231796e+00
285 1.279647e-05 2.346769e-01 3.208256e+00
286 9.944583e-06 2.228653e-01 3.335681e+00
287 1.228655e-05 2.355019e-01 3.272107e+00
288 7.012059e-06 4.292899e-01 3.270672e+00
289 8.245770e-06 1.759414e-01 3.271858e+00
290 9.634561e-06 1.684247e-01 3.440057e+00
291 7.588611e-06 2.123553e-01 3.222849e+00
292 9.198608e-06 2.121596e-01 3.488375e+00
293 6.594441e-06 2.831045e-01 3.511299e+00
294 7.463491e-06 1.317853e-01 3.485410e+00
295 6.185947e-06 1.711724e-01 3.717402e+00
296 6.685044e-06 8.068233e-02 3.279386e+00
297 5.829584e-06 1.279662e-01 3.383751e+00
298 6.486458e-06 1.126794e-01 3.248062e+00
299 5.585572e-06 1.388871e-01 3.303528e+00
300 6.469558e-06 1.582624e-01 3.295267e+00
301 4.944148e-06 2.357828e-01 3.279621e+00
302 5.063120e-06 2.406317e-02 3.232726e+00
303 5.961347e-06 1.774059e-01 3.279542e+00
304 4.669456e-06 2.167113e-01 3.247227e+00
305 4.898662e-06 4.908636e-02 3.296465e+00
306 3.804970e-06 2.232635e-01 3.255252e+00
307 6.053273e-06 5.908859e-01 3.535367e+00
308 3.661718e-06 3.950847e-01 3.272665e+00
309 4.938994e-06 3.488189e-01 3.295688e+00
310 4.830185e-06 2.203057e-02 3.263309e+00
311 4.637659e-06 3.985895e-02 3.319665e+00
312 3.974050e-06 1.430913e-01 3.399867e+00
313 3.685156e-06 7.269523e-02 3.549329e+00
314 4.308782e-06 1.692266e-01 3.287502e+00
315 3.192427e-06 2.590883e-01 3.279968e+00
316 3.782583e-06 1.848611e-01 3.247980e+00
317 2.813444e-06 2.562108e-01 3.415052e+00
318 3.633787e-06 2.915797e-01 3.375769e+00
319 2.634059e-06 2.751203e-01 3.384049e+00
320 2.678666e-06 1.693469e-02 3.360178e+00
321 2.786312e-06 4.018651e-02 3.279527e+00
322 3.114302e-06 1.177148e-01 3.407343e+00
323 2.149589e-06 3.097685e-01 3.344523e+00
324 2.242657e-06 4.329553e-02 3.431621e+00
325 2.223829e-06 8.395552e-03 3.671313e+00
326 2.104075e-06 5.385011e-02 3.407853e+00
327 1.924744e-06 8.523027e-02 3.366511e+00
328 2.104245e-06 9.325965e-02 3.168471e+00
329 1.915924e-06 8.949596e-02 3.327710e+00
330 1.710443e-06 1.072490e-01 3.271560e+00
331 1.904215e-06 1.132878e-01 3.327847e+00
332 1.654879e-06 1.309389e-01 3.247491e+00
333 1.639560e-06 9.257062e-03 3.231331e+00
334 1.470384e-06 1.031841e-01 3.232521e+00
335 1.454187e-06 1.101491e-02 3.295873e+00
336 1.392755e-06 4.224500e-02 3.495440e+00
337 1.935236e-06 3.895016e-01 3.343328e+00
338 1.797457e-06 7.119472e-02 3.501041e+00
339 1.251854e-06 3.035417e-01 3.303727e+00
340 1.334240e-06 6.581087e-02 3.199158e+00
341 1.371954e-06 2.826639e-02 3.288613e+00
342 1.449333e-06 5.640113e-02 3.207429e+00
343 1.229797e-06 1.514741e-01 3.199992e+00
344 1.296632e-06 5.434609e-02 3.303460e+00
345 1.361915e-06 5.034840e-02 3.287911e+00
346 1.051766e-06 2.277304e-01 3.287564e+00
347 1.446516e-06 3.753219e-01 3.328153e+00
348 1.124727e-06 2.224580e-01 3.334988e+00
349 1.074008e-06 4.509489e-02 3.240039e+00
350 1.203967e-06 1.210045e-01 3.295855e+00
351 8.054578e-07 3.309970e-01 3.543756e+00
352 8.112506e-07 7.191902e-03 3.431533e+00
353 9.239127e-07 1.388746e-01 3.335642e+00
354 7.561775e-07 1.815487e-01 3.263957e+00
355 7.962652e-07 5.301363e-02 3.247742e+00
356 1.106630e-06 3.897750e-01 3.342969e+00
357 8.626810e-07 2.204428e-01 3.320241e+00
358 1.052376e-06 2.198903e-01 3.327960e+00
359 8.416341e-07 2.002536e-01 3.247741e+00
360 8.797923e-07 4.533830e-02 3.143419e+00
361 8.420521e-07 4.289670e-02 3.152082e+00
362 8.550083e-07 1.538642e-02 3.142875e+00
363 7.782965e-07 8.972056e-02 3.256122e+00
364 7.932080e-07 1.915923e-02 3.216030e+00
365 7.043219e-07 1.120590e-01 3.239914e+00
366 8.732386e-07 2.398288e-01 3.260624e+00
367 6.165935e-07 2.939003e-01 3.231005e+00
368 7.844682e-07 2.722615e-01 3.303775e+00
369 5.766458e-07 2.649215e-01 3.359784e+00
370 6.240688e-07 8.223946e-02 3.367806e+00
371 5.495931e-07 1.193389e-01 3.271751e+00
372 8.179879e-07 4.883518e-01 3.239770e+00
373 5.562186e-07 3.200161e-01 3.272050e+00
374 5.980824e-07 7.526509e-02 3.223863e+00
375 5.495935e-07 8.107396e-02 3.295338e+00
376 5.250653e-07 4.462975e-02 3.319896e+00
377 4.949399e-07 5.737462e-02 3.278958e+00
378 5.438598e-07 9.884022e-02 3.285480e+00
379 4.237778e-07 2.207959e-01 3.438934e+00
380 7.748150e-07 8.283519e-01 3.415749e+00
381 4.900985e-07 3.674638e-01 3.399604e+00
382 6.448781e-07 3.158132e-01 3.598020e+00
383 4.195431e-07 3.494226e-01 3.400078e+00
384 6.567877e-07 5.654830e-01 3.303546e+00
385 4.477869e-07 3.182167e-01 3.239342e+00
386 5.080261e-07 1.345265e-01 3.231850e+00
387 4.613195e-07 9.193736e-02 3.264100e+00
388 6.056437e-07 3.128509e-01 3.343226e+00
389 4.287171e-07 2.921298e-01 3.256072e+00
390 6.188254e-07 4.434352e-01 3.287316e+00
391 3.739814e-07 3.956593e-01 3.311943e+00
392 5.554879e-07 4.853357e-01 3.334725e+00
393 4.480325e-07 1.934434e-01 3.359086e+00
394 4.148808e-07 7.399386e-02 3.575397e+00
395 4.028234e-07 2.906245e-02 3.304367e+00
396 4.456920e-07 1.064205e-01 3.215016e+00
397 4.162552e-07 6.604736e-02 3.296165e+00
398 4.173699e-07 2.677787e-03 3.263345e+00
399 3.547558e-07 1.500206e-01 3.327362e+00
400 4.932246e-07 3.903214e-01 3.376171e+00
401 3.164392e-07 3.584279e-01 3.287923e+00
402 4.750291e-07 5.011704e-01 3.254905e+00
403 3.300929e-07 3.051102e-01 3.272034e+00
404 4.617775e-07 3.989320e-01 3.223730e+00
405 3.010813e-07 3.479949e-01 3.519946e+00
406 4.561151e-07 5.149234e-01 3.488104e+00
407 2.961943e-07 3.506150e-01 3.480886e+00
408 4.351147e-07 4.690177e-01 3.263797e+00
409 3.187260e-07 2.674895e-01 3.255942e+00
410 4.277648e-07 3.421082e-01 3.343429e+00
411 2.662643e-07 3.775452e-01 3.328595e+00
412 4.327468e-07 6.252528e-01 3.263032e+00
413 2.678404e-07 3.810690e-01 3.343634e+00
414 3.118524e-07 1.643217e-01 3.352199e+00
415 3.127176e-07 2.774549e-03 3.303769e+00
416 2.897141e-07 7.356022e-02 3.296178e+00
417 3.430351e-07 1.840470e-01 3.375243e+00
418 3.289973e-07 4.092230e-02 3.520049e+00
419 3.369611e-07 2.420645e-02 3.527913e+00
420 2.730117e-07 1.897828e-01 3.246909e+00
421 2.223801e-07 1.854558e-01 3.272048e+00
422 2.392526e-07 7.587233e-02 3.399676e+00
423 2.532944e-07 5.869036e-02 3.352295e+00
424 2.384082e-07 5.877027e-02 3.391743e+00
425 2.302460e-07 3.423625e-02 3.319632e+00
426 2.022210e-07 1.217176e-01 3.295961e+00
427 2.045255e-07 1.139563e-02 3.263547e+00
428 2.218621e-07 8.476493e-02 3.276952e+00
429 1.933595e-07 1.284699e-01 3.279613e+00
430 1.529854e-07 2.088030e-01 3.927425e+00
431 1.878075e-07 2.276172e-01 3.917710e+00
432 1.978509e-07 5.347699e-02 3.359833e+00
433 2.329068e-07 1.771833e-01 3.279312e+00
434 1.612043e-07 3.078592e-01 3.309514e+00
435 2.600999e-07 6.134798e-01 3.343406e+00
436 2.098509e-07 1.931911e-01 3.319775e+00
437 2.052949e-07 2.171057e-02 3.327890e+00
438 1.525679e-07 2.568353e-01 3.327308e+00
439 2.219124e-07 4.545154e-01 3.279908e+00
440 1.647984e-07 2.573719e-01 3.279946e+00
441 1.530738e-07 7.114482e-02 3.343803e+00
442 1.514617e-07 1.053180e-02 3.375465e+00
443 1.864447e-07 2.309692e-01 3.455750e+00
444 1.479744e-07 2.063361e-01 3.749927e+00
445 1.560172e-07 5.435250e-02 3.301828e+00
446 1.531524e-07 1.836209e-02 3.336389e+00
447 1.228702e-07 1.977260e-01 3.383492e+00
448 1.715056e-07 3.958279e-01 3.255736e+00
449 1.071701e-07 3.751219e-01 3.223667e+00
450 1.216169e-07 1.348025e-01 3.399648e+00
451 1.370682e-07 1.270492e-01 3.367190e+00
452 9.448972e-08 3.106374e-01 3.326320e+00
453 1.409233e-07 4.914142e-01 3.304058e+00
454 1.126551e-07 2.005931e-01 3.527249e+00
455 1.482574e-07 3.160299e-01 3.408209e+00
456 1.276081e-07 1.392801e-01 3.591264e+00
457 1.448811e-07 1.353595e-01 3.271440e+00
458 1.177652e-07 1.871599e-01 3.319530e+00
459 1.374194e-07 1.668932e-01 3.263456e+00
460 1.188947e-07 1.348037e-01 3.350812e+00
461 1.264184e-07 6.327979e-02 3.342941e+00
462 1.009771e-07 2.012468e-01 3.550616e+00
463 1.165960e-07 1.546778e-01 3.271943e+00
464 8.563042e-08 2.655801e-01 3.311286e+00
465 8.696213e-08 1.555181e-02 3.383768e+00
466 8.759732e-08 7.304288e-03 3.263681e+00
467 1.229527e-07 4.036126e-01 3.231662e+00
468 6.759490e-08 4.502366e-01 3.295777e+00
469 9.339991e-08 3.817597e-01 3.223947e+00
470 9.115637e-08 2.402079e-02 3.319778e+00
471 1.182520e-07 2.972439e-01 3.199727e+00
472 8.577003e-08 2.746846e-01 3.327179e+00
473 1.125126e-07 3.117940e-01 3.535772e+00
474 8.036447e-08 2.857292e-01 4.127574e+00
475 1.034947e-07 2.878164e-01 3.410199e+00
476 6.977008e-08 3.258583e-01 3.183546e+00
477 9.054176e-08 2.977162e-01 3.223841e+00
478 6.365860e-08 2.969145e-01 3.231316e+00
479 9.053141e-08 4.221395e-01 3.279704e+00
480 7.139335e-08 2.113968e-01 3.263857e+00
481 1.139850e-07 5.965779e-01 3.312643e+00
482 5.229551e-08 5.412073e-01 3.246697e+00
483 8.467836e-08 6.192282e-01 3.255038e+00
484 7.012098e-08 1.719138e-01 3.296104e+00
485 6.230932e-08 1.114025e-01 3.495018e+00
486 8.501511e-08 3.644043e-01 4.199294e+00
487 6.740813e-08 2.071041e-01 3.442632e+00
488 5.577076e-08 1.726405e-01 3.159628e+00
489 7.361327e-08 3.199258e-01 3.271921e+00
490 8.044422e-08 9.279518e-02 3.255117e+00
491 5.516851e-08 3.142018e-01 3.247943e+00
492 6.746582e-08 2.229046e-01 3.270250e+00
493 7.200249e-08 6.724397e-02 3.208670e+00
494 5.746678e-08 2.018779e-01 3.287170e+00
495 7.813680e-08 3.596865e-01 3.318952e+00
496 6.159721e-08 2.116748e-01 3.263309e+00
497 8.024929e-08 3.028072e-01 3.317225e+00
498 5.340387e-08 3.345254e-01 3.359136e+00
499 6.378089e-08 1.943123e-01 3.500743e+00
500 4.779414e-08 2.506511e-01 3.223572e+00
501 7.463053e-08 5.614996e-01 3.159776e+00
502 5.548734e-08 2.565061e-01 3.303905e+00
503 7.251237e-08 3.068272e-01 3.271230e+00
504 3.575351e-08 5.069322e-01 3.304355e+00
505 4.236677e-08 1.849679e-01 3.247867e+00
506 4.643137e-08 9.593849e-02 3.296018e+00
507 5.500089e-08 1.845632e-01 3.270286e+00
508 4.483781e-08 1.847802e-01 3.311503e+00
509 6.954129e-08 5.509518e-01 3.287958e+00
510 4.866481e-08 3.002027e-01 3.328103e+00
511 4.704498e-08 3.328545e-02 3.287385e+00
512 3.887082e-08 1.737521e-01 3.310752e+00
513 4.055222e-08 4.325615e-02 3.376665e+00
514 5.983396e-08 4.754794e-01 3.254536e+00
515 3.630757e-08 3.931947e-01 3.255244e+00
516 4.174211e-08 1.496807e-01 3.255728e+00
517 3.129653e-08 2.502408e-01 3.327284e+00
518 3.085363e-08 1.415195e-02 3.271916e+00
519 3.263827e-08 5.784224e-02 3.317960e+00
520 5.323710e-08 6.311251e-01 3.375764e+00
521 3.079692e-08 4.215140e-01 3.463867e+00
522 5.499083e-08 7.855954e-01 3.750512e+00
523 3.790649e-08 3.106761e-01 3.319290e+00
524 6.199660e-08 6.355141e-01 3.295845e+00
525 3.943185e-08 3.639675e-01 3.366433e+00
526 4.940175e-08 2.528386e-01 3.279226e+00
527 3.976323e-08 1.951048e-01 3.223417e+00
528 4.794270e-08 2.057044e-01 3.216067e+00
529 3.769974e-08 2.136501e-01 3.247549e+00
530 5.713420e-08 5.155064e-01 3.319535e+00
531 4.110392e-08 2.805723e-01 3.151997e+00
532 5.205927e-08 2.665279e-01 3.184157e+00
533 3.584101e-08 3.115346e-01 3.215864e+00
534 4.203532e-08 1.728276e-01 3.437930e+00
535 4.361561e-08 3.759424e-02 3.255804e+00
536 5.072489e-08 1.629987e-01 3.224037e+00
537 4.026071e-08 2.062928e-01 3.296710e+00
538 4.383812e-08 8.885616e-02 3.318831e+00
539 3.605795e-08 1.774750e-01 3.191697e+00
540 4.444346e-08 2.325564e-01 3.224624e+00
541 2.942624e-08 3.378949e-01 3.423210e+00
542 4.197339e-08 4.263935e-01 3.135692e+00
543 3.233609e-08 2.296050e-01 3.263743e+00
544 3.606158e-08 1.152114e-01 3.215572e+00
545 3.447523e-08 4.399008e-02 3.416076e+00
546 3.708395e-08 7.566929e-02 3.424144e+00
547 1.951133e-08 4.738605e-01 3.564140e+00
548 3.307823e-08 6.953343e-01 3.230544e+00
549 2.932568e-08 1.134445e-01 3.143908e+00
550 3.314121e-08 1.301087e-01 3.254949e+00
551 1.732629e-08 4.771979e-01 3.447846e+00
552 3.158553e-08 8.229822e-01 3.335191e+00
553 2.433997e-08 2.293947e-01 3.087040e+00
554 2.793920e-08 1.478731e-01 3.119229e+00
555 3.222955e-08 1.535603e-01 3.239956e+00
556 1.727633e-08 4.639600e-01 3.312179e+00
557 3.360327e-08 9.450466e-01 3.447921e+00
558 1.668632e-08 5.034316e-01 3.327035e+00
559 3.364306e-08 1.016206e+00 3.392505e+00
560 2.542592e-08 2.442446e-01 3.335162e+00
561 2.569326e-08 1.051427e-02 3.354692e+00
562 2.392446e-08 6.884292e-02 3.415833e+00
563 3.477352e-08 4.534713e-01 3.351591e+00
564 2.206501e-08 3.654651e-01 3.168249e+00
565 2.624018e-08 1.892211e-01 3.239401e+00
566 1.573148e-08 4.004810e-01 3.160274e+00
567 2.094530e-08 3.314257e-01 3.352265e+00
568 2.880376e-08 3.751896e-01 3.271478e+00
569 1.575402e-08 4.530569e-01 3.232107e+00
570 1.733552e-08 1.003873e-01 3.175237e+00
571 2.340284e-08 3.499935e-01 3.368293e+00
572 2.015127e-08 1.389390e-01 3.222248e+00
573 1.125191e-08 4.416277e-01 3.134914e+00
574 2.565810e-08 1.280333e+00 3.255738e+00
575 1.501214e-08 4.149162e-01 3.343623e+00
576 2.397406e-08 5.969780e-01 3.167510e+00
577 1.789479e-08 2.535769e-01 3.086952e+00
578 2.245227e-08 2.546818e-01 3.192013e+00
579 1.551254e-08 3.090880e-01 3.463335e+00
580 1.857937e-08 1.976999e-01 3.592884e+00
581 1.544408e-08 1.687509e-01 3.200063e+00
582 2.234454e-08 4.468026e-01 3.375253e+00
583 1.449545e-08 3.512757e-01 3.183582e+00
584 1.363262e-08 5.952413e-02 3.175842e+00
585 1.238899e-08 9.122419e-02 3.191699e+00
586 1.848991e-08 4.924468e-01 3.360556e+00
587 1.148264e-08 3.789781e-01 3.079678e+00
588 1.289406e-08 1.229174e-01 3.063032e+00
589 1.118042e-08 1.329015e-01 3.047715e+00
590 1.614555e-08 4.440918e-01 3.175866e+00
591 1.190793e-08 2.624637e-01 3.184286e+00
592 1.223944e-08 2.783972e-02 3.319643e+00
593 1.211124e-08 1.047434e-02 3.749607e+00
594 1.650998e-08 3.631950e-01 3.519354e+00
595 1.126988e-08 3.173899e-01 3.127729e+00
596 1.340547e-08 1.894954e-01 3.320018e+00
597 1.304537e-08 2.686242e-02 3.311971e+00
598 1.742213e-08 3.355030e-01 3.239803e+00
599 9.748705e-09 4.404412e-01 3.063585e+00
600 1.081719e-08 1.096026e-01 3.184023e+00
601 1.394255e-08 2.889258e-01 3.479017e+00
602 1.289050e-08 7.545603e-02 3.400127e+00
603 1.232062e-08 4.420992e-02 3.279321e+00
604 9.489962e-09 2.297494e-01 3.352246e+00
605 1.215252e-08 2.805653e-01 3.535590e+00
606 7.538050e-09 3.797128e-01 3.279642e+00
607 8.282377e-09 9.874272e-02 3.231326e+00
608 8.778661e-09 5.992049e-02 3.263719e+00
609 9.152505e-09 4.258547e-02 3.207530e+00
610 1.056659e-08 1.545026e-01 3.288402e+00
611 1.255491e-08 1.881700e-01 3.334513e+00
612 8.246919e-09 3.431318e-01 3.296177e+00
613 1.052816e-08 2.766175e-01 3.303172e+00
614 6.255047e-09 4.058747e-01 3.151794e+00
615 5.706131e-09 8.775570e-02 3.255612e+00
616 8.122712e-09 4.235060e-01 3.302437e+00
617 1.039697e-08 2.799873e-01 3.208569e+00
618 5.979692e-09 4.248619e-01 3.430928e+00
619 6.557868e-09 9.668982e-02 3.230446e+00
620 7.011349e-09 6.915078e-02 3.120082e+00
621 8.228622e-09 1.736147e-01 3.133174e+00
622 8.117694e-09 1.348080e-02 3.127878e+00
623 9.907361e-09 2.204649e-01 3.096300e+00
624 6.563027e-09 3.375605e-01 3.110825e+00
625 6.582466e-09 2.961981e-03 3.128338e+00
626 6.653481e-09 1.078840e-02 3.095425e+00
627 7.581873e-09 1.395348e-01 3.079125e+00
628 8.686012e-09 1.456288e-01 3.221948e+00
629 7.903349e-09 9.010606e-02 3.488001e+00
630 8.439668e-09 6.785965e-02 3.446914e+00
631 9.250180e-09 9.603603e-02 3.472553e+00
632 8.005011e-09 1.346102e-01 3.392444e+00
633 5.392518e-09 3.263572e-01 3.158938e+00
634 7.755095e-09 4.381212e-01 3.144428e+00
635 9.569558e-09 2.339706e-01 3.168025e+00
636 7.172639e-09 2.504733e-01 3.111290e+00
637 6.538815e-09 8.836695e-02 3.159927e+00
638 9.927963e-09 5.183123e-01 3.127699e+00
639 6.058601e-09 3.897438e-01 3.167654e+00
640 8.005283e-09 3.213087e-01 3.086954e+00
641 4.817912e-09 3.981584e-01 3.118788e+00
642 4.473853e-09 7.141254e-02 3.287836e+00
643 5.644833e-09 2.617386e-01 3.255761e+00
644 6.521717e-09 1.553427e-01 3.111883e+00
645 4.221889e-09 3.526414e-01 3.216488e+00
646 6.456386e-09 5.292646e-01 3.190930e+00
647 5.885577e-09 8.841008e-02 3.008052e+00
648 6.700749e-09 1.385033e-01 3.023880e+00
649 4.522639e-09 3.250547e-01 3.119262e+00
650 6.026898e-09 3.326066e-01 3.016308e+00
651 6.580284e-09 9.181937e-02 3.359881e+00
652 7.930501e-09 2.051912e-01 3.415506e+00
653 5.550292e-09 3.001335e-01 3.527040e+00
654 6.409588e-09 1.548200e-01 3.230846e+00
655 6.350253e-09 9.257205e-03 3.183983e+00
656 6.723392e-09 5.875963e-02 3.247957e+00
657 5.815591e-09 1.350213e-01 3.231811e+00
658 5.785118e-09 5.239930e-03 3.120065e+00
659 3.638192e-09 3.711118e-01 3.159550e+00
660 6.279722e-09 7.260557e-01 3.087448e+00
661 4.940070e-09 2.133298e-01 3.143658e+00
662 6.638562e-09 3.438194e-01 3.175633e+00
663 5.812873e-09 1.243777e-01 3.223656e+00
664 5.764650e-09 8.295971e-03 3.463478e+00
665 3.847657e-09 3.325427e-01 3.280390e+00
666 4.800172e-09 2.475571e-01 3.230951e+00
667 4.448707e-09 7.321920e-02 3.088405e+00
668 4.824062e-09 8.437397e-02 3.238921e+00
669 5.680219e-09 1.774763e-01 3.151624e+00
670 4.969038e-09 1.252032e-01 3.136648e+00
671 5.243492e-09 5.523285e-02 3.080373e+00
672 5.360361e-09 2.228845e-02 3.103030e+00
673 2.992268e-09 4.417787e-01 3.245658e+00
674 3.601907e-09 2.037381e-01 3.295852e+00
675 4.129975e-09 1.466078e-01 3.231617e+00
676 3.208249e-09 2.231794e-01 3.183929e+00
677 2.925659e-09 8.808233e-02 3.463726e+00
678 3.974326e-09 3.584378e-01 3.295362e+00
679 3.401168e-09 1.442152e-01 3.223841e+00
680 4.637065e-09 3.633742e-01 3.191919e+00
681 3.792038e-09 1.822332e-01 3.120197e+00
682 3.297936e-09 1.302998e-01 3.031277e+00
683 5.287608e-09 6.033082e-01 2.894200e+00
684 3.697448e-09 3.007333e-01 2.935693e+00
685 5.164766e-09 3.968461e-01 2.967810e+00
686 3.044336e-09 4.105568e-01 3.088378e+00
687 5.299323e-09 7.407153e-01 3.111768e+00
688 4.110869e-09 2.242651e-01 3.111047e+00
689 4.209673e-09 2.403484e-02 3.143792e+00
690 4.002981e-09 4.909948e-02 3.263872e+00
691 4.099580e-09 2.413189e-02 3.254835e+00
692 4.614641e-09 1.256374e-01 3.672640e+00
693 3.742178e-09 1.890640e-01 3.096263e+00
694 3.199121e-09 1.451180e-01 3.071285e+00
695 3.606169e-09 1.272376e-01 3.167849e+00
696 4.260210e-09 1.813673e-01 3.120007e+00
697 3.139677e-09 2.630231e-01 3.247406e+00
698 2.272251e-09 2.762787e-01 3.119819e+00
699 3.228308e-09 4.207533e-01 3.111703e+00
700 3.478752e-09 7.757749e-02 2.944503e+00
701 2.540588e-09 2.696840e-01 3.127133e+00
702 3.055623e-09 2.027226e-01 3.096200e+00
703 2.803930e-09 8.237033e-02 3.175653e+00
704 3.498928e-09 2.478656e-01 3.103960e+00
705 2.927166e-09 1.634106e-01 3.064094e+00
706 3.991205e-09 3.635051e-01 3.063190e+00
707 2.789401e-09 3.011133e-01 2.991330e+00
708 4.267274e-09 5.298175e-01 2.952642e+00
709 2.192080e-09 4.863043e-01 2.942601e+00
710 3.429090e-09 5.643087e-01 2.999816e+00
711 2.680831e-09 2.182093e-01 3.143838e+00
712 2.439869e-09 8.988342e-02 2.895931e+00
713 3.259601e-09 3.359741e-01 3.008246e+00
714 3.202101e-09 1.764030e-02 3.294637e+00
715 3.843029e-09 2.001585e-01 3.628078e+00
716 2.213370e-09 4.240557e-01 3.047899e+00
717 2.484706e-09 1.225893e-01 3.007077e+00
718 2.465194e-09 7.852954e-03 2.984447e+00
719 3.059328e-09 2.410094e-01 3.135690e+00
720 2.237638e-09 2.685852e-01 2.943679e+00
721 3.336436e-09 4.910527e-01 2.816033e+00
722 2.098302e-09 3.710949e-01 3.127022e+00
723 2.749991e-09 3.105792e-01 3.031916e+00
724 2.049821e-09 2.546080e-01 3.191944e+00
725 3.171764e-09 5.473368e-01 3.079347e+00
726 2.154885e-09 3.206036e-01 2.912171e+00
727 2.620057e-09 2.158689e-01 3.207006e+00
728 2.122241e-09 1.900018e-01 3.296211e+00
729 3.341342e-09 5.744402e-01 3.111815e+00
730 2.127651e-09 3.632348e-01 2.983034e+00
731 2.289243e-09 7.594860e-02 3.151790e+00
732 1.880199e-09 1.786809e-01 3.183164e+00
733 3.124976e-09 6.620454e-01 3.079663e+00
734 1.714623e-09 4.513163e-01 3.135439e+00
735 2.507470e-09 4.624030e-01 2.983562e+00
736 1.689312e-09 3.262881e-01 3.150118e+00
737 2.565773e-09 5.188270e-01 3.160235e+00
738 2.120865e-09 1.734011e-01 3.095810e+00
739 2.584504e-09 2.186085e-01 3.055217e+00
740 1.995763e-09 2.277966e-01 3.167932e+00
741 2.439469e-09 2.223238e-01 3.111915e+00
742 1.953531e-09 1.991984e-01 3.207398e+00
743 2.326825e-09 1.910868e-01 3.000472e+00
744 2.102001e-09 9.662260e-02 3.039222e+00
745 2.389200e-09 1.366314e-01 2.950338e+00
746 2.081034e-09 1.289828e-01 2.919892e+00
747 2.198312e-09 5.635529e-02 2.944150e+00
748 1.964325e-09 1.064392e-01 2.967067e+00
749 2.233437e-09 1.369997e-01 3.040315e+00
750 1.897311e-09 1.504973e-01 2.935037e+00
751 2.429665e-09 2.805835e-01 2.959523e+00
752 1.808107e-09 2.558203e-01 3.120119e+00
753 1.938960e-09 7.237009e-02 3.152327e+00
754 1.729559e-09 1.079968e-01 3.168098e+00
755 2.219193e-09 2.830979e-01 3.205489e+00
756 1.705042e-09 2.316839e-01 3.039913e+00
757 2.051014e-09 2.029112e-01 2.903689e+00
758 1.547570e-09 2.454607e-01 2.919663e+00
759 1.841787e-09 1.901152e-01 3.055667e+00
760 1.673707e-09 9.125913e-02 3.223634e+00
761 1.991684e-09 1.899836e-01 3.184094e+00
762 1.687883e-09 1.525348e-01 2.975670e+00
763 2.022027e-09 1.979662e-01 3.110021e+00
764 1.629016e-09 1.943647e-01 3.143522e+00
765 2.553579e-09 5.675594e-01 2.984592e+00
766 1.611700e-09 3.688469e-01 3.007140e+00
767 2.563672e-09 5.906635e-01 3.055902e+00
768 1.651482e-09 3.558138e-01 3.191861e+00
769 2.394294e-09 4.497854e-01 3.871078e+00
770 1.750861e-09 2.687359e-01 3.457029e+00
771 2.237606e-09 2.780029e-01 2.911302e+00
772 1.467005e-09 3.443862e-01 3.160399e+00
773 2.129430e-09 4.515488e-01 3.055269e+00
774 1.451118e-09 3.185414e-01 3.071632e+00
775 1.948373e-09 3.426699e-01 2.936325e+00
776 1.313882e-09 3.256518e-01 3.135089e+00
777 1.806204e-09 3.747080e-01 3.120249e+00
778 1.246672e-09 3.097836e-01 3.159719e+00
779 1.611664e-09 2.927736e-01 3.047400e+00
780 1.147783e-09 2.878272e-01 3.095577e+00
781 1.517968e-09 3.225211e-01 2.959674e+00
782 1.180217e-09 2.225015e-01 3.072172e+00
783 1.200361e-09 1.706785e-02 3.151267e+00
784 9.537329e-10 2.054618e-01 3.103747e+00
785 1.326961e-09 3.913342e-01 3.560123e+00
786 1.037553e-09 2.180983e-01 3.319781e+00
787 1.233050e-09 1.884209e-01 3.415708e+00
788 7.225163e-10 4.140414e-01 3.184109e+00
789 1.164755e-09 6.120810e-01 3.174707e+00
790 7.165449e-10 3.848105e-01 3.160178e+00
791 1.118208e-09 5.605557e-01 3.076875e+00
792 6.211341e-10 4.445273e-01 3.119186e+00
793 9.993864e-10 6.089702e-01 3.031525e+00
794 7.453556e-10 2.541868e-01 3.055506e+00
795 7.760337e-10 4.115905e-02 2.943619e+00
796 7.717298e-10 5.546010e-03 2.951304e+00
797 6.815561e-10 1.168461e-01 2.974466e+00
798 6.804229e-10 1.662672e-03 3.360168e+00
799 6.215167e-10 8.657294e-02 3.864032e+00
800 7.129618e-10 1.471321e-01 3.142152e+00
801 5.553197e-10 2.211088e-01 2.967230e+00
802 7.950924e-10 4.317743e-01 3.110986e+00
803 6.226061e-10 2.169387e-01 3.095823e+00
804 6.733731e-10 8.153961e-02 3.103707e+00
805 6.127637e-10 9.000865e-02 3.024040e+00
806 5.944863e-10 2.982778e-02 3.087678e+00
807 6.047134e-10 1.720316e-02 3.039251e+00
808 5.917757e-10 2.139468e-02 3.167882e+00
809 8.084152e-10 3.660838e-01 3.111568e+00
810 5.538620e-10 3.148794e-01 3.144298e+00
811 6.494062e-10 1.725055e-01 3.263869e+00
812 5.231784e-10 1.943742e-01 3.327182e+00
813 7.527602e-10 4.388213e-01 3.270976e+00
814 4.603310e-10 3.884759e-01 3.048358e+00
815 5.884975e-10 2.784224e-01 3.111943e+00
816 4.412590e-10 2.501938e-01 3.151917e+00
817 6.400661e-10 4.505451e-01 3.071745e+00
818 4.379257e-10 3.158118e-01 3.007208e+00
819 6.520242e-10 4.888923e-01 2.887788e+00
820 4.213880e-10 3.537233e-01 2.943463e+00
821 5.381229e-10 2.770246e-01 2.808474e+00
822 3.930248e-10 2.696374e-01 2.895607e+00
823 5.978473e-10 5.211439e-01 2.943528e+00
824 4.271263e-10 2.855595e-01 2.967614e+00
825 5.192355e-10 2.156486e-01 3.143533e+00
826 3.940420e-10 2.411112e-01 2.967755e+00
827 4.930073e-10 2.511541e-01 3.062245e+00
828 4.107749e-10 1.667976e-01 2.871652e+00
829 5.206864e-10 2.675712e-01 2.927229e+00
830 4.178092e-10 1.975799e-01 3.007686e+00
831 5.207069e-10 2.462791e-01 2.976270e+00
832 3.972860e-10 2.370257e-01 2.903665e+00
833 4.961402e-10 2.488239e-01 3.039512e+00
834 3.380102e-10 3.187205e-01 3.015607e+00
835 4.347449e-10 2.861888e-01 2.992220e+00
836 3.757493e-10 1.357016e-01 3.071158e+00
837 4.289968e-10 1.417102e-01 3.032933e+00
838 3.476816e-10 1.895475e-01 3.222645e+00
839 3.629254e-10 4.384416e-02 3.759489e+00
840 2.911933e-10 1.976496e-01 3.342398e+00
841 3.210291e-10 1.024605e-01 3.094625e+00
842 3.037940e-10 5.368704e-02 2.999531e+00
843 3.198198e-10 5.275235e-02 3.127643e+00
844 2.314264e-10 2.763850e-01 3.112127e+00
845 3.296818e-10 4.245643e-01 2.895753e+00
846 3.772368e-10 1.442450e-01 2.840270e+00
847 2.141428e-10 4.323385e-01 2.791555e+00
848 2.641012e-10 2.332946e-01 3.191400e+00
849 2.995697e-10 1.342990e-01 3.111871e+00
850 2.923167e-10 2.421131e-02 3.095725e+00
851 2.191318e-10 2.503617e-01 3.144264e+00
852 2.977335e-10 3.586959e-01 3.263097e+00
853 2.592702e-10 1.291872e-01 3.270104e+00
854 2.546496e-10 1.782128e-02 3.077457e+00
855 2.455878e-10 3.558561e-02 2.974967e+00
856 2.669104e-10 8.682277e-02 3.000526e+00
857 2.424323e-10 9.170901e-02 2.831261e+00
858 3.349715e-10 3.817115e-01 2.919505e+00
859 3.418459e-10 2.052231e-02 2.928024e+00
860 3.096920e-10 9.405945e-02 2.943008e+00
861 1.958707e-10 3.675309e-01 3.000048e+00
862 3.086035e-10 5.755473e-01 3.063435e+00
863 2.208155e-10 2.844686e-01 2.895758e+00
864 2.860077e-10 2.952338e-01 2.901915e+00
865 2.347385e-10 1.792582e-01 3.047902e+00
866 2.836893e-10 2.085336e-01 2.840185e+00
867 2.176492e-10 2.327901e-01 3.073489e+00
868 2.687327e-10 2.347055e-01 3.023537e+00
869 2.299472e-10 1.443275e-01 3.023907e+00
870 2.415650e-10 5.052386e-02 3.063688e+00
871 2.054956e-10 1.493154e-01 2.903612e+00
872 2.656946e-10 2.929452e-01 2.943815e+00
873 1.893276e-10 2.874241e-01 2.839614e+00
874 2.328173e-10 2.297065e-01 2.823970e+00
875 1.657595e-10 2.880276e-01 2.944483e+00
876 2.228445e-10 3.443845e-01 2.791294e+00
877 1.833208e-10 1.773601e-01 2.839824e+00
878 2.122719e-10 1.579257e-01 2.920126e+00
879 2.133235e-10 4.954040e-03 2.879084e+00
880 2.544424e-10 1.927537e-01 2.999921e+00
881 1.877675e-10 2.620432e-01 3.036321e+00
882 2.688854e-10 4.320125e-01 2.850808e+00
883 2.033683e-10 2.436616e-01 2.808256e+00
884 2.022117e-10 5.687367e-03 2.775103e+00
885 1.747389e-10 1.358616e-01 2.831650e+00
886 3.100992e-10 7.746431e-01 2.942807e+00
887 2.287236e-10 2.624179e-01 3.040024e+00
888 1.753927e-10 2.331674e-01 3.127754e+00
889 1.500304e-10 1.446028e-01 2.999572e+00
890 1.558040e-10 3.848288e-02 3.056206e+00
891 1.420257e-10 8.843360e-02 2.927056e+00
892 1.659959e-10 1.687734e-01 2.967471e+00
893 1.688100e-10 1.695272e-02 3.278884e+00
894 1.387397e-10 1.781309e-01 3.231425e+00
895 1.641861e-10 1.834113e-01 3.220901e+00
896 1.195625e-10 2.717869e-01 3.055355e+00
897 1.399260e-10 1.703167e-01 2.920089e+00
898 1.350801e-10 3.463190e-02 2.815452e+00
899 1.566386e-10 1.595982e-01 2.807786e+00
900 1.133232e-10 2.765305e-01 2.871632e+00
901 1.591380e-10 4.042842e-01 2.879468e+00
902 1.131366e-10 2.890662e-01 2.871585e+00
903 1.170493e-10 3.458339e-02 2.984518e+00
904 1.119533e-10 4.353657e-02 2.903255e+00
905 1.399171e-10 2.497803e-01 2.808158e+00
906 1.313988e-10 6.088104e-02 2.879531e+00
907 1.277108e-10 2.806677e-02 2.896527e+00
908 1.188336e-10 6.951040e-02 2.936348e+00
909 1.240071e-10 4.353590e-02 2.935581e+00
910 8.164047e-11 3.416470e-01 3.088023e+00
