1 9.873838e-01 1.000000e+00 4.061182e+00
2 9.622900e-01 2.541445e-02 4.083903e+00
3 9.520719e-01 1.061846e-02 3.756787e+00
4 9.407702e-01 1.187062e-02 3.751176e+00
5 9.134112e-01 2.908155e-02 3.695864e+00
6 9.025040e-01 1.194114e-02 3.726297e+00
7 8.805168e-01 2.436245e-02 4.702384e+00
8 8.344524e-01 5.231519e-02 4.855132e+00
9 8.176929e-01 2.008438e-02 3.698630e+00
10 7.878660e-01 3.647698e-02 3.754380e+00
11 7.849695e-01 3.676346e-03 4.000009e+00
12 7.776528e-01 9.321053e-03 3.749609e+00
13 7.801269e-01 3.181612e-03 3.939773e+00
14 7.736061e-01 8.358669e-03 3.749821e+00
15 7.615451e-01 1.559066e-02 3.738240e+00
16 7.541885e-01 9.660118e-03 3.908354e+00
17 5.636995e-01 2.525747e-01 3.644705e+00
18 5.383803e-01 4.491625e-02 3.848344e+00
19 5.283009e-01 1.872173e-02 3.698476e+00
20 5.163809e-01 2.256279e-02 3.868385e+00
21 5.133644e-01 5.841627e-03 3.866151e+00
22 4.590375e-01 1.058252e-01 3.583816e+00
23 4.558789e-01 6.881094e-03 3.624245e+00
24 4.448449e-01 2.420377e-02 3.554973e+00
25 4.509826e-01 1.379754e-02 3.563745e+00
26 4.476443e-01 7.402489e-03 3.455411e+00
27 4.223668e-01 5.646763e-02 3.637778e+00
28 4.188319e-01 8.369321e-03 3.491113e+00
29 4.162761e-01 6.102148e-03 3.335261e+00
30 3.706149e-01 1.096897e-01 3.463671e+00
31 3.077701e-01 1.695692e-01 3.582349e+00
32 2.766027e-01 1.012684e-01 3.711442e+00
33 2.699591e-01 2.401844e-02 3.662401e+00
34 2.655574e-01 1.630513e-02 3.415037e+00
35 2.577164e-01 2.952643e-02 3.406753e+00
36 2.441795e-01 5.252647e-02 3.477839e+00
37 2.266659e-01 7.172429e-02 3.543777e+00
38 2.155245e-01 4.915358e-02 3.583519e+00
39 2.143987e-01 5.223541e-03 3.424430e+00
40 2.124114e-01 9.269149e-03 3.463561e+00
41 2.151116e-01 1.271211e-02 3.783180e+00
42 1.937812e-01 9.915959e-02 3.591646e+00
43 1.863752e-01 3.821841e-02 3.710263e+00
44 1.877101e-01 7.162717e-03 3.775394e+00
45 1.586886e-01 1.546084e-01 3.632187e+00
46 1.470127e-01 7.357760e-02 3.621858e+00
47 1.393905e-01 5.184663e-02 3.626550e+00
48 1.344873e-01 3.517639e-02 3.390221e+00
49 1.336662e-01 6.105144e-03 3.383359e+00
50 1.314192e-01 1.681046e-02 3.535642e+00
51 1.309725e-01 3.399236e-03 3.671139e+00
52 1.267965e-01 3.188491e-02 4.152172e+00
53 1.292772e-01 1.956495e-02 4.216127e+00
54 1.105841e-01 1.445968e-01 3.366232e+00
55 9.827092e-02 1.113472e-01 3.527488e+00
56 9.466861e-02 3.665688e-02 3.511805e+00
57 7.130116e-02 2.468343e-01 3.654990e+00
58 6.274796e-02 1.199587e-01 3.607334e+00
59 5.312777e-02 1.533148e-01 3.483056e+00
60 5.069471e-02 4.579649e-02 3.426546e+00
61 4.948698e-02 2.382347e-02 3.421850e+00
62 4.300300e-02 1.310239e-01 3.691577e+00
63 4.162740e-02 3.198860e-02 3.941270e+00
64 3.561125e-02 1.445237e-01 3.783294e+00
65 2.941657e-02 1.739530e-01 3.807331e+00
66 2.199841e-02 2.521764e-01 3.621044e+00
67 1.892813e-02 1.395681e-01 3.603421e+00
68 1.245697e-02 3.418805e-01 3.445784e+00
69 9.796572e-03 2.135671e-01 3.573123e+00
70 8.755763e-03 1.062422e-01 3.654978e+00
71 8.805048e-03 5.628887e-03 3.619616e+00
72 6.806933e-03 2.269284e-01 3.658166e+00
73 7.848430e-03 1.530053e-01 3.445344e+00
74 8.523739e-03 8.604386e-02 3.614904e+00
75 7.785894e-03 8.656356e-02 3.905432e+00
76 7.364016e-03 5.418491e-02 3.919516e+00
77 5.511750e-03 2.515293e-01 3.493321e+00
78 6.669578e-03 2.100653e-01 3.557012e+00
79 6.270397e-03 5.985090e-02 3.513708e+00
80 5.247668e-03 1.631045e-01 3.492499e+00
81 8.038250e-03 5.317757e-01 3.500062e+00
82 5.768274e-03 2.823968e-01 3.439529e+00
83 5.604535e-03 2.838611e-02 3.477365e+00
84 7.370723e-03 3.151356e-01 3.295010e+00
85 5.001820e-03 3.213937e-01 3.431078e+00
86 4.715360e-03 5.727111e-02 3.707032e+00
87 5.894057e-03 2.499698e-01 3.993942e+00
88 4.719383e-03 1.992980e-01 3.625655e+00
89 3.860644e-03 1.819601e-01 3.585803e+00
90 4.764370e-03 2.340869e-01 3.458733e+00
91 4.778969e-03 3.064215e-03 3.501548e+00
92 4.540363e-03 4.992840e-02 3.335239e+00
93 4.670255e-03 2.860839e-02 3.301202e+00
94 4.494987e-03 3.752853e-02 3.279714e+00
95 4.610910e-03 2.578923e-02 3.303081e+00
96 4.206836e-03 8.763426e-02 3.286752e+00
97 4.565215e-03 8.518965e-02 3.324937e+00
98 4.214818e-03 7.675375e-02 3.046535e+00
99 4.557588e-03 8.132512e-02 3.198326e+00
100 4.331611e-03 4.958269e-02 3.167677e+00
101 4.255225e-03 1.763438e-02 3.174120e+00
102 3.646563e-03 1.430387e-01 3.381867e+00
103 4.135349e-03 1.340401e-01 3.438818e+00
104 3.251166e-03 2.138110e-01 3.319199e+00
105 3.505612e-03 7.826308e-02 3.334822e+00
106 3.345474e-03 4.568047e-02 3.384114e+00
107 3.267971e-03 2.316657e-02 3.462626e+00
108 3.256039e-03 3.651278e-03 3.508460e+00
109 3.213295e-03 1.312752e-02 3.582230e+00
110 2.770821e-03 1.377012e-01 3.534268e+00
111 2.568676e-03 7.295481e-02 3.632672e+00
112 2.120399e-03 1.745168e-01 3.444268e+00
113 2.543714e-03 1.996394e-01 3.444457e+00
114 2.164976e-03 1.488917e-01 3.517104e+00
115 2.813300e-03 2.994601e-01 3.447241e+00
116 2.004023e-03 2.876610e-01 3.372659e+00
117 2.354733e-03 1.750027e-01 3.414357e+00
118 1.937904e-03 1.770177e-01 3.391244e+00
119 1.699510e-03 1.230164e-01 3.678882e+00
120 2.215151e-03 3.034058e-01 4.422654e+00
121 2.609984e-03 1.782421e-01 3.738880e+00
122 1.865878e-03 2.850997e-01 3.423982e+00
123 1.773267e-03 4.963407e-02 3.230508e+00
124 2.499466e-03 4.095262e-01 3.141646e+00
125 1.493168e-03 4.026051e-01 3.237788e+00
126 1.133834e-03 2.406522e-01 3.468443e+00
127 1.341005e-03 1.827166e-01 3.594489e+00
128 1.205684e-03 1.009099e-01 3.560444e+00
129 1.357784e-03 1.261525e-01 3.533195e+00
130 1.269096e-03 6.531796e-02 3.568534e+00
131 9.797646e-04 2.279825e-01 3.853719e+00
132 8.232975e-04 1.596987e-01 4.354968e+00
133 5.793437e-04 2.963130e-01 3.450460e+00
134 6.745286e-04 1.642978e-01 3.517150e+00
135 4.627784e-04 3.139232e-01 3.415795e+00
136 4.885047e-04 5.559092e-02 3.623299e+00
137 4.799932e-04 1.742367e-02 3.444849e+00
138 6.134722e-04 2.780853e-01 3.502974e+00
139 4.677952e-04 2.374632e-01 3.458952e+00
140 1.851870e-03 2.958720e+00 3.474162e+00
141 9.051878e-04 5.112034e-01 3.437210e+00
142 6.202535e-04 3.147793e-01 3.436070e+00
143 7.744564e-04 2.486127e-01 3.495083e+00
144 7.841235e-04 1.248249e-02 3.398623e+00
145 6.550686e-04 1.645849e-01 3.559906e+00
146 6.800603e-04 3.815124e-02 3.678188e+00
147 9.850187e-04 4.484285e-01 4.330501e+00
148 6.176432e-04 3.729630e-01 3.492240e+00
149 5.756254e-04 6.802924e-02 3.634575e+00
150 5.856789e-04 1.746549e-02 3.564452e+00
151 5.475482e-04 6.510525e-02 3.654609e+00
152 4.684267e-04 1.445014e-01 3.589326e+00
153 4.698091e-04 2.951151e-03 3.500251e+00
154 4.036641e-04 1.407913e-01 3.550231e+00
155 4.081716e-04 1.116647e-02 3.469632e+00
156 4.226602e-04 3.549645e-02 3.341056e+00
157 4.098699e-04 3.026157e-02 3.461122e+00
158 3.410314e-04 1.679520e-01 3.621491e+00
159 3.116464e-04 8.616517e-02 3.785330e+00
160 3.566329e-04 1.443513e-01 3.613062e+00
161 2.949444e-04 1.729749e-01 3.645988e+00
162 3.289875e-04 1.154222e-01 3.770610e+00
163 2.978300e-04 9.470727e-02 3.633237e+00
164 3.590173e-04 2.054438e-01 3.539341e+00
165 3.016187e-04 1.598770e-01 3.566314e+00
166 4.581420e-04 5.189441e-01 3.455862e+00
167 3.266971e-04 2.869085e-01 3.577569e+00
168 3.926912e-04 2.020039e-01 3.604470e+00
169 2.795891e-04 2.880180e-01 3.843431e+00
170 2.621932e-04 6.221934e-02 3.623380e+00
171 2.429522e-04 7.338505e-02 3.454245e+00
172 2.627923e-04 8.166279e-02 3.317383e+00
173 2.861020e-04 8.869990e-02 3.502680e+00
174 2.930861e-04 2.441137e-02 3.472226e+00
175 2.551486e-04 1.294415e-01 3.498817e+00
176 2.606200e-04 2.144412e-02 3.364829e+00
177 2.192256e-04 1.588306e-01 3.278589e+00
178 2.309726e-04 5.358429e-02 3.271220e+00
179 2.268267e-04 1.794986e-02 3.309911e+00
180 2.427446e-04 7.017633e-02 3.315866e+00
181 2.009457e-04 1.721928e-01 3.577605e+00
182 2.152308e-04 7.108930e-02 3.394731e+00
183 1.961866e-04 8.848277e-02 3.364130e+00
184 1.607921e-04 1.804124e-01 3.221421e+00
185 2.619871e-04 6.293533e-01 3.222950e+00
186 1.979034e-04 2.446065e-01 3.260758e+00
187 1.988969e-04 5.020319e-03 3.277539e+00
188 1.860259e-04 6.471205e-02 3.652369e+00
189 1.665392e-04 1.047528e-01 3.560762e+00
190 1.543096e-04 7.343340e-02 3.487603e+00
191 1.640338e-04 6.301701e-02 3.277181e+00
192 2.021421e-04 2.323202e-01 3.239229e+00
193 1.811465e-04 1.038656e-01 3.254850e+00
194 1.652776e-04 8.760267e-02 3.376480e+00
195 1.613012e-04 2.405891e-02 3.422810e+00
196 1.583589e-04 1.824062e-02 3.381055e+00
197 1.971110e-04 2.447104e-01 3.425977e+00
198 1.508742e-04 2.345723e-01 3.484563e+00
199 2.093445e-04 3.875433e-01 3.574355e+00
200 1.197487e-04 4.279828e-01 3.413963e+00
201 1.598150e-04 3.345872e-01 3.038358e+00
202 1.107324e-04 3.071213e-01 3.222826e+00
203 1.398837e-04 2.632587e-01 3.346118e+00
204 9.730233e-05 3.044056e-01 3.267284e+00
205 1.723655e-04 7.714426e-01 3.400025e+00
206 1.019126e-04 4.087415e-01 3.315499e+00
207 1.257520e-04 2.339199e-01 3.381772e+00
208 9.693298e-05 2.291732e-01 3.287600e+00
209 1.127029e-04 1.626888e-01 3.271368e+00
210 9.270097e-05 1.774748e-01 3.303703e+00
211 1.301112e-04 4.035581e-01 3.383265e+00
212 9.009047e-05 3.075887e-01 3.460829e+00
213 1.081296e-04 2.002333e-01 3.175349e+00
214 8.246010e-05 2.373955e-01 3.340245e+00
215 1.060916e-04 2.865805e-01 3.346252e+00
216 7.842919e-05 2.607405e-01 3.108917e+00
217 9.193283e-05 1.721762e-01 3.133820e+00
218 6.924855e-05 2.467484e-01 3.374620e+00
219 9.457831e-05 3.657803e-01 3.156957e+00
220 6.784725e-05 2.826341e-01 3.174135e+00
221 9.067724e-05 3.364910e-01 3.311590e+00
222 7.914496e-05 1.271794e-01 3.457338e+00
223 1.327080e-04 6.767713e-01 3.230856e+00
224 6.336130e-05 5.225510e-01 3.572919e+00
225 8.512516e-05 3.434881e-01 3.505819e+00
226 5.751428e-05 3.243562e-01 3.295384e+00
227 7.740176e-05 3.457834e-01 3.310374e+00
228 6.489216e-05 1.616191e-01 3.229150e+00
229 8.477538e-05 3.064040e-01 3.134568e+00
230 6.927187e-05 1.828775e-01 3.207832e+00
231 6.701382e-05 3.259695e-02 3.322131e+00
232 5.605608e-05 1.635145e-01 3.501697e+00
233 6.090401e-05 8.648356e-02 3.657950e+00
234 5.591161e-05 8.197172e-02 3.397264e+00
235 4.760831e-05 1.485075e-01 3.303462e+00
236 5.277771e-05 1.085818e-01 3.357872e+00
237 4.953423e-05 6.145550e-02 3.285454e+00
238 6.791812e-05 3.711350e-01 3.261589e+00
239 5.105250e-05 2.483228e-01 3.351515e+00
240 6.388868e-05 2.514309e-01 3.255312e+00
241 5.699011e-05 1.079779e-01 3.493232e+00
242 6.349989e-05 1.142265e-01 4.424129e+00
243 4.920660e-05 2.250915e-01 3.313183e+00
244 4.578366e-05 6.956272e-02 3.290985e+00
245 5.003444e-05 9.284510e-02 3.110386e+00
246 6.425886e-05 2.842924e-01 3.200382e+00
247 5.754403e-05 1.044965e-01 3.151278e+00
248 4.423529e-05 2.312793e-01 3.381030e+00
249 4.450467e-05 6.089815e-03 3.414241e+00
250 4.537804e-05 1.962413e-02 3.314814e+00
251 4.489863e-05 1.056465e-02 3.282526e+00
252 4.762586e-05 6.074181e-02 3.282878e+00
253 4.394916e-05 7.719961e-02 3.276919e+00
254 4.591873e-05 4.481477e-02 3.325076e+00
255 4.596527e-05 1.013573e-03 4.032451e+00
256 3.275822e-05 2.873267e-01 3.328381e+00
257 3.372617e-05 2.954834e-02 3.440149e+00
258 3.390900e-05 5.420898e-03 3.309696e+00
259 4.053688e-05 1.954607e-01 3.271475e+00
260 3.027595e-05 2.531257e-01 3.430464e+00
261 4.263416e-05 4.081855e-01 3.540121e+00
262 3.307990e-05 2.240988e-01 3.459406e+00
263 3.654569e-05 1.047703e-01 3.516416e+00
264 2.891955e-05 2.086740e-01 3.391002e+00
265 2.581375e-05 1.073945e-01 3.221152e+00
266 2.776118e-05 7.544152e-02 3.340372e+00
267 2.266385e-05 1.836136e-01 3.507495e+00
268 1.962819e-05 1.339428e-01 3.410999e+00
269 2.544600e-05 2.964006e-01 3.477168e+00
270 2.467098e-05 3.045729e-02 3.556139e+00
271 2.248994e-05 8.840488e-02 3.604018e+00
272 1.633364e-05 2.737357e-01 3.550786e+00
273 2.126288e-05 3.017842e-01 3.539314e+00
274 2.019673e-05 5.014119e-02 3.506856e+00
275 2.172909e-05 7.587133e-02 3.504326e+00
276 1.674367e-05 2.294350e-01 3.366737e+00
277 2.182021e-05 3.031915e-01 3.998259e+00
278 1.935443e-05 1.130046e-01 3.699763e+00
279 1.883801e-05 2.668218e-02 3.203120e+00
280 1.797705e-05 4.570351e-02 3.261509e+00
281 1.771103e-05 1.479755e-02 3.419216e+00
282 2.009350e-05 1.345190e-01 3.380644e+00
283 1.903467e-05 5.269526e-02 3.326115e+00
284 1.598831e-05 1.600426e-01 3.436217e+00
285 2.176396e-05 3.612421e-01 3.522337e+00
286 1.443996e-05 3.365196e-01 3.501696e+00
287 1.449808e-05 4.025006e-03 3.248253e+00
288 1.404731e-05 3.109193e-02 3.274800e+00
289 1.550740e-05 1.039411e-01 3.203591e+00
290 1.518409e-05 2.084884e-02 3.305952e+00
291 1.556688e-05 2.521011e-02 3.228432e+00
292 1.148493e-05 2.622203e-01 3.207442e+00
293 1.303568e-05 1.350252e-01 3.412671e+00
294 1.310663e-05 5.442624e-03 3.548801e+00
295 1.574198e-05 2.010700e-01 3.397767e+00
296 1.137032e-05 2.777073e-01 3.380701e+00
297 1.537508e-05 3.522117e-01 3.274481e+00
298 1.041662e-05 3.224999e-01 3.243796e+00
299 9.909004e-06 4.873101e-02 3.395049e+00
300 1.075675e-05 8.555323e-02 3.411163e+00
301 1.111725e-05 3.351354e-02 3.302147e+00
302 9.608557e-06 1.357072e-01 3.396547e+00
303 1.097937e-05 1.426654e-01 3.277727e+00
304 8.457883e-06 2.296565e-01 3.401617e+00
305 1.271887e-05 5.037889e-01 3.515822e+00
306 9.010250e-06 2.915841e-01 3.879423e+00
307 1.203334e-05 3.355163e-01 3.164795e+00
308 8.053590e-06 3.307267e-01 3.230498e+00
309 8.052521e-06 1.326683e-04 3.310586e+00
310 8.681236e-06 7.807667e-02 3.693075e+00
311 1.366823e-05 5.744572e-01 3.372166e+00
312 8.058521e-06 4.104197e-01 3.455955e+00
313 8.667898e-06 7.561902e-02 3.271417e+00
314 7.837867e-06 9.575926e-02 3.270777e+00
315 1.023832e-05 3.062641e-01 3.403097e+00
316 6.437622e-06 3.712230e-01 3.385428e+00
317 9.022566e-06 4.015371e-01 3.305414e+00
318 6.492473e-06 2.804183e-01 3.293147e+00
319 9.484187e-06 4.607973e-01 3.271872e+00
320 6.114812e-06 3.552625e-01 3.254568e+00
321 6.345825e-06 3.777930e-02 3.367107e+00
322 6.740756e-06 6.223486e-02 3.347125e+00
323 8.264074e-06 2.259861e-01 3.339391e+00
324 5.454133e-06 3.400188e-01 3.310658e+00
325 6.627998e-06 2.152248e-01 3.423238e+00
326 6.059448e-06 8.578007e-02 3.402701e+00
327 9.359438e-06 5.446023e-01 3.618597e+00
328 6.886729e-06 2.641942e-01 3.380182e+00
329 5.565335e-06 1.918754e-01 3.369065e+00
330 5.953493e-06 6.974568e-02 3.533429e+00
331 5.811224e-06 2.389675e-02 3.723473e+00
332 5.210540e-06 1.033663e-01 3.572407e+00
333 5.741764e-06 1.019519e-01 3.524301e+00
334 5.873149e-06 2.288232e-02 3.301984e+00
335 5.930103e-06 9.697476e-03 3.164978e+00
336 5.223813e-06 1.191025e-01 3.261160e+00
337 5.367708e-06 2.754589e-02 3.681745e+00
338 4.272366e-06 2.040612e-01 3.571462e+00
339 7.564139e-06 7.704799e-01 3.764690e+00
340 4.782356e-06 3.677593e-01 3.380948e+00
341 7.573088e-06 5.835474e-01 3.165767e+00
342 5.027629e-06 3.361190e-01 3.148880e+00
343 4.724507e-06 6.029136e-02 3.289876e+00
344 4.201402e-06 1.107215e-01 3.299137e+00
345 5.510735e-06 3.116420e-01 3.144046e+00
346 4.357912e-06 2.091959e-01 3.103185e+00
347 4.322728e-06 8.073606e-03 3.320140e+00
348 4.285427e-06 8.629074e-03 3.355826e+00
349 4.838999e-06 1.291755e-01 3.333081e+00
350 4.379430e-06 9.497190e-02 3.954451e+00
351 5.203682e-06 1.882098e-01 3.642190e+00
352 3.954644e-06 2.400297e-01 3.261418e+00
353 5.097597e-06 2.890156e-01 3.086837e+00
354 3.307171e-06 3.512295e-01 3.299792e+00
355 3.435832e-06 3.890370e-02 3.407672e+00
356 3.808451e-06 1.084509e-01 3.443788e+00
357 3.624693e-06 4.825011e-02 3.357145e+00
358 3.651126e-06 7.292625e-03 3.627023e+00
359 5.060690e-06 3.860626e-01 3.498695e+00
360 3.155690e-06 3.764309e-01 3.492037e+00
361 3.429264e-06 8.669248e-02 3.541224e+00
362 3.548690e-06 3.482559e-02 3.646385e+00
363 3.138423e-06 1.156108e-01 3.866272e+00
364 3.100351e-06 1.213121e-02 3.444842e+00
365 3.223448e-06 3.970446e-02 3.352792e+00
366 3.111806e-06 3.463438e-02 3.427036e+00
367 2.989366e-06 3.934704e-02 3.477663e+00
368 2.918106e-06 2.383793e-02 3.531137e+00
369 2.898024e-06 6.881589e-03 3.357439e+00
370 2.960291e-06 2.148591e-02 3.410229e+00
371 2.332298e-06 2.121390e-01 3.190799e+00
372 2.573575e-06 1.034503e-01 3.189682e+00
373 2.264934e-06 1.199268e-01 3.161974e+00
374 2.562902e-06 1.315570e-01 3.170625e+00
375 2.212912e-06 1.365599e-01 3.108866e+00
376 3.153028e-06 4.248320e-01 3.103287e+00
377 2.252653e-06 2.855588e-01 3.416238e+00
378 2.746251e-06 2.191185e-01 3.213972e+00
379 2.334969e-06 1.497615e-01 3.449186e+00
380 2.334041e-06 3.972867e-04 3.427383e+00
381 2.206053e-06 5.483555e-02 3.223689e+00
382 2.360189e-06 6.986992e-02 3.356507e+00
383 1.850061e-06 2.161389e-01 3.430612e+00
384 3.074404e-06 6.617854e-01 3.293549e+00
385 2.141222e-06 3.035326e-01 3.381283e+00
386 2.593954e-06 2.114360e-01 3.532072e+00
387 1.703994e-06 3.430899e-01 3.865649e+00
388 3.009957e-06 7.664126e-01 4.508343e+00
389 1.640620e-06 4.549356e-01 3.644946e+00
390 1.704460e-06 3.891193e-02 3.172377e+00
391 1.133474e-06 3.349954e-01 3.280897e+00
392 1.789444e-06 5.787251e-01 3.242702e+00
393 2.223123e-06 2.423542e-01 3.100718e+00
394 1.705159e-06 2.329896e-01 3.336495e+00
395 1.248375e-06 2.678836e-01 3.325778e+00
396 1.934293e-06 5.494492e-01 3.504472e+00
397 1.323216e-06 3.159172e-01 3.442126e+00
398 1.704113e-06 2.878565e-01 3.409216e+00
399 1.172190e-06 3.121408e-01 3.284735e+00
400 1.280215e-06 9.215639e-02 3.852607e+00
401 1.269956e-06 8.013107e-03 4.092457e+00
402 1.619927e-06 2.755771e-01 3.696735e+00
403 1.188678e-06 2.662150e-01 3.418680e+00
404 1.513658e-06 2.733960e-01 3.210497e+00
405 1.121278e-06 2.592266e-01 3.212149e+00
406 1.562347e-06 3.933630e-01 3.305570e+00
407 1.201524e-06 2.309495e-01 3.356005e+00
408 1.636560e-06 3.620711e-01 3.383062e+00
409 1.229230e-06 2.488943e-01 3.511046e+00
410 1.406082e-06 1.438724e-01 3.526518e+00
411 1.056244e-06 2.488034e-01 3.404200e+00
412 1.166011e-06 1.039218e-01 3.454643e+00
413 9.525039e-07 1.831088e-01 3.522594e+00
414 1.156323e-06 2.139822e-01 3.458191e+00
415 1.159891e-06 3.086099e-03 3.403915e+00
416 1.464577e-06 2.626844e-01 3.430401e+00
417 9.114691e-07 3.776570e-01 3.355617e+00
418 1.477668e-06 6.211933e-01 3.205424e+00
419 9.643050e-07 3.474141e-01 3.293699e+00
420 1.346639e-06 3.964865e-01 3.298764e+00
421 9.001804e-07 3.315354e-01 3.441431e+00
422 1.241356e-06 3.790084e-01 3.252201e+00
423 9.361485e-07 2.458664e-01 3.233654e+00
424 1.234836e-06 3.190595e-01 3.473455e+00
425 9.414898e-07 2.375586e-01 3.277987e+00
426 1.205012e-06 2.798991e-01 3.397827e+00
427 7.436841e-07 3.828409e-01 3.659573e+00
428 8.464439e-07 1.381766e-01 4.010520e+00
429 7.567018e-07 1.060225e-01 3.536940e+00
430 8.864769e-07 1.715009e-01 3.281759e+00
431 6.433126e-07 2.743041e-01 3.205127e+00
432 9.350746e-07 4.535307e-01 3.285709e+00
433 6.203670e-07 3.365589e-01 3.285797e+00
434 6.976050e-07 1.245037e-01 3.194855e+00
435 6.880706e-07 1.366733e-02 3.286103e+00
436 1.065308e-06 5.482547e-01 3.279344e+00
437 6.247296e-07 4.135692e-01 3.222145e+00
438 5.496763e-07 1.201374e-01 3.292873e+00
439 5.596953e-07 1.822715e-02 3.374159e+00
440 8.296866e-07 4.823898e-01 3.371856e+00
441 5.923768e-07 2.860234e-01 3.404911e+00
442 4.543184e-07 2.330585e-01 3.595415e+00
443 8.207239e-07 8.064950e-01 3.597254e+00
444 7.019622e-07 1.447036e-01 3.373395e+00
445 7.841861e-07 1.171344e-01 3.574106e+00
446 4.897215e-07 3.755035e-01 3.693831e+00
447 9.317818e-07 9.026770e-01 3.753140e+00
448 7.076488e-07 2.405424e-01 3.307704e+00
449 9.332313e-07 3.187775e-01 3.262399e+00
450 5.157291e-07 4.473727e-01 3.396581e+00
451 5.267958e-07 2.145832e-02 3.292644e+00
452 4.342976e-07 1.755864e-01 3.377828e+00
453 8.351651e-07 9.230248e-01 3.333946e+00
454 5.978660e-07 2.841344e-01 3.386055e+00
455 5.874793e-07 1.737289e-02 3.325546e+00
456 5.637551e-07 4.038315e-02 3.171680e+00
457 6.596891e-07 1.701697e-01 3.310156e+00
458 4.723322e-07 2.840079e-01 3.198327e+00
459 4.774732e-07 1.088435e-02 3.299819e+00
460 4.084849e-07 1.444862e-01 3.262884e+00
461 5.194812e-07 2.717266e-01 3.423387e+00
462 5.147445e-07 9.117982e-03 3.516696e+00
463 4.109270e-07 2.016876e-01 3.523351e+00
464 3.777386e-07 8.076459e-02 3.359415e+00
465 4.117701e-07 9.009262e-02 3.245872e+00
466 4.976025e-07 2.084475e-01 3.297918e+00
467 3.886070e-07 2.190413e-01 3.212170e+00
468 4.416071e-07 1.363848e-01 3.308310e+00
469 3.873534e-07 1.228551e-01 3.502190e+00
470 5.837443e-07 5.070070e-01 3.292402e+00
471 4.507962e-07 2.277507e-01 3.445441e+00
472 3.959408e-07 1.216855e-01 3.423369e+00
473 4.434907e-07 1.200935e-01 3.569338e+00
474 3.014264e-07 3.203322e-01 3.725881e+00
475 2.995382e-07 6.264248e-03 3.466553e+00
476 4.858870e-07 6.221206e-01 3.324560e+00
477 3.324128e-07 3.158641e-01 3.158460e+00
478 3.400454e-07 2.296149e-02 3.321921e+00
479 2.710506e-07 2.028988e-01 3.066607e+00
480 4.402350e-07 6.241800e-01 3.178096e+00
481 2.211451e-07 4.976658e-01 3.109990e+00
482 2.984076e-07 3.493746e-01 3.293403e+00
483 3.010086e-07 8.716442e-03 3.220110e+00
484 3.544871e-07 1.776644e-01 3.038789e+00
485 2.849079e-07 1.962813e-01 3.070631e+00
486 3.566953e-07 2.519668e-01 3.419797e+00
487 2.308597e-07 3.527818e-01 4.002330e+00
488 2.351147e-07 1.843109e-02 3.420102e+00
489 2.506024e-07 6.587320e-02 3.346620e+00
490 2.975839e-07 1.874739e-01 3.284571e+00
491 2.319820e-07 2.204482e-01 3.396141e+00
492 3.301340e-07 4.231015e-01 3.273539e+00
493 1.746324e-07 4.710256e-01 3.411911e+00
494 2.864300e-07 6.401877e-01 3.150546e+00
495 2.094990e-07 2.685856e-01 3.443781e+00
496 2.056757e-07 1.824976e-02 3.229681e+00
497 1.913395e-07 6.970309e-02 3.362263e+00
498 3.361666e-07 7.569121e-01 4.040734e+00
499 1.965429e-07 4.153407e-01 3.860391e+00
500 2.195019e-07 1.168141e-01 3.338877e+00
501 2.643446e-07 2.042928e-01 3.235544e+00
502 2.983236e-07 1.285407e-01 3.213967e+00
503 2.131463e-07 2.855197e-01 3.299702e+00
504 2.271685e-07 6.578674e-02 3.295567e+00
505 2.847549e-07 2.534963e-01 3.285016e+00
506 2.035266e-07 2.852568e-01 3.402235e+00
507 1.677566e-07 1.757512e-01 3.254378e+00
508 2.260667e-07 3.475877e-01 3.407474e+00
509 1.963299e-07 1.315398e-01 3.445180e+00
510 1.658063e-07 1.554711e-01 3.440624e+00
511 1.804202e-07 8.813827e-02 3.380246e+00
512 1.503082e-07 1.668989e-01 3.346899e+00
513 2.551167e-07 6.972900e-01 3.413912e+00
514 2.043425e-07 1.990232e-01 3.254298e+00
515 1.514469e-07 2.588579e-01 3.720634e+00
516 1.735766e-07 1.461225e-01 3.258839e+00
517 1.536493e-07 1.148041e-01 3.164528e+00
518 1.601713e-07 4.244699e-02 3.140391e+00
519 1.488960e-07 7.039509e-02 3.293940e+00
520 1.470608e-07 1.232524e-02 3.344345e+00
521 1.671490e-07 1.365975e-01 3.228040e+00
522 1.682622e-07 6.659908e-03 4.069138e+00
523 1.704604e-07 1.306420e-02 4.122587e+00
524 1.540963e-07 9.599942e-02 3.324507e+00
525 1.689937e-07 9.667631e-02 3.605178e+00
526 2.309298e-07 3.664992e-01 3.268154e+00
527 1.064839e-07 5.388908e-01 3.333233e+00
528 1.593145e-07 4.961377e-01 3.553978e+00
529 1.463786e-07 8.119761e-02 3.372068e+00
530 1.584711e-07 8.261159e-02 3.554962e+00
531 1.112095e-07 2.982347e-01 3.574554e+00
532 1.758552e-07 5.812958e-01 3.374260e+00
533 1.710514e-07 2.731645e-02 3.308387e+00
534 2.417602e-07 4.133774e-01 3.423631e+00
535 1.271753e-07 4.739611e-01 3.509998e+00
536 2.022575e-07 5.903836e-01 3.431561e+00
537 1.461398e-07 2.774564e-01 3.213025e+00
538 1.906960e-07 3.048874e-01 3.289962e+00
539 1.351237e-07 2.914183e-01 3.292734e+00
540 1.781870e-07 3.186950e-01 3.299805e+00
541 9.965938e-08 4.407033e-01 3.398172e+00
542 1.622983e-07 6.285303e-01 3.293022e+00
543 1.178330e-07 2.739726e-01 3.387894e+00
544 1.283917e-07 8.960692e-02 3.500594e+00
545 1.222188e-07 4.807892e-02 3.325709e+00
546 1.576214e-07 2.896661e-01 3.444944e+00
547 1.045633e-07 3.366175e-01 4.024724e+00
548 1.176007e-07 1.246851e-01 3.293580e+00
549 8.868815e-08 2.458539e-01 3.472316e+00
550 1.128889e-07 2.728748e-01 3.262903e+00
551 8.771659e-08 2.229831e-01 3.323628e+00
552 1.660412e-07 8.929276e-01 3.340511e+00
553 1.025103e-07 3.826214e-01 3.316266e+00
554 1.126794e-07 9.920106e-02 3.358787e+00
555 7.881493e-08 3.005382e-01 3.229396e+00
556 9.812252e-08 2.449738e-01 3.386998e+00
557 8.285377e-08 1.556091e-01 3.437577e+00
558 9.428438e-08 1.379613e-01 3.393978e+00
559 8.317618e-08 1.178159e-01 3.297345e+00
560 1.295101e-07 5.570579e-01 3.356180e+00
561 8.079751e-08 3.761298e-01 3.397250e+00
562 8.415251e-08 4.152347e-02 3.316305e+00
563 9.201363e-08 9.341526e-02 3.829791e+00
564 1.300913e-07 4.138264e-01 3.374770e+00
565 1.013400e-07 2.210090e-01 3.364893e+00
566 7.420344e-08 2.677771e-01 3.427556e+00
567 7.174826e-08 3.308719e-02 3.499270e+00
568 6.249156e-08 1.290163e-01 3.445312e+00
569 6.594555e-08 5.527122e-02 3.267099e+00
570 6.348297e-08 3.734265e-02 3.334214e+00
571 6.466891e-08 1.868119e-02 3.238441e+00
572 7.995244e-08 2.363352e-01 3.464944e+00
573 8.309173e-08 3.926443e-02 3.427107e+00
574 6.593727e-08 2.064520e-01 3.451994e+00
575 6.578157e-08 2.361431e-03 3.618291e+00
576 6.937642e-08 5.464831e-02 4.036524e+00
577 7.704958e-08 1.106018e-01 3.110119e+00
578 6.418581e-08 1.669544e-01 3.134226e+00
579 5.801790e-08 9.609462e-02 3.550103e+00
580 7.927928e-08 3.664624e-01 3.372663e+00
581 6.812439e-08 1.407038e-01 3.347720e+00
582 7.289557e-08 7.003623e-02 3.282125e+00
583 6.244990e-08 1.432963e-01 3.260561e+00
584 5.219852e-08 1.641537e-01 3.275184e+00
585 6.252032e-08 1.977412e-01 3.158200e+00
586 5.113774e-08 1.820620e-01 3.204711e+00
587 4.555808e-08 1.091105e-01 3.467663e+00
588 5.521124e-08 2.118869e-01 3.558085e+00
589 5.182112e-08 6.140258e-02 3.174918e+00
590 4.321549e-08 1.660642e-01 3.221473e+00
591 5.595258e-08 2.947344e-01 3.209690e+00
592 4.833017e-08 1.362299e-01 3.259084e+00
593 6.449123e-08 3.343887e-01 3.372816e+00
594 4.641088e-08 2.803536e-01 3.417833e+00
595 4.835060e-08 4.179448e-02 3.060462e+00
596 4.423801e-08 8.505777e-02 3.093378e+00
597 4.301745e-08 2.759070e-02 3.314371e+00
598 4.165863e-08 3.158772e-02 3.270866e+00
599 4.425290e-08 6.227463e-02 3.348785e+00
600 6.251886e-08 4.127630e-01 3.294285e+00
601 3.837597e-08 3.861697e-01 3.470459e+00
602 3.670911e-08 4.343507e-02 3.459811e+00
603 4.040995e-08 1.008152e-01 3.608911e+00
604 5.665953e-08 4.021185e-01 3.414846e+00
605 5.632435e-08 5.915792e-03 3.267270e+00
606 4.191031e-08 2.559113e-01 3.324549e+00
607 4.287897e-08 2.311273e-02 3.340184e+00
608 3.534305e-08 1.757486e-01 3.381022e+00
609 3.724458e-08 5.380206e-02 3.522385e+00
610 3.444124e-08 7.526833e-02 3.285643e+00
611 3.609782e-08 4.809850e-02 3.199613e+00
612 5.200828e-08 4.407596e-01 3.258491e+00
613 4.308982e-08 1.714814e-01 3.282098e+00
614 3.629293e-08 1.577378e-01 3.198631e+00
615 3.428671e-08 5.527844e-02 3.345732e+00
616 2.768405e-08 1.925720e-01 3.362911e+00
617 3.773963e-08 3.632265e-01 3.317716e+00
618 3.769081e-08 1.293475e-03 3.369411e+00
619 3.447515e-08 8.531700e-02 3.425335e+00
620 4.347862e-08 2.611584e-01 3.396486e+00
621 3.920749e-08 9.823523e-02 3.180432e+00
622 2.404711e-08 3.866705e-01 3.331367e+00
623 3.054759e-08 2.703230e-01 3.699649e+00
624 3.197379e-08 4.668756e-02 3.998993e+00
625 3.256320e-08 1.843440e-02 3.118435e+00
626 3.165080e-08 2.801963e-02 3.319717e+00
627 4.676157e-08 4.774217e-01 3.394857e+00
628 2.507421e-08 4.637860e-01 3.204720e+00
629 3.702261e-08 4.765215e-01 3.265901e+00
630 2.249712e-08 3.923411e-01 3.250587e+00
631 4.943802e-08 1.197527e+00 3.207022e+00
632 2.477899e-08 4.987868e-01 3.212531e+00
633 3.578585e-08 4.442016e-01 3.237575e+00
634 2.948348e-08 1.761135e-01 3.243905e+00
635 3.340361e-08 1.329601e-01 3.478653e+00
636 2.567880e-08 2.312566e-01 3.259388e+00
637 3.140235e-08 2.228900e-01 3.409522e+00
638 2.890309e-08 7.958843e-02 3.060637e+00
639 3.187637e-08 1.028708e-01 3.155279e+00
640 2.715710e-08 1.480492e-01 2.924642e+00
641 4.166524e-08 5.342298e-01 2.908080e+00
642 2.040669e-08 5.102226e-01 3.068309e+00
643 2.344525e-08 1.489003e-01 3.013078e+00
644 2.196936e-08 6.295043e-02 3.481946e+00
645 2.054848e-08 6.467560e-02 3.197547e+00
646 2.579640e-08 2.553922e-01 3.324201e+00
647 2.414955e-08 6.384035e-02 3.283554e+00
648 2.392551e-08 9.277131e-03 3.490366e+00
649 2.487036e-08 3.949105e-02 3.382326e+00
650 2.151906e-08 1.347507e-01 3.477449e+00
651 2.179942e-08 1.302829e-02 3.132870e+00
652 1.716393e-08 2.126426e-01 3.140814e+00
653 2.584177e-08 5.055855e-01 3.092865e+00
654 1.761599e-08 3.183134e-01 3.098869e+00
655 2.814757e-08 5.978420e-01 3.163572e+00
656 1.895788e-08 3.264823e-01 3.163079e+00
657 1.970899e-08 3.961997e-02 3.127066e+00
658 1.592948e-08 1.917660e-01 3.157972e+00
659 2.062460e-08 2.947440e-01 3.202948e+00
660 1.281877e-08 3.784716e-01 3.007586e+00
661 1.745500e-08 3.616749e-01 3.068790e+00
662 1.266585e-08 2.743714e-01 3.237914e+00
663 1.721281e-08 3.589937e-01 3.119451e+00
664 2.119394e-08 2.312893e-01 3.293465e+00
665 1.123423e-08 4.699322e-01 3.238175e+00
666 1.905855e-08 6.964713e-01 3.876238e+00
667 1.259717e-08 3.390276e-01 3.275537e+00
668 1.878049e-08 4.908493e-01 3.096569e+00
669 1.387736e-08 2.610756e-01 3.119130e+00
670 1.852932e-08 3.352195e-01 3.188229e+00
671 1.852544e-08 2.093863e-04 2.861358e+00
672 1.572355e-08 1.512459e-01 2.813336e+00
673 1.540730e-08 2.011264e-02 2.917016e+00
674 1.152057e-08 2.522655e-01 2.985622e+00
675 1.233030e-08 7.028520e-02 2.998305e+00
676 1.125424e-08 8.726971e-02 3.034997e+00
677 1.165012e-08 3.517681e-02 2.975293e+00
678 1.101284e-08 5.470219e-02 2.878711e+00
679 1.266266e-08 1.498091e-01 3.627291e+00
680 1.287984e-08 1.715130e-02 3.442503e+00
681 1.689937e-08 3.120787e-01 2.895856e+00
682 1.294268e-08 2.341320e-01 3.002263e+00
683 2.215690e-08 7.119243e-01 2.997525e+00
684 1.207482e-08 4.550312e-01 3.028003e+00
685 2.114206e-08 7.509212e-01 3.053355e+00
686 1.034639e-08 5.106253e-01 3.028725e+00
687 1.161097e-08 1.222248e-01 3.040782e+00
688 9.851960e-09 1.514956e-01 2.947810e+00
689 1.655468e-08 6.803439e-01 2.760073e+00
690 1.267170e-08 2.345550e-01 2.719792e+00
691 1.042127e-08 1.775947e-01 2.533644e+00
692 1.426757e-08 3.690816e-01 2.821979e+00
693 1.235672e-08 1.339292e-01 2.780212e+00
694 1.048214e-08 1.517059e-01 2.918346e+00
695 8.900307e-09 1.509072e-01 2.972963e+00
696 1.022457e-08 1.487880e-01 2.727876e+00
697 9.464888e-09 7.429925e-02 2.709541e+00
698 9.702073e-09 2.505946e-02 2.607764e+00
699 1.057792e-08 9.027417e-02 2.622079e+00
700 9.424322e-09 1.090571e-01 2.678396e+00
701 8.734527e-09 7.319309e-02 2.759186e+00
702 8.246617e-09 5.585990e-02 2.813160e+00
703 1.491238e-08 8.083022e-01 2.652528e+00
704 9.873348e-09 3.379091e-01 2.583717e+00
705 9.633650e-09 2.427726e-02 2.547821e+00
706 7.006274e-09 2.727290e-01 2.478465e+00
707 1.103088e-08 5.744290e-01 2.559192e+00
708 7.993987e-09 2.753084e-01 2.639997e+00
709 7.493119e-09 6.265554e-02 2.559727e+00
710 8.447673e-09 1.273907e-01 2.511188e+00
711 7.633501e-09 9.637824e-02 2.527132e+00
712 8.119928e-09 6.372272e-02 2.519819e+00
713 8.176349e-09 6.948390e-03 2.576368e+00
714 7.218819e-09 1.171096e-01 2.614844e+00
715 1.101285e-08 5.255749e-01 2.669744e+00
716 7.205631e-09 3.457069e-01 2.550377e+00
717 7.074889e-09 1.814443e-02 2.625855e+00
718 6.422701e-09 9.218344e-02 2.743426e+00
719 9.627030e-09 4.989066e-01 2.623370e+00
720 6.290162e-09 3.466144e-01 2.798016e+00
721 9.903340e-09 5.744172e-01 2.694250e+00
722 6.667974e-09 3.266944e-01 2.351971e+00
723 7.090785e-09 6.340920e-02 2.439848e+00
724 6.085399e-09 1.417877e-01 2.539683e+00
725 9.957213e-09 6.362465e-01 2.591454e+00
726 5.893535e-09 4.081140e-01 2.584081e+00
727 6.380139e-09 8.256571e-02 2.575859e+00
728 6.264911e-09 1.806038e-02 2.607471e+00
729 9.604996e-09 5.331416e-01 2.679666e+00
730 4.776751e-09 5.026806e-01 2.684577e+00
731 8.770306e-09 8.360399e-01 2.543631e+00
732 5.153275e-09 4.124178e-01 2.638288e+00
733 7.923602e-09 5.375855e-01 2.576452e+00
734 4.749804e-09 4.005498e-01 2.613188e+00
735 4.893846e-09 3.032586e-02 2.623536e+00
736 3.883991e-09 2.063520e-01 2.567411e+00
737 4.604613e-09 1.855365e-01 2.735553e+00
738 6.098768e-09 3.244908e-01 2.534969e+00
739 6.528182e-09 7.040989e-02 2.535836e+00
740 4.768286e-09 2.695844e-01 2.495656e+00
741 4.634496e-09 2.805818e-02 2.559479e+00
742 5.085475e-09 9.730921e-02 2.551528e+00
743 6.414636e-09 2.613642e-01 2.487385e+00
744 5.372926e-09 1.623958e-01 2.495110e+00
745 5.635635e-09 4.889491e-02 2.559012e+00
746 5.834500e-09 3.528715e-02 2.552178e+00
747 5.115571e-09 1.232204e-01 2.503538e+00
748 3.414735e-09 3.324821e-01 2.528053e+00
749 5.528697e-09 6.190707e-01 2.596102e+00
750 3.699759e-09 3.308082e-01 2.534641e+00
751 5.539919e-09 4.973731e-01 2.687844e+00
752 3.497907e-09 3.685996e-01 2.583999e+00
753 5.704467e-09 6.308229e-01 2.759046e+00
754 3.068958e-09 4.620080e-01 2.551606e+00
755 3.633252e-09 1.838716e-01 2.535391e+00
756 2.594897e-09 2.857921e-01 2.541493e+00
757 5.220252e-09 1.011738e+00 2.582336e+00
758 2.719177e-09 4.791100e-01 2.575374e+00
759 2.574390e-09 5.324657e-02 2.559990e+00
760 4.113074e-09 5.976888e-01 2.631160e+00
761 3.335355e-09 1.890847e-01 2.646732e+00
762 3.846792e-09 1.533381e-01 2.621498e+00
763 2.448053e-09 3.636118e-01 2.655105e+00
764 2.846577e-09 1.627924e-01 2.615727e+00
765 2.255114e-09 2.077805e-01 2.527441e+00
766 3.442114e-09 5.263595e-01 2.527879e+00
767 3.116083e-09 9.471836e-02 2.687164e+00
768 2.964082e-09 4.877968e-02 2.614151e+00
769 2.349211e-09 2.074405e-01 2.721624e+00
770 2.576153e-09 9.660332e-02 2.952043e+00
771 2.596959e-09 8.076696e-03 2.495163e+00
772 2.421041e-09 6.773997e-02 2.512081e+00
773 2.295079e-09 5.202835e-02 2.635692e+00
774 1.999701e-09 1.287004e-01 2.557843e+00
775 3.541811e-09 7.711700e-01 2.571972e+00
776 2.240276e-09 3.674773e-01 2.550944e+00
777 2.131717e-09 4.845785e-02 2.532857e+00
778 2.899824e-09 3.603231e-01 2.391839e+00
779 2.907673e-09 2.706735e-03 2.511247e+00
780 2.106205e-09 2.756391e-01 2.551302e+00
781 2.572864e-09 2.215640e-01 2.542583e+00
782 2.163827e-09 1.589811e-01 2.655356e+00
783 2.718911e-09 2.565290e-01 3.223574e+00
784 2.048861e-09 2.464408e-01 3.175448e+00
785 2.853721e-09 3.928332e-01 2.790453e+00
786 2.080238e-09 2.710438e-01 2.495642e+00
787 3.785102e-09 8.195525e-01 2.560200e+00
788 2.302842e-09 3.916036e-01 2.639661e+00
789 3.434543e-09 4.914364e-01 2.543087e+00
790 1.700645e-09 5.048409e-01 2.527868e+00
791 3.063584e-09 8.014248e-01 2.551122e+00
792 1.872652e-09 3.887381e-01 2.542792e+00
793 2.025911e-09 8.184030e-02 2.591544e+00
794 1.962754e-09 3.117431e-02 2.680488e+00
795 2.777327e-09 4.150152e-01 2.638658e+00
796 1.803468e-09 3.506461e-01 2.613612e+00
797 2.886236e-09 6.003807e-01 2.646735e+00
798 1.395806e-09 5.163921e-01 2.830930e+00
799 2.035527e-09 4.583161e-01 2.623548e+00
800 1.463711e-09 2.809176e-01 2.812059e+00
801 2.017721e-09 3.784966e-01 2.667980e+00
802 2.321402e-09 1.505070e-01 2.771505e+00
803 1.633014e-09 2.965398e-01 2.651231e+00
804 1.800445e-09 1.025289e-01 2.695184e+00
805 1.329167e-09 2.617564e-01 2.631327e+00
806 1.707572e-09 2.846930e-01 2.687481e+00
807 1.496627e-09 1.235352e-01 2.582692e+00
808 1.768953e-09 1.819598e-01 2.476272e+00
809 1.475435e-09 1.659274e-01 2.711639e+00
810 1.796066e-09 2.173129e-01 2.607516e+00
811 1.312490e-09 2.692415e-01 2.622716e+00
812 1.654482e-09 2.605672e-01 2.518929e+00
813 1.282316e-09 2.249442e-01 2.580487e+00
814 1.621588e-09 2.645774e-01 2.639365e+00
815 1.164296e-09 2.820028e-01 2.495075e+00
816 1.648720e-09 4.160665e-01 2.528058e+00
817 1.240456e-09 2.476249e-01 2.710206e+00
818 1.640348e-09 3.223752e-01 2.609437e+00
819 1.104615e-09 3.265975e-01 2.647165e+00
820 1.626163e-09 4.721543e-01 2.591398e+00
821 1.172801e-09 2.787923e-01 2.693930e+00
822 1.521855e-09 2.976241e-01 2.647870e+00
823 1.053978e-09 3.074391e-01 2.671502e+00
824 1.700862e-09 6.137558e-01 2.631409e+00
825 1.305918e-09 2.322022e-01 2.583414e+00
826 1.450277e-09 1.105419e-01 2.535397e+00
827 1.722656e-09 1.878115e-01 2.662108e+00
828 1.864087e-09 8.210054e-02 2.943477e+00
829 1.288950e-09 3.085354e-01 2.688203e+00
830 1.419296e-09 1.011255e-01 2.866536e+00
831 1.037131e-09 2.692635e-01 2.556575e+00
832 1.341936e-09 2.938925e-01 2.494659e+00
833 9.754371e-10 2.731123e-01 2.493277e+00
834 1.217194e-09 2.478447e-01 2.511038e+00
835 1.547118e-09 2.710530e-01 2.519060e+00
836 1.021372e-09 3.398227e-01 2.600044e+00
837 8.620569e-10 1.559818e-01 2.591361e+00
838 1.044805e-09 2.119913e-01 2.508057e+00
839 9.945509e-10 4.809946e-02 2.486110e+00
840 1.180939e-09 1.874092e-01 2.612961e+00
841 9.398897e-10 2.041166e-01 2.488315e+00
842 9.338808e-10 6.393272e-03 2.477403e+00
843 1.075700e-09 1.518606e-01 2.534729e+00
844 1.140613e-09 6.034422e-02 2.784128e+00
845 7.995493e-10 2.990177e-01 3.363135e+00
846 1.323646e-09 6.554905e-01 2.834247e+00
847 8.284161e-10 3.741409e-01 2.486100e+00
848 9.537890e-10 1.513405e-01 2.557577e+00
849 8.179551e-10 1.424150e-01 2.551971e+00
850 1.073669e-09 3.126264e-01 2.478371e+00
851 7.960802e-10 2.585426e-01 2.540720e+00
852 1.015225e-09 2.752804e-01 2.575899e+00
853 7.117947e-10 2.988801e-01 2.565875e+00
854 9.942072e-10 3.967611e-01 2.592162e+00
855 6.436272e-10 3.526227e-01 2.583188e+00
856 7.951614e-10 2.354379e-01 2.544220e+00
857 7.504958e-10 5.617175e-02 2.495535e+00
858 8.708957e-10 1.604272e-01 2.494974e+00
859 6.796388e-10 2.196094e-01 2.565886e+00
860 8.795317e-10 2.941163e-01 2.639030e+00
861 5.234889e-10 4.048095e-01 2.654837e+00
862 7.532321e-10 4.388693e-01 2.889666e+00
863 5.516382e-10 2.676386e-01 2.408414e+00
864 4.748358e-10 1.392259e-01 2.487413e+00
865 4.174727e-10 1.208062e-01 2.519649e+00
866 6.044232e-10 4.478148e-01 2.526250e+00
867 5.067927e-10 1.615267e-01 2.487584e+00
868 4.179423e-10 1.753190e-01 2.495952e+00
869 4.588652e-10 9.791499e-02 2.500867e+00
870 6.625677e-10 4.439267e-01 2.447368e+00
871 5.442232e-10 1.786149e-01 2.527376e+00
872 4.928882e-10 9.432719e-02 2.534661e+00
873 3.512584e-10 2.873468e-01 2.407749e+00
874 5.781052e-10 6.458120e-01 2.336045e+00
875 4.364020e-10 2.451166e-01 2.415094e+00
876 6.339845e-10 4.527534e-01 2.400361e+00
877 3.489291e-10 4.496252e-01 2.447574e+00
878 4.056249e-10 1.624850e-01 2.727017e+00
879 3.523049e-10 1.314515e-01 2.867272e+00
880 5.158266e-10 4.641485e-01 2.718708e+00
881 3.170755e-10 3.853061e-01 2.415616e+00
882 5.252350e-10 6.564982e-01 2.472456e+00
883 3.065854e-10 4.162890e-01 2.543799e+00
884 3.817233e-10 2.450798e-01 2.613117e+00
885 3.180242e-10 1.668726e-01 2.519584e+00
886 5.461791e-10 7.174139e-01 2.429511e+00
887 3.130762e-10 4.267883e-01 2.566875e+00
888 3.685388e-10 1.771534e-01 2.366176e+00
889 2.708226e-10 2.651449e-01 2.295148e+00
890 3.473566e-10 2.825983e-01 2.335741e+00
891 2.600902e-10 2.512301e-01 2.392219e+00
892 3.530487e-10 3.574089e-01 2.399957e+00
893 4.189920e-10 1.867823e-01 2.526894e+00
894 4.413839e-10 5.344250e-02 2.439128e+00
895 2.919426e-10 3.385745e-01 2.802871e+00
896 4.013192e-10 3.746511e-01 2.311553e+00
897 2.985101e-10 2.561779e-01 2.311821e+00
898 2.548729e-10 1.461833e-01 2.486719e+00
899 2.353904e-10 7.644017e-02 2.559638e+00
900 3.197879e-10 3.585427e-01 2.439686e+00
901 2.181477e-10 3.178361e-01 2.447774e+00
902 3.369229e-10 5.444715e-01 2.463138e+00
903 2.732190e-10 1.890757e-01 2.518796e+00
904 2.652019e-10 2.934328e-02 2.533668e+00
905 2.377770e-10 1.034112e-01 2.492657e+00
906 1.938344e-10 1.848060e-01 2.512028e+00
907 2.619880e-10 3.516073e-01 2.591234e+00
908 3.453263e-10 3.180998e-01 2.558168e+00
909 2.226686e-10 3.551938e-01 2.732640e+00
910 3.548410e-10 5.935840e-01 2.900299e+00
911 2.963878e-10 1.647308e-01 2.803657e+00
912 2.559858e-10 1.363147e-01 2.422892e+00
913 2.653956e-10 3.675910e-02 2.463744e+00
914 2.610039e-10 1.654778e-02 2.527856e+00
915 2.475985e-10 5.136087e-02 2.541734e+00
916 2.092538e-10 1.548663e-01 2.525140e+00
917 2.437130e-10 1.646766e-01 2.620348e+00
918 2.156022e-10 1.153440e-01 2.527262e+00
919 2.396164e-10 1.113821e-01 2.479690e+00
920 1.968502e-10 1.784779e-01 2.477467e+00
921 2.398669e-10 2.185251e-01 2.487914e+00
922 1.833526e-10 2.356071e-01 2.590962e+00
923 2.173568e-10 1.854582e-01 2.532580e+00
924 2.158331e-10 7.009995e-03 2.455520e+00
925 2.528291e-10 1.714100e-01 2.567456e+00
926 1.643043e-10 3.501367e-01 2.693646e+00
927 2.157220e-10 3.129415e-01 2.679734e+00
928 1.585566e-10 2.649956e-01 2.831473e+00
929 2.824803e-10 7.815735e-01 2.464582e+00
930 1.912567e-10 3.229379e-01 2.542433e+00
931 1.977218e-10 3.380359e-02 2.590013e+00
932 1.999572e-10 1.130539e-02 2.661704e+00
933 2.018528e-10 9.480004e-03 2.519167e+00
934 1.526029e-10 2.439889e-01 2.655303e+00
935 2.114148e-10 3.853913e-01 2.718365e+00
936 1.922147e-10 9.081714e-02 2.589944e+00
937 1.814076e-10 5.622428e-02 2.692570e+00
938 2.077913e-10 1.454393e-01 2.687162e+00
939 2.133095e-10 2.655617e-02 2.614098e+00
940 1.885324e-10 1.161555e-01 2.671077e+00
941 1.667215e-10 1.156877e-01 2.590866e+00
942 1.727819e-10 3.635028e-02 2.591007e+00
943 1.634245e-10 5.415731e-02 2.526709e+00
944 1.693520e-10 3.627045e-02 2.558192e+00
945 1.720718e-10 1.606019e-02 2.680457e+00
946 1.619244e-10 5.897212e-02 2.670626e+00
947 1.785511e-10 1.026819e-01 2.631004e+00
948 1.263823e-10 2.921781e-01 2.583550e+00
949 2.572352e-10 1.035373e+00 2.606288e+00
950 1.304463e-10 4.928909e-01 2.599285e+00
951 1.772332e-10 3.586679e-01 2.715814e+00
952 1.190689e-10 3.281798e-01 2.669692e+00
953 2.631338e-10 1.209930e+00 2.613034e+00
954 1.236791e-10 5.299766e-01 2.535560e+00
955 1.613201e-10 3.043442e-01 2.463507e+00
956 1.209610e-10 2.501800e-01 2.647936e+00
957 2.181764e-10 8.036915e-01 2.544084e+00
958 1.082598e-10 5.037966e-01 2.526481e+00
959 2.086264e-10 9.270898e-01 2.542596e+00
960 1.161325e-10 4.433470e-01 2.630456e+00
961 1.426728e-10 2.285338e-01 2.732579e+00
962 1.190261e-10 1.657404e-01 2.692908e+00
963 1.636592e-10 3.749855e-01 2.574860e+00
964 9.832324e-11 3.992196e-01 2.568344e+00
