1 9.994245e-01 1.000000e+00 3.663216e+00
2 9.993807e-01 4.385381e-05 3.487747e+00
3 9.813431e-01 1.804876e-02 3.575982e+00
4 9.302038e-01 5.211157e-02 3.615648e+00
5 8.806604e-01 5.326076e-02 3.663938e+00
6 8.499485e-01 3.487370e-02 3.415940e+00
7 8.253886e-01 2.889575e-02 3.399370e+00
8 8.057403e-01 2.380493e-02 3.368387e+00
9 7.945101e-01 1.393779e-02 3.511307e+00
10 6.978357e-01 1.216780e-01 4.358944e+00
11 6.512071e-01 6.681890e-02 3.943788e+00
12 6.039564e-01 7.255865e-02 3.512290e+00
13 5.749187e-01 4.807906e-02 3.631132e+00
14 5.018958e-01 1.270144e-01 3.519688e+00
15 4.784928e-01 4.662911e-02 3.551970e+00
16 4.646629e-01 2.890297e-02 3.464097e+00
17 4.488400e-01 3.405242e-02 3.551722e+00
18 4.470514e-01 3.985139e-03 3.413412e+00
19 4.427889e-01 9.534503e-03 3.396066e+00
20 4.406889e-01 4.742709e-03 3.520235e+00
21 4.392294e-01 3.311967e-03 3.503533e+00
22 4.180787e-01 4.815412e-02 3.215766e+00
23 4.168123e-01 3.028987e-03 3.470509e+00
24 4.117533e-01 1.213731e-02 3.671888e+00
25 3.489396e-01 1.525519e-01 3.495694e+00
26 3.118371e-01 1.063291e-01 3.527395e+00
27 3.147066e-01 9.201923e-03 3.712138e+00
28 3.081156e-01 2.094348e-02 3.543135e+00
29 2.784646e-01 9.623328e-02 3.480069e+00
30 2.662612e-01 4.382398e-02 3.891573e+00
31 2.643050e-01 7.346975e-03 3.375832e+00
32 2.528284e-01 4.342179e-02 3.368567e+00
33 2.554432e-01 1.034237e-02 3.376507e+00
34 2.466782e-01 3.431306e-02 3.367035e+00
35 2.681584e-01 8.707782e-02 3.471843e+00
36 2.412450e-01 1.003637e-01 3.607703e+00
37 2.247760e-01 6.826661e-02 3.448390e+00
38 1.654585e-01 2.638960e-01 3.575209e+00
39 1.517590e-01 8.279734e-02 3.399768e+00
40 1.442350e-01 4.957898e-02 3.448191e+00
41 1.359447e-01 5.747727e-02 3.655897e+00
42 1.423632e-01 4.721352e-02 3.663796e+00
43 1.177134e-01 1.731472e-01 3.431007e+00
44 1.482914e-01 2.597670e-01 3.502236e+00
45 1.058804e-01 2.859979e-01 3.583892e+00
46 1.193257e-01 1.269856e-01 3.512231e+00
47 1.056773e-01 1.143788e-01 3.439049e+00
48 9.645876e-02 8.723338e-02 3.472081e+00
49 9.406285e-02 2.483864e-02 3.415679e+00
50 8.172785e-02 1.311357e-01 3.487594e+00
51 8.407973e-02 2.877700e-02 3.392171e+00
52 7.184822e-02 1.454752e-01 3.567782e+00
53 6.567825e-02 8.587509e-02 3.615578e+00
54 6.450239e-02 1.790323e-02 3.595672e+00
55 5.930438e-02 8.058634e-02 3.455004e+00
56 5.045212e-02 1.492683e-01 3.408233e+00
57 4.892580e-02 3.025276e-02 3.487721e+00
58 3.494767e-02 2.857006e-01 3.343125e+00
59 3.997074e-02 1.437313e-01 3.351747e+00
60 3.839546e-02 3.941103e-02 3.568063e+00
61 3.073270e-02 1.995745e-01 3.351596e+00
62 2.701344e-02 1.210196e-01 3.477700e+00
63 3.104361e-02 1.491912e-01 3.384162e+00
64 2.966504e-02 4.440749e-02 3.519152e+00
65 2.246516e-02 2.427060e-01 3.608256e+00
66 2.475303e-02 1.018411e-01 3.479152e+00
67 2.161158e-02 1.269119e-01 3.454169e+00
68 3.112164e-02 4.400444e-01 3.512314e+00
69 2.219874e-02 2.867105e-01 3.582195e+00
70 1.858192e-02 1.629291e-01 3.615415e+00
71 1.861794e-02 1.938548e-03 3.287962e+00
72 2.287725e-02 2.287747e-01 3.248426e+00
73 1.539552e-02 3.270381e-01 3.391027e+00
74 1.644554e-02 6.820311e-02 3.375706e+00
75 1.304470e-02 2.067943e-01 3.481029e+00
76 1.058244e-02 1.887557e-01 3.334961e+00
77 9.773360e-03 7.645474e-02 3.335437e+00
78 9.540356e-03 2.384068e-02 3.384174e+00
79 1.703208e-02 7.852664e-01 3.399375e+00
80 8.765271e-03 4.853669e-01 3.311681e+00
81 8.316018e-03 5.125373e-02 3.263347e+00
82 6.796028e-03 1.827786e-01 3.175627e+00
83 6.009699e-03 1.157042e-01 3.271981e+00
84 7.347701e-03 2.226406e-01 3.279433e+00
85 6.674036e-03 9.168387e-02 3.223700e+00
86 4.669609e-03 3.003320e-01 3.136456e+00
87 4.680891e-03 2.415963e-03 3.239413e+00
88 2.880241e-03 3.846809e-01 3.504039e+00
89 3.231278e-03 1.218774e-01 3.607637e+00
90 3.001586e-03 7.108389e-02 3.495651e+00
91 3.203763e-03 6.735662e-02 3.367940e+00
92 4.243259e-03 3.244611e-01 3.215372e+00
93 2.949846e-03 3.048160e-01 3.295133e+00
94 4.269912e-03 4.475033e-01 3.232227e+00
95 3.295854e-03 2.281212e-01 3.368181e+00
96 2.629974e-03 2.020357e-01 3.343417e+00
97 2.792859e-03 6.193411e-02 3.351973e+00
98 2.878284e-03 3.058680e-02 3.199858e+00
99 2.791049e-03 3.030787e-02 3.391741e+00
100 1.777356e-03 3.631942e-01 3.591445e+00
101 1.195706e-03 3.272561e-01 3.822679e+00
102 1.378065e-03 1.525122e-01 3.384035e+00
103 1.446341e-03 4.954436e-02 3.288775e+00
104 1.344647e-03 7.031065e-02 3.376514e+00
105 1.194513e-03 1.116536e-01 3.247125e+00
106 1.176599e-03 1.499688e-02 3.320511e+00
107 1.155111e-03 1.826233e-02 3.271297e+00
108 8.761649e-04 2.414888e-01 3.175912e+00
109 1.040418e-03 1.874686e-01 3.176242e+00
110 8.248324e-04 2.072108e-01 3.207014e+00
111 9.498657e-04 1.515863e-01 3.408451e+00
112 9.223547e-04 2.896297e-02 4.191597e+00
113 7.540770e-04 1.824436e-01 4.274856e+00
114 8.460838e-04 1.220125e-01 3.311980e+00
115 1.130746e-03 3.364472e-01 3.375745e+00
116 7.955473e-04 2.964405e-01 3.367990e+00
117 7.393742e-04 7.060943e-02 3.311620e+00
118 8.559506e-04 1.576690e-01 3.344014e+00
119 7.687745e-04 1.018471e-01 3.367258e+00
120 7.024834e-04 8.622954e-02 3.264537e+00
121 7.215998e-04 2.721251e-02 3.327053e+00
122 6.881370e-04 4.637307e-02 3.312526e+00
123 6.699213e-04 2.647098e-02 3.423589e+00
124 8.478293e-04 2.655655e-01 3.711352e+00
125 6.321981e-04 2.543332e-01 3.655129e+00
126 7.227692e-04 1.432636e-01 3.367960e+00
127 6.318319e-04 1.258179e-01 3.390981e+00
128 6.258535e-04 9.461908e-03 3.336136e+00
129 5.461741e-04 1.273132e-01 3.279235e+00
130 4.436774e-04 1.876631e-01 3.352527e+00
131 5.653676e-04 2.742764e-01 3.303338e+00
132 6.572559e-04 1.625284e-01 3.352249e+00
133 5.065474e-04 2.292996e-01 3.335348e+00
134 6.079788e-04 2.002408e-01 3.158787e+00
135 6.528316e-04 7.377359e-02 3.191970e+00
136 5.274065e-04 1.921247e-01 3.295577e+00
137 5.179480e-04 1.793393e-02 3.368061e+00
138 5.625751e-04 8.616123e-02 3.352090e+00
139 4.207886e-04 2.520312e-01 3.359894e+00
140 5.233380e-04 2.437077e-01 3.335148e+00
141 5.945824e-04 1.361345e-01 3.359603e+00
142 3.878375e-04 3.477145e-01 3.392281e+00
143 6.549554e-04 6.887366e-01 3.375347e+00
144 3.952511e-04 3.965221e-01 3.327934e+00
145 4.284429e-04 8.397663e-02 3.511449e+00
146 4.413459e-04 3.011600e-02 3.351733e+00
147 4.978524e-04 1.280323e-01 3.496169e+00
148 3.357050e-04 3.256938e-01 3.439485e+00
149 3.620571e-04 7.849786e-02 3.375451e+00
150 3.056658e-04 1.557524e-01 3.271161e+00
151 4.151667e-04 3.582371e-01 3.471803e+00
152 3.183765e-04 2.331357e-01 3.408059e+00
153 3.937618e-04 2.367803e-01 3.463783e+00
154 3.040296e-04 2.278844e-01 3.589543e+00
155 4.356899e-04 4.330508e-01 3.439654e+00
156 2.193144e-04 4.966272e-01 3.231998e+00
157 3.929046e-04 7.915128e-01 3.318384e+00
158 2.961806e-04 2.461767e-01 3.351670e+00
159 2.656085e-04 1.032213e-01 3.359127e+00
160 2.508203e-04 5.567675e-02 3.288609e+00
161 2.862255e-04 1.411577e-01 3.327003e+00
162 2.283333e-04 2.022609e-01 3.256395e+00
163 2.511010e-04 9.971248e-02 3.407757e+00
164 2.080938e-04 1.712744e-01 3.342151e+00
165 2.283587e-04 9.738341e-02 3.503563e+00
166 2.050393e-04 1.021172e-01 3.671715e+00
167 2.297705e-04 1.206169e-01 3.476096e+00
168 2.257325e-04 1.757400e-02 3.320001e+00
169 1.630271e-04 2.777864e-01 3.431027e+00
170 3.017896e-04 8.511621e-01 3.399272e+00
171 1.556846e-04 4.841287e-01 3.326854e+00
172 1.769778e-04 1.367715e-01 3.459067e+00
173 2.099033e-04 1.860427e-01 3.335982e+00
174 2.136243e-04 1.772740e-02 3.351474e+00
175 1.933235e-04 9.503054e-02 3.359240e+00
176 2.774186e-04 4.349973e-01 3.368086e+00
177 1.762909e-04 3.645312e-01 3.543735e+00
178 2.064423e-04 1.710320e-01 3.591982e+00
179 2.376920e-04 1.513727e-01 3.423563e+00
180 1.978119e-04 1.677806e-01 3.351645e+00
181 2.279096e-04 1.521533e-01 3.503569e+00
182 1.150437e-04 4.952224e-01 3.408357e+00
183 1.269380e-04 1.033898e-01 3.375047e+00
184 1.887633e-04 4.870503e-01 3.352151e+00
185 1.547759e-04 1.800528e-01 3.191169e+00
186 1.669958e-04 7.895221e-02 3.256193e+00
187 1.066945e-04 3.610946e-01 3.192179e+00
188 1.164822e-04 9.173564e-02 3.391076e+00
189 1.346424e-04 1.559054e-01 3.456405e+00
190 8.888588e-05 3.398373e-01 3.527337e+00
191 1.156698e-04 3.013288e-01 3.586144e+00
192 1.243430e-04 7.498292e-02 3.464547e+00
193 1.111278e-04 1.062806e-01 3.295279e+00
194 9.111049e-05 1.801285e-01 3.271398e+00
195 1.198427e-04 3.153558e-01 3.248059e+00
196 1.451263e-04 2.109728e-01 3.407664e+00
197 1.043420e-04 2.810263e-01 3.423917e+00
198 1.166526e-04 1.179839e-01 3.455611e+00
199 1.004310e-04 1.390598e-01 3.351823e+00
200 1.345773e-04 3.399980e-01 3.351946e+00
201 8.018602e-05 4.041637e-01 3.431620e+00
202 1.295702e-04 6.158707e-01 3.503818e+00
203 9.872642e-05 2.380472e-01 3.447257e+00
204 1.013124e-04 2.619342e-02 3.384204e+00
205 1.131532e-04 1.168739e-01 3.375424e+00
206 8.568283e-05 2.427713e-01 3.335949e+00
207 1.125261e-04 3.132860e-01 3.351671e+00
208 7.344234e-05 3.473304e-01 3.367897e+00
209 1.221090e-04 6.626509e-01 3.455817e+00
210 7.161167e-05 4.135429e-01 3.359505e+00
211 8.734124e-05 2.196509e-01 3.352007e+00
212 6.763547e-05 2.256182e-01 3.375751e+00
213 9.382817e-05 3.872628e-01 3.622985e+00
214 6.733262e-05 2.823838e-01 3.448688e+00
215 9.572501e-05 4.216737e-01 3.717839e+00
216 7.101537e-05 2.581315e-01 3.391239e+00
217 7.771826e-05 9.438634e-02 3.327951e+00
218 7.840648e-05 8.855415e-03 3.351555e+00
219 1.116141e-04 4.235314e-01 3.343407e+00
220 1.116524e-04 3.434117e-04 3.335730e+00
221 6.370710e-05 4.294158e-01 3.328370e+00
222 7.499272e-05 1.771485e-01 3.375137e+00
223 7.307494e-05 2.557284e-02 3.288022e+00
224 5.877783e-05 1.956499e-01 3.328086e+00
225 6.494326e-05 1.048937e-01 3.407617e+00
226 5.228801e-05 1.948662e-01 3.543590e+00
227 5.100770e-05 2.448571e-02 3.582215e+00
228 4.506109e-05 1.165826e-01 3.592032e+00
229 3.294239e-05 2.689394e-01 3.351727e+00
230 3.750402e-05 1.384730e-01 3.247666e+00
231 5.088173e-05 3.567006e-01 3.215324e+00
232 3.305400e-05 3.503758e-01 3.336472e+00
233 4.188507e-05 2.671711e-01 3.391815e+00
234 3.969595e-05 5.226491e-02 3.431009e+00
235 4.602302e-05 1.593881e-01 3.320116e+00
236 3.593081e-05 2.192860e-01 3.375385e+00
237 3.628865e-05 9.959083e-03 3.432284e+00
238 3.346917e-05 7.769595e-02 3.575382e+00
239 3.331022e-05 4.749263e-03 3.663005e+00
240 4.059262e-05 2.186237e-01 3.271289e+00
241 3.170057e-05 2.190559e-01 3.351786e+00
242 4.682173e-05 4.769997e-01 3.368223e+00
243 5.285972e-05 1.289570e-01 3.407323e+00
244 2.566104e-05 5.145445e-01 3.399970e+00
245 2.994657e-05 1.670051e-01 3.256139e+00
246 4.577304e-05 5.284903e-01 3.159795e+00
247 2.642466e-05 4.227026e-01 3.135186e+00
248 3.263661e-05 2.350817e-01 3.359863e+00
249 2.431714e-05 2.549121e-01 3.319995e+00
250 3.517328e-05 4.464396e-01 3.543710e+00
251 2.432781e-05 3.083439e-01 3.535245e+00
252 2.873886e-05 1.813173e-01 3.550306e+00
253 3.026993e-05 5.327505e-02 3.407790e+00
254 1.756521e-05 4.197143e-01 3.383647e+00
255 1.980992e-05 1.277928e-01 3.424313e+00
256 2.623216e-05 3.241936e-01 3.335215e+00
257 2.330427e-05 1.116144e-01 3.384004e+00
258 2.097442e-05 9.997561e-02 3.407596e+00
259 2.000129e-05 4.639568e-02 3.328300e+00
260 3.054600e-05 5.272010e-01 3.423906e+00
261 1.975891e-05 3.531423e-01 3.415013e+00
262 1.630494e-05 1.748056e-01 3.368082e+00
263 2.045041e-05 2.542462e-01 3.375456e+00
264 1.913641e-05 6.425335e-02 3.304345e+00
265 2.223051e-05 1.616866e-01 3.215136e+00
266 1.598521e-05 2.809336e-01 3.184501e+00
267 1.923498e-05 2.032985e-01 3.167880e+00
268 1.605095e-05 1.655331e-01 3.143305e+00
269 1.806868e-05 1.257075e-01 3.168030e+00
270 1.611788e-05 1.079656e-01 3.168180e+00
271 1.692159e-05 4.986420e-02 3.199602e+00
272 1.888596e-05 1.160863e-01 3.199289e+00
273 1.526223e-05 1.918743e-01 3.319004e+00
274 1.763403e-05 1.554034e-01 3.384030e+00
275 2.251290e-05 2.766735e-01 3.279248e+00
276 1.430349e-05 3.646533e-01 3.447797e+00
277 1.553974e-05 8.642993e-02 3.175580e+00
278 1.615653e-05 3.969076e-02 3.231707e+00
279 1.377141e-05 1.476258e-01 3.144189e+00
280 1.686499e-05 2.246380e-01 3.175631e+00
281 1.509520e-05 1.049385e-01 3.175609e+00
282 1.389956e-05 7.920678e-02 3.183631e+00
283 1.246322e-05 1.033369e-01 3.199402e+00
284 1.441174e-05 1.563414e-01 3.144683e+00
285 8.955313e-06 3.786099e-01 3.238841e+00
286 1.419215e-05 5.847749e-01 3.168452e+00
287 8.850170e-06 3.764041e-01 3.446397e+00
288 1.072114e-05 2.114051e-01 3.557415e+00
289 7.705147e-06 2.813128e-01 3.383561e+00
290 9.739142e-06 2.639786e-01 3.335932e+00
291 9.780969e-06 4.294731e-03 3.383380e+00
292 1.255882e-05 2.840057e-01 3.341670e+00
293 7.575957e-06 3.967620e-01 3.391966e+00
294 1.010489e-05 3.338099e-01 3.319948e+00
295 9.676130e-06 4.243069e-02 3.207345e+00
296 1.101081e-05 1.379358e-01 3.144069e+00
297 5.993315e-06 4.556883e-01 3.175067e+00
298 1.182901e-05 9.737001e-01 3.151349e+00
299 6.878240e-06 4.185277e-01 3.247910e+00
300 9.317434e-06 3.546247e-01 3.264162e+00
301 8.817084e-06 5.370042e-02 3.467698e+00
302 9.413404e-06 6.763239e-02 3.431885e+00
303 1.006892e-05 6.963625e-02 3.167992e+00
304 5.687192e-06 4.351736e-01 3.223777e+00
305 7.271937e-06 2.786517e-01 3.191698e+00
306 6.903788e-06 5.062597e-02 3.199091e+00
307 7.625778e-06 1.045788e-01 3.206503e+00
308 6.885044e-06 9.713554e-02 3.239723e+00
309 8.812616e-06 2.799651e-01 3.184017e+00
310 9.212048e-06 4.532501e-02 3.167328e+00
311 7.221422e-06 2.160894e-01 3.168386e+00
312 7.137345e-06 1.164269e-02 3.303211e+00
313 5.453710e-06 2.358910e-01 3.288055e+00
314 5.626898e-06 3.175611e-02 3.366967e+00
315 7.503474e-06 3.335009e-01 3.207450e+00
316 4.883409e-06 3.491802e-01 3.391643e+00
317 7.077968e-06 4.493907e-01 3.224441e+00
318 4.681521e-06 3.385783e-01 3.127405e+00
319 7.045490e-06 5.049573e-01 3.167857e+00
320 6.315156e-06 1.036598e-01 3.271794e+00
321 7.522936e-06 1.912510e-01 3.215153e+00
322 6.077765e-06 1.921019e-01 3.180996e+00
323 4.483118e-06 2.623740e-01 3.141494e+00
324 6.498092e-06 4.494581e-01 3.295872e+00
325 5.149176e-06 2.075864e-01 3.271962e+00
326 6.484077e-06 2.592455e-01 3.295439e+00
327 5.472442e-06 1.560184e-01 3.334162e+00
328 6.966286e-06 2.729757e-01 3.255467e+00
329 4.945481e-06 2.900836e-01 3.255573e+00
330 6.707094e-06 3.562067e-01 3.159251e+00
331 6.934810e-06 3.395149e-02 3.199370e+00
332 6.126693e-06 1.165305e-01 3.207845e+00
333 5.799623e-06 5.338441e-02 3.231713e+00
334 6.497811e-06 1.203850e-01 3.423381e+00
335 4.810624e-06 2.596546e-01 3.271979e+00
336 5.754487e-06 1.962038e-01 3.303733e+00
337 3.926000e-06 3.177498e-01 3.342950e+00
338 5.902295e-06 5.033865e-01 3.319966e+00
339 4.750954e-06 1.950666e-01 3.479964e+00
340 3.779702e-06 2.044331e-01 3.678988e+00
341 3.986597e-06 5.473845e-02 3.301262e+00
342 4.092250e-06 2.650195e-02 3.231835e+00
343 2.775306e-06 3.218141e-01 3.255237e+00
344 4.414969e-06 5.908042e-01 3.175240e+00
345 2.351662e-06 4.673435e-01 3.149988e+00
346 4.933695e-06 1.097961e+00 3.247744e+00
347 2.263113e-06 5.412945e-01 3.294985e+00
348 3.477901e-06 5.367770e-01 3.256236e+00
349 2.178815e-06 3.735257e-01 3.312036e+00
350 3.722584e-06 7.085359e-01 3.375699e+00
351 2.171144e-06 4.167643e-01 3.519451e+00
352 3.556106e-06 6.378948e-01 3.455543e+00
353 2.147291e-06 3.961678e-01 3.646167e+00
354 3.136902e-06 4.608649e-01 3.312659e+00
355 1.946404e-06 3.795141e-01 3.359231e+00
356 2.585627e-06 3.284125e-01 3.375397e+00
357 3.109982e-06 2.027960e-01 3.408136e+00
358 3.032951e-06 2.476889e-02 3.408163e+00
359 2.573247e-06 1.515697e-01 3.383500e+00
360 2.547575e-06 9.976614e-03 3.359079e+00
361 2.628412e-06 3.173101e-02 3.351334e+00
362 2.473641e-06 5.888383e-02 3.415143e+00
363 2.613514e-06 5.654516e-02 3.520373e+00
364 2.830378e-06 8.297825e-02 3.479672e+00
365 2.209107e-06 2.195013e-01 3.938586e+00
366 3.260101e-06 4.757552e-01 3.544168e+00
367 1.943466e-06 4.038632e-01 3.383694e+00
368 2.144656e-06 1.035215e-01 3.375654e+00
369 2.852593e-06 3.300931e-01 3.407794e+00
370 2.208141e-06 2.259179e-01 3.351807e+00
371 2.306309e-06 4.445717e-02 3.399861e+00
372 2.152309e-06 6.677329e-02 3.384181e+00
373 2.185465e-06 1.540504e-02 3.383062e+00
374 2.736684e-06 2.522202e-01 3.359838e+00
375 1.111912e-06 5.937008e-01 3.646994e+00
376 1.977193e-06 7.781917e-01 3.415654e+00
377 1.383126e-06 3.004598e-01 3.319943e+00
378 1.886765e-06 3.641306e-01 3.360239e+00
379 1.537030e-06 1.853622e-01 3.318913e+00
380 1.472258e-06 4.214087e-02 3.416128e+00
381 1.992471e-06 3.533434e-01 3.486895e+00
382 1.741569e-06 1.259252e-01 3.431716e+00
383 1.403702e-06 1.940011e-01 3.652879e+00
384 1.897135e-06 3.515222e-01 3.343857e+00
385 1.710752e-06 9.824468e-02 3.383522e+00
386 1.222149e-06 2.856071e-01 3.359811e+00
387 1.864278e-06 5.254098e-01 3.360146e+00
388 1.611072e-06 1.358195e-01 3.375883e+00
389 8.860678e-07 4.500137e-01 3.391178e+00
390 1.734121e-06 9.570973e-01 3.367855e+00
391 9.260702e-07 4.659714e-01 3.343806e+00
392 1.537258e-06 6.599797e-01 3.287884e+00
393 1.019384e-06 3.368812e-01 3.495281e+00
394 1.290979e-06 2.664299e-01 3.487872e+00
395 9.003863e-07 3.025554e-01 3.710935e+00
396 1.186637e-06 3.179201e-01 3.311417e+00
397 1.024994e-06 1.362198e-01 3.376303e+00
398 8.405115e-07 1.799837e-01 3.431188e+00
399 9.843883e-07 1.711776e-01 3.423547e+00
400 8.971019e-07 8.867069e-02 3.367790e+00
401 1.162355e-06 2.956783e-01 3.375351e+00
402 1.243197e-06 6.955011e-02 3.384188e+00
403 8.896191e-07 2.844104e-01 3.359627e+00
404 6.769286e-07 2.390804e-01 3.383425e+00
405 1.128999e-06 6.678257e-01 3.447559e+00
406 1.183335e-06 4.812753e-02 3.512202e+00
407 7.893994e-07 3.329028e-01 3.678362e+00
408 9.073480e-07 1.494157e-01 3.296264e+00
409 1.130376e-06 2.458024e-01 3.367015e+00
410 7.201919e-07 3.628743e-01 3.320202e+00
411 9.246019e-07 2.838272e-01 3.359829e+00
412 7.498502e-07 1.890021e-01 3.336084e+00
413 6.648788e-07 1.133178e-01 3.351140e+00
414 8.275562e-07 2.446722e-01 3.335747e+00
415 6.573218e-07 2.057073e-01 3.279811e+00
416 8.317726e-07 2.653964e-01 3.352422e+00
417 7.725565e-07 7.119269e-02 3.350871e+00
418 7.154344e-07 7.393909e-02 3.464760e+00
419 8.092982e-07 1.311984e-01 3.575347e+00
420 7.502030e-07 7.302034e-02 3.351280e+00
421 5.957162e-07 2.059266e-01 3.271586e+00
422 5.554147e-07 6.765218e-02 3.335690e+00
423 7.504952e-07 3.512339e-01 3.287934e+00
424 5.018005e-07 3.313742e-01 3.336073e+00
425 5.894661e-07 1.747023e-01 3.319667e+00
426 5.171433e-07 1.226921e-01 3.343732e+00
427 4.962952e-07 4.031402e-02 3.216176e+00
428 6.288300e-07 2.670483e-01 3.199882e+00
429 4.640393e-07 2.620592e-01 3.215249e+00
430 6.458876e-07 3.918812e-01 3.279461e+00
431 7.375910e-07 1.419806e-01 3.368201e+00
432 5.662554e-07 2.322909e-01 3.647557e+00
433 7.364992e-07 3.006485e-01 3.231680e+00
434 6.177953e-07 1.611732e-01 3.183986e+00
435 3.963777e-07 3.583996e-01 3.176089e+00
436 3.462185e-07 1.265439e-01 3.207517e+00
437 5.345213e-07 5.438842e-01 3.184186e+00
438 3.463803e-07 3.519804e-01 3.199238e+00
439 4.039576e-07 1.662259e-01 3.208306e+00
440 3.239993e-07 1.979374e-01 3.222805e+00
441 3.915961e-07 2.086326e-01 3.159992e+00
442 2.188277e-07 4.411902e-01 3.167908e+00
443 3.674686e-07 6.792599e-01 3.200047e+00
444 3.034343e-07 1.742580e-01 3.166910e+00
445 2.579756e-07 1.498139e-01 3.215777e+00
446 2.985115e-07 1.571308e-01 3.168173e+00
447 4.105909e-07 3.754608e-01 3.143796e+00
448 2.854962e-07 3.046698e-01 3.200197e+00
449 1.985607e-07 3.045066e-01 3.191753e+00
450 3.834852e-07 9.313246e-01 3.239741e+00
451 2.274514e-07 4.068834e-01 3.471271e+00
452 3.285071e-07 4.442953e-01 3.175765e+00
453 2.303963e-07 2.986564e-01 3.335926e+00
454 2.665767e-07 1.570357e-01 3.223658e+00
455 2.175345e-07 1.839705e-01 3.288086e+00
456 2.365443e-07 8.738758e-02 3.215160e+00
457 2.524135e-07 6.708772e-02 3.447460e+00
458 2.414574e-07 4.340560e-02 3.255788e+00
459 3.467171e-07 4.359352e-01 3.256328e+00
460 2.744892e-07 2.083194e-01 3.303833e+00
461 2.730257e-07 5.331679e-03 3.383824e+00
462 2.669426e-07 2.228031e-02 3.623211e+00
463 3.646609e-07 3.660646e-01 3.407948e+00
464 2.121253e-07 4.182944e-01 3.567700e+00
465 2.538791e-07 1.968357e-01 3.415270e+00
466 2.899273e-07 1.419894e-01 3.232119e+00
467 2.433614e-07 1.606123e-01 3.207778e+00
468 1.741742e-07 2.842982e-01 3.320182e+00
469 1.844411e-07 5.894615e-02 3.319376e+00
470 2.211779e-07 1.991795e-01 3.367697e+00
471 2.085724e-07 5.699288e-02 3.272164e+00
472 2.077782e-07 3.807549e-03 3.343839e+00
473 1.902457e-07 8.438104e-02 3.279256e+00
474 1.662225e-07 1.262745e-01 3.392261e+00
475 1.603913e-07 3.508096e-02 3.478688e+00
476 1.622162e-07 1.137822e-02 3.479341e+00
477 1.777628e-07 9.583862e-02 3.360396e+00
478 1.437590e-07 1.912877e-01 3.335027e+00
479 1.551374e-07 7.914922e-02 3.375836e+00
480 1.328444e-07 1.436985e-01 3.279708e+00
481 1.774148e-07 3.355089e-01 3.335340e+00
482 1.549803e-07 1.264523e-01 3.351615e+00
483 1.501667e-07 3.105939e-02 3.424387e+00
484 1.306531e-07 1.299462e-01 3.422850e+00
485 1.586667e-07 2.144116e-01 3.312159e+00
486 1.262479e-07 2.043200e-01 3.343584e+00
487 1.563937e-07 2.387821e-01 3.496420e+00
488 1.105444e-07 2.931657e-01 3.646467e+00
489 1.199083e-07 8.470738e-02 3.419374e+00
490 1.012118e-07 1.559239e-01 3.303821e+00
491 1.576739e-07 5.578619e-01 3.335757e+00
492 1.566447e-07 6.527633e-03 3.335928e+00
493 1.310596e-07 1.633321e-01 3.375767e+00
494 1.128192e-07 1.391765e-01 3.319791e+00
495 1.568374e-07 3.901664e-01 3.335379e+00
496 9.321800e-08 4.056393e-01 3.319887e+00
497 1.503717e-07 6.131185e-01 3.319614e+00
498 9.078242e-08 3.962798e-01 3.344293e+00
499 1.366660e-07 5.054233e-01 3.319351e+00
500 1.077272e-07 2.117483e-01 3.359455e+00
501 7.710921e-08 2.842177e-01 3.344099e+00
502 9.953797e-08 2.908700e-01 3.360103e+00
503 8.124307e-08 1.837981e-01 3.479295e+00
504 1.195982e-07 4.721032e-01 3.303634e+00
505 6.757647e-08 4.349708e-01 3.328070e+00
506 1.011086e-07 4.962101e-01 3.136191e+00
507 6.639200e-08 3.433595e-01 3.479380e+00
508 9.710684e-08 4.626288e-01 3.647877e+00
509 7.606226e-08 2.167158e-01 3.415522e+00
510 8.074296e-08 6.153783e-02 3.343771e+00
511 8.910460e-08 1.035587e-01 3.335781e+00
512 6.858252e-08 2.303145e-01 3.375112e+00
513 9.223456e-08 3.448698e-01 3.416269e+00
514 7.554598e-08 1.809364e-01 3.343476e+00
515 7.778892e-08 2.968978e-02 3.223549e+00
516 8.757413e-08 1.257919e-01 3.175931e+00
517 8.477015e-08 3.201844e-02 3.248139e+00
518 8.777709e-08 3.547172e-02 3.286625e+00
519 7.748524e-08 1.172498e-01 3.272380e+00
520 7.506558e-08 3.122738e-02 3.399480e+00
521 5.697399e-08 2.410105e-01 3.391946e+00
522 3.592436e-08 3.694603e-01 3.503301e+00
523 7.104875e-08 9.777317e-01 3.247568e+00
524 5.678954e-08 2.006961e-01 3.256068e+00
525 7.104642e-08 2.510477e-01 3.406631e+00
526 7.568184e-08 6.524487e-02 3.439885e+00
527 5.249267e-08 3.064033e-01 3.647999e+00
528 4.526826e-08 1.376271e-01 3.415490e+00
529 6.169745e-08 3.629296e-01 3.471272e+00
530 3.886174e-08 3.701240e-01 3.456203e+00
531 6.029852e-08 5.516166e-01 3.415570e+00
532 3.732852e-08 3.809379e-01 3.240017e+00
533 5.064106e-08 3.566316e-01 3.351194e+00
534 3.283084e-08 3.516952e-01 3.376183e+00
535 4.104407e-08 2.501680e-01 3.375768e+00
536 2.734885e-08 3.336711e-01 3.423826e+00
537 5.354032e-08 9.576811e-01 3.559375e+00
538 5.025761e-08 6.131301e-02 3.568306e+00
539 4.865964e-08 3.179543e-02 3.471137e+00
540 4.083044e-08 1.608974e-01 3.424065e+00
541 4.042563e-08 9.914376e-03 3.430870e+00
542 4.745202e-08 1.738104e-01 3.328413e+00
543 2.925204e-08 3.835450e-01 3.239453e+00
544 3.909423e-08 3.364618e-01 3.231796e+00
545 2.491596e-08 3.626692e-01 3.391491e+00
546 3.304772e-08 3.263678e-01 3.296153e+00
547 2.653561e-08 1.970517e-01 3.391594e+00
548 3.522632e-08 3.275112e-01 3.448016e+00
549 3.199475e-08 9.173752e-02 3.511354e+00
550 3.380489e-08 5.657626e-02 3.414511e+00
551 3.134519e-08 7.276149e-02 3.503706e+00
552 4.168119e-08 3.297473e-01 3.423907e+00
553 2.728776e-08 3.453219e-01 3.391401e+00
554 2.990003e-08 9.573027e-02 3.319758e+00
555 3.274722e-08 9.522371e-02 3.520178e+00
556 2.958977e-08 9.641890e-02 3.599619e+00
557 3.542011e-08 1.970391e-01 3.575477e+00
558 3.306228e-08 6.656746e-02 3.431549e+00
559 2.293656e-08 3.062621e-01 3.431435e+00
560 1.850195e-08 1.933425e-01 3.503764e+00
561 2.545168e-08 3.756217e-01 3.535941e+00
562 2.751398e-08 8.102822e-02 3.366552e+00
563 2.998024e-08 8.963651e-02 3.231793e+00
564 3.025117e-08 9.036813e-03 3.231194e+00
565 2.658084e-08 1.213285e-01 3.236461e+00
566 2.281266e-08 1.417629e-01 3.239777e+00
567 1.684261e-08 2.616993e-01 3.311909e+00
568 2.712275e-08 6.103657e-01 3.343922e+00
569 1.319821e-08 5.133899e-01 3.693411e+00
570 1.415288e-08 7.233350e-02 3.431616e+00
571 2.146038e-08 5.163261e-01 3.480021e+00
572 2.014840e-08 6.113479e-02 3.271045e+00
573 1.478511e-08 2.661894e-01 3.248569e+00
574 1.949787e-08 3.187500e-01 3.254861e+00
575 1.310564e-08 3.278421e-01 3.384354e+00
576 1.716131e-08 3.094595e-01 3.447500e+00
577 1.155447e-08 3.267142e-01 3.367599e+00
578 2.254865e-08 9.515094e-01 3.231527e+00
579 1.239136e-08 4.504612e-01 3.374630e+00
580 1.828036e-08 4.752503e-01 3.432609e+00
581 1.218874e-08 3.332330e-01 3.615354e+00
582 1.916957e-08 5.727282e-01 3.335562e+00
583 1.179666e-08 3.846154e-01 3.358576e+00
584 1.584292e-08 3.430010e-01 3.351711e+00
585 1.226757e-08 2.256753e-01 3.456289e+00
586 1.746448e-08 4.236303e-01 3.566579e+00
587 1.237499e-08 2.914197e-01 3.360340e+00
588 1.647921e-08 3.316549e-01 3.423633e+00
589 1.251577e-08 2.405115e-01 3.303938e+00
590 1.305876e-08 4.338435e-02 3.263995e+00
591 1.461002e-08 1.187908e-01 3.214950e+00
592 1.660829e-08 1.367742e-01 3.519811e+00
593 1.558588e-08 6.156021e-02 3.777987e+00
594 1.746166e-08 1.203509e-01 3.535654e+00
595 1.364723e-08 2.184462e-01 3.495486e+00
596 1.198270e-08 1.219679e-01 3.743976e+00
597 1.084342e-08 9.507761e-02 3.383656e+00
598 1.154971e-08 6.513545e-02 3.311986e+00
599 1.113802e-08 3.564535e-02 3.463681e+00
600 1.009700e-08 9.346510e-02 3.375271e+00
601 9.872842e-09 2.220045e-02 3.344337e+00
602 8.926416e-09 9.586156e-02 3.390867e+00
603 1.033620e-08 1.579335e-01 3.527338e+00
604 9.985798e-09 3.390006e-02 3.520479e+00
605 1.048707e-08 5.019813e-02 3.566199e+00
606 8.914624e-09 1.499412e-01 3.527368e+00
607 1.195945e-08 3.415543e-01 3.479802e+00
608 1.065480e-08 1.090893e-01 3.296065e+00
609 1.064104e-08 1.292207e-03 3.231376e+00
610 5.497968e-09 4.833239e-01 3.366974e+00
611 8.547720e-09 5.547052e-01 3.312544e+00
612 5.366531e-09 3.721681e-01 3.383766e+00
613 8.602550e-09 6.030000e-01 3.479089e+00
614 8.434459e-09 1.953962e-02 3.431611e+00
615 5.268897e-09 3.753130e-01 3.527821e+00
616 6.773731e-09 2.856070e-01 3.584431e+00
617 8.117931e-09 1.984429e-01 3.663426e+00
618 5.783384e-09 2.875790e-01 3.447817e+00
619 7.377237e-09 2.755918e-01 3.351870e+00
620 5.269156e-09 2.857548e-01 3.455607e+00
621 5.409044e-09 2.654833e-02 3.352013e+00
622 5.871525e-09 8.550155e-02 3.295495e+00
623 6.148831e-09 4.722881e-02 3.367491e+00
624 5.841516e-09 4.997929e-02 3.359668e+00
625 5.173274e-09 1.143953e-01 3.488033e+00
626 5.340622e-09 3.234857e-02 3.310714e+00
627 6.117152e-09 1.454007e-01 3.279888e+00
628 4.625558e-09 2.438381e-01 3.272003e+00
629 7.116354e-09 5.384856e-01 3.271274e+00
630 5.293112e-09 2.562045e-01 3.239869e+00
631 4.886486e-09 7.682162e-02 3.263700e+00
632 4.843922e-09 8.710634e-03 3.312250e+00
633 6.121877e-09 2.638266e-01 3.216041e+00
634 5.376886e-09 1.216933e-01 3.199656e+00
635 4.684352e-09 1.287984e-01 3.231157e+00
636 3.954668e-09 1.557706e-01 3.240032e+00
637 5.180403e-09 3.099464e-01 3.208331e+00
638 3.915848e-09 2.441036e-01 3.222907e+00
639 5.346839e-09 3.654358e-01 3.239727e+00
640 5.181331e-09 3.095435e-02 3.199499e+00
641 2.387750e-09 5.391629e-01 3.240168e+00
642 4.836638e-09 1.025605e+00 3.623432e+00
643 4.999534e-09 3.367969e-02 3.471313e+00
644 3.689435e-09 2.620443e-01 3.622947e+00
645 3.378699e-09 8.422320e-02 3.399111e+00
646 4.132870e-09 2.232135e-01 3.392586e+00
647 2.739014e-09 3.372609e-01 3.422950e+00
648 3.861017e-09 4.096375e-01 3.191810e+00
649 2.572691e-09 3.336754e-01 3.168415e+00
650 3.451715e-09 3.416751e-01 3.166241e+00
651 2.643587e-09 2.341237e-01 3.184443e+00
652 2.740467e-09 3.664728e-02 3.214918e+00
653 1.582966e-09 4.223737e-01 3.224070e+00
654 2.650448e-09 6.743558e-01 3.312280e+00
655 2.712037e-09 2.323735e-02 3.303574e+00
656 2.854344e-09 5.247221e-02 3.548668e+00
657 2.090967e-09 2.674439e-01 3.190719e+00
658 2.637276e-09 2.612710e-01 3.160432e+00
659 2.433048e-09 7.743923e-02 3.167811e+00
660 2.455101e-09 9.064180e-03 3.423087e+00
661 2.115878e-09 1.381706e-01 3.407645e+00
662 2.478352e-09 1.713113e-01 3.415609e+00
663 2.020643e-09 1.846829e-01 3.287574e+00
664 3.186232e-09 5.768408e-01 3.359475e+00
665 2.681649e-09 1.583638e-01 3.407402e+00
666 1.725583e-09 3.565214e-01 3.439561e+00
667 2.272513e-09 3.169537e-01 3.416167e+00
668 2.527637e-09 1.122651e-01 3.535707e+00
669 2.359979e-09 6.633015e-02 3.877548e+00
670 2.077143e-09 1.198467e-01 3.280143e+00
671 2.183161e-09 5.104023e-02 3.471371e+00
672 2.391087e-09 9.524101e-02 3.320017e+00
673 1.706261e-09 2.864080e-01 3.319733e+00
674 1.670844e-09 2.075715e-02 3.383562e+00
675 2.040657e-09 2.213335e-01 3.311360e+00
676 1.539540e-09 2.455666e-01 3.232105e+00
677 2.001381e-09 2.999863e-01 3.255609e+00
678 1.403879e-09 2.985449e-01 3.232203e+00
679 1.675445e-09 1.934401e-01 3.502322e+00
680 1.258311e-09 2.489695e-01 3.535650e+00
681 1.771857e-09 4.081237e-01 3.550216e+00
682 1.473871e-09 1.681771e-01 3.471386e+00
683 2.320465e-09 5.744014e-01 3.486859e+00
684 1.881514e-09 1.891653e-01 3.312509e+00
685 1.523795e-09 1.901226e-01 3.343870e+00
686 1.643248e-09 7.839162e-02 3.311782e+00
687 1.592219e-09 3.105405e-02 3.270992e+00
688 1.332818e-09 1.629176e-01 3.200118e+00
689 1.394945e-09 4.661324e-02 3.175244e+00
690 1.313817e-09 5.815848e-02 3.207863e+00
691 1.639083e-09 2.475731e-01 3.368112e+00
692 1.284432e-09 2.163719e-01 3.415811e+00
693 1.933337e-09 5.052084e-01 3.583118e+00
694 1.449370e-09 2.503275e-01 3.279405e+00
695 1.680145e-09 1.592243e-01 3.424430e+00
696 1.417032e-09 1.566012e-01 3.231814e+00
697 1.774189e-09 2.520459e-01 3.255441e+00
698 1.928092e-09 8.674549e-02 3.271535e+00
699 1.391037e-09 2.785421e-01 3.495665e+00
700 1.562442e-09 1.232209e-01 3.408346e+00
701 1.145364e-09 2.669396e-01 3.263209e+00
702 1.311619e-09 1.451542e-01 3.391380e+00
703 1.067777e-09 1.859094e-01 3.479350e+00
704 1.008332e-09 5.567166e-02 3.216338e+00
705 6.509183e-10 3.544602e-01 3.206313e+00
706 7.477645e-10 1.487839e-01 3.351808e+00
707 9.415060e-10 2.590942e-01 3.511597e+00
708 8.048673e-10 1.451278e-01 3.503958e+00
709 9.015756e-10 1.201544e-01 4.004368e+00
710 8.410499e-10 6.713325e-02 3.415803e+00
711 6.681664e-10 2.055568e-01 3.382203e+00
712 8.766063e-10 3.119581e-01 3.343850e+00
713 8.044079e-10 8.236134e-02 3.191254e+00
714 8.191844e-10 1.836943e-02 3.039641e+00
715 5.840031e-10 2.870920e-01 2.976132e+00
716 9.346802e-10 6.004714e-01 2.975389e+00
717 8.563346e-10 8.382082e-02 2.864418e+00
718 1.046657e-09 2.222520e-01 3.047929e+00
719 9.476170e-10 9.462479e-02 3.087680e+00
720 6.417641e-10 3.227600e-01 3.503736e+00
721 5.566754e-10 1.325857e-01 3.750651e+00
722 6.749321e-10 2.124339e-01 3.400156e+00
723 4.799687e-10 2.888637e-01 3.399579e+00
724 7.477776e-10 5.579715e-01 3.391884e+00
725 5.338598e-10 2.860714e-01 3.319268e+00
726 5.522436e-10 3.443552e-02 3.328407e+00
727 6.776478e-10 2.270814e-01 3.399187e+00
728 6.839208e-10 9.256994e-03 3.431663e+00
729 7.867281e-10 1.503205e-01 3.527692e+00
730 5.264401e-10 3.308487e-01 3.407575e+00
731 8.203859e-10 5.583650e-01 3.222582e+00
732 5.496309e-10 3.300337e-01 3.191806e+00
733 6.832260e-10 2.430634e-01 3.408307e+00
734 7.273174e-10 6.453413e-02 3.779827e+00
735 6.972836e-10 4.129403e-02 3.367806e+00
736 6.181542e-10 1.134823e-01 3.343724e+00
737 5.174208e-10 1.629584e-01 3.207437e+00
738 5.925554e-10 1.452100e-01 3.271324e+00
739 3.806969e-10 3.575337e-01 3.456268e+00
740 5.122058e-10 3.454426e-01 3.439589e+00
741 3.046948e-10 4.051321e-01 3.207387e+00
742 4.117016e-10 3.511932e-01 3.111699e+00
743 2.856396e-10 3.061974e-01 3.183477e+00
744 4.513522e-10 5.801455e-01 3.392280e+00
745 3.201142e-10 2.907663e-01 3.320195e+00
746 4.836765e-10 5.109502e-01 3.440240e+00
747 2.993030e-10 3.811918e-01 3.327822e+00
748 4.378634e-10 4.629435e-01 3.319811e+00
749 4.535207e-10 3.575830e-02 3.271510e+00
750 3.789010e-10 1.645342e-01 3.495651e+00
751 3.617784e-10 4.519026e-02 3.487384e+00
752 1.860442e-10 4.857510e-01 3.344591e+00
753 3.529744e-10 8.972613e-01 3.135024e+00
754 2.785625e-10 2.108139e-01 3.079770e+00
755 3.456569e-10 2.408596e-01 3.119465e+00
756 3.566804e-10 3.189117e-02 3.376174e+00
757 2.465601e-10 3.087365e-01 3.495967e+00
758 2.926029e-10 1.867408e-01 3.559269e+00
759 2.269926e-10 2.242298e-01 3.255693e+00
760 2.528614e-10 1.139629e-01 3.079488e+00
761 2.275889e-10 9.994586e-02 2.935516e+00
762 2.184517e-10 4.014802e-02 2.927600e+00
763 2.944782e-10 3.480244e-01 2.976115e+00
764 3.142554e-10 6.716008e-02 3.127713e+00
765 2.343168e-10 2.543747e-01 3.006924e+00
766 3.217320e-10 3.730641e-01 3.127663e+00
767 1.598676e-10 5.031033e-01 2.903100e+00
768 2.280367e-10 4.264101e-01 2.943788e+00
769 2.607200e-10 1.433247e-01 3.047991e+00
770 2.581555e-10 9.836239e-03 3.431607e+00
771 1.482906e-10 4.255764e-01 4.095924e+00
772 1.988685e-10 3.410727e-01 3.183614e+00
773 2.366873e-10 1.901702e-01 3.239381e+00
774 2.704540e-10 1.426636e-01 3.319926e+00
775 1.890852e-10 3.008600e-01 3.246121e+00
776 1.714117e-10 9.346861e-02 3.279261e+00
777 2.376713e-10 3.865528e-01 3.216499e+00
778 2.539715e-10 6.858288e-02 3.102575e+00
779 2.326090e-10 8.411364e-02 3.272061e+00
780 1.434447e-10 3.833228e-01 3.301862e+00
781 1.945644e-10 3.563719e-01 3.255821e+00
782 1.362545e-10 2.996947e-01 3.471845e+00
783 1.586485e-10 1.643549e-01 3.286971e+00
784 1.745726e-10 1.003731e-01 3.473805e+00
785 1.487377e-10 1.479894e-01 3.160097e+00
786 1.506753e-10 1.302670e-02 3.063154e+00
787 1.714119e-10 1.376247e-01 3.008484e+00
788 1.254473e-10 2.681527e-01 3.151164e+00
789 1.596382e-10 2.725516e-01 3.231667e+00
790 1.260696e-10 2.102792e-01 3.190894e+00
791 1.226410e-10 2.719602e-02 3.136336e+00
792 1.213480e-10 1.054269e-02 3.199949e+00
793 1.434498e-10 1.821353e-01 3.205810e+00
794 1.126538e-10 2.146816e-01 3.143682e+00
795 9.941692e-11 1.175003e-01 3.303530e+00
