1 2.071709e-01 1.000000e+00 3.816036e+00
2 9.035898e-02 5.638432e-01 4.304045e+00
3 6.307833e-02 3.019141e-01 3.951792e+00
4 5.995576e-02 4.950303e-02 3.991076e+00
5 5.896110e-02 1.659004e-02 3.871700e+00
6 5.829889e-02 1.123122e-02 3.951779e+00
7 5.815892e-02 2.400840e-03 3.936516e+00
8 1.637422e-02 7.184574e-01 4.023445e+00
9 1.598019e-02 2.406385e-02 3.799961e+00
10 1.585965e-02 7.543177e-03 3.695248e+00
11 1.568061e-02 1.128915e-02 3.959951e+00
12 1.563231e-02 3.080184e-03 3.807709e+00
13 1.328215e-02 1.503399e-01 4.135991e+00
14 1.317863e-02 7.793655e-03 4.296226e+00
15 1.237313e-02 6.112195e-02 3.975271e+00
16 1.104624e-02 1.072396e-01 3.591861e+00
17 9.669503e-03 1.246339e-01 3.687504e+00
18 9.213153e-03 4.719481e-02 3.735711e+00
19 9.109554e-03 1.124465e-02 3.807503e+00
20 9.063437e-03 5.062494e-03 3.671633e+00
21 9.048935e-03 1.600120e-03 3.639496e+00
22 9.037649e-03 1.247215e-03 3.815910e+00
23 9.036295e-03 1.497135e-04 3.807540e+00
24 9.028748e-03 8.352685e-04 3.815350e+00
25 6.430823e-03 2.877393e-01 3.741468e+00
26 6.032665e-03 6.191390e-02 3.775888e+00
27 6.012180e-03 3.395666e-03 3.631384e+00
28 5.979598e-03 5.419331e-03 4.615509e+00
29 5.967196e-03 2.074168e-03 3.863668e+00
30 5.806865e-03 2.686868e-02 3.871915e+00
31 5.796981e-03 1.702151e-03 3.575262e+00
32 5.636062e-03 2.775900e-02 3.821374e+00
33 5.569490e-03 1.181192e-02 3.382671e+00
34 4.244299e-03 2.379375e-01 3.511534e+00
35 4.227895e-03 3.865155e-03 3.504492e+00
36 4.008510e-03 5.188971e-02 5.085142e+00
37 3.994322e-03 3.539574e-03 3.495099e+00
38 3.953443e-03 1.023433e-02 3.560276e+00
39 3.913469e-03 1.011122e-02 3.655366e+00
40 3.914590e-03 2.866189e-04 3.648147e+00
41 3.912857e-03 4.427868e-04 3.590975e+00
42 3.864554e-03 1.234471e-02 3.568617e+00
43 3.830165e-03 8.898642e-03 3.639909e+00
44 3.824274e-03 1.537906e-03 3.639405e+00
45 3.681828e-03 3.724783e-02 3.639346e+00
46 3.151570e-03 1.440203e-01 3.672360e+00
47 3.127870e-03 7.520306e-03 3.750886e+00
48 2.843199e-03 9.101108e-02 3.772808e+00
49 2.829963e-03 4.655118e-03 3.503216e+00
50 2.415281e-03 1.465327e-01 3.407942e+00
51 2.378065e-03 1.540848e-02 3.384280e+00
52 1.438326e-03 3.951698e-01 3.623576e+00
53 1.365344e-03 5.074056e-02 3.631153e+00
54 1.354291e-03 8.095760e-03 3.448547e+00
55 1.224862e-03 9.556916e-02 3.519145e+00
56 1.214823e-03 8.195988e-03 3.640160e+00
57 1.223705e-03 7.310980e-03 3.535559e+00
58 1.187638e-03 2.947348e-02 3.799593e+00
59 1.184039e-03 3.030546e-03 4.009344e+00
60 1.158197e-03 2.182553e-02 3.623659e+00
61 1.153393e-03 4.147041e-03 3.624024e+00
62 1.144438e-03 7.764734e-03 3.591870e+00
63 1.116810e-03 2.414095e-02 3.687965e+00
64 1.051187e-03 5.875903e-02 3.751023e+00
65 9.986510e-04 4.997795e-02 3.656409e+00
66 7.838391e-04 2.151021e-01 3.599248e+00
67 7.725171e-04 1.444425e-02 3.672077e+00
68 5.773725e-04 2.526088e-01 3.799522e+00
69 4.746171e-04 1.779708e-01 3.695888e+00
70 2.587707e-04 4.547801e-01 4.039144e+00
71 2.327298e-04 1.006330e-01 3.688032e+00
72 1.236414e-04 4.687343e-01 3.719457e+00
73 1.272052e-04 2.882358e-02 3.647703e+00
74 1.144901e-04 9.995694e-02 3.576358e+00
75 7.161918e-05 3.744511e-01 3.487952e+00
76 9.512827e-05 3.282513e-01 3.592189e+00
77 5.738375e-05 3.967750e-01 3.806883e+00
78 4.051203e-05 2.940157e-01 3.679579e+00
79 3.993593e-05 1.422039e-02 3.767132e+00
80 4.010663e-05 4.274325e-03 3.719774e+00
81 2.485283e-05 3.803312e-01 3.758840e+00
82 2.857834e-05 1.499027e-01 3.495726e+00
83 1.976990e-05 3.082208e-01 3.511457e+00
84 3.113264e-05 5.747499e-01 3.607418e+00
85 1.812777e-05 4.177245e-01 3.600609e+00
86 2.828953e-05 5.605630e-01 3.655737e+00
87 1.386605e-05 5.098524e-01 3.607425e+00
88 1.467239e-05 5.815213e-02 3.375470e+00
89 1.624043e-05 1.068701e-01 3.544143e+00
90 1.308082e-05 1.945523e-01 3.390102e+00
91 1.096143e-05 1.620222e-01 3.710967e+00
92 1.040475e-05 5.078555e-02 3.975417e+00
93 9.368058e-06 9.963648e-02 3.591935e+00
94 1.250717e-05 3.350864e-01 3.615866e+00
95 7.588569e-06 3.932623e-01 3.679561e+00
96 8.521806e-06 1.229793e-01 3.703490e+00
97 7.322375e-06 1.407484e-01 3.719786e+00
98 7.106609e-06 2.946663e-02 3.655449e+00
99 5.320304e-06 2.513583e-01 3.735646e+00
100 2.526561e-06 5.251097e-01 3.703901e+00
101 3.165442e-06 2.528660e-01 3.696142e+00
102 3.043558e-06 3.850454e-02 3.759619e+00
103 2.617884e-06 1.398606e-01 3.995021e+00
104 2.265283e-06 1.346896e-01 3.551953e+00
105 3.241535e-06 4.309626e-01 3.416349e+00
106 2.863260e-06 1.166963e-01 3.575737e+00
107 2.681016e-06 6.364905e-02 3.694929e+00
108 3.315031e-06 2.364830e-01 3.832333e+00
109 2.041328e-06 3.842204e-01 3.695917e+00
110 2.471690e-06 2.108246e-01 3.511816e+00
111 1.802940e-06 2.705639e-01 3.503324e+00
112 1.742831e-06 3.333933e-02 3.623439e+00
113 2.326377e-06 3.348262e-01 3.855762e+00
114 2.360527e-06 1.467954e-02 3.832080e+00
115 1.285740e-06 4.553163e-01 3.838870e+00
116 1.603500e-06 2.471410e-01 3.653882e+00
117 1.454109e-06 9.316524e-02 3.671471e+00
118 1.485905e-06 2.186631e-02 3.448391e+00
119 1.518635e-06 2.202666e-02 3.487709e+00
120 1.638735e-06 7.908409e-02 3.463614e+00
121 1.325656e-06 1.910491e-01 3.599358e+00
122 1.524843e-06 1.502557e-01 3.672371e+00
123 1.644333e-06 7.836218e-02 3.671616e+00
124 1.397076e-06 1.503694e-01 3.784002e+00
125 1.933093e-06 3.836707e-01 3.799166e+00
126 1.492851e-06 2.277395e-01 4.175610e+00
127 1.900511e-06 2.730748e-01 3.815210e+00
128 1.334124e-06 2.980182e-01 3.735969e+00
129 8.853170e-07 3.364059e-01 3.710925e+00
130 1.128863e-06 2.750947e-01 3.639827e+00
131 1.019489e-06 9.688879e-02 3.688197e+00
132 1.101532e-06 8.047496e-02 3.615513e+00
133 7.021712e-07 3.625504e-01 3.654995e+00
134 8.916265e-07 2.698135e-01 3.735408e+00
135 7.901121e-07 1.138530e-01 3.791486e+00
136 1.228526e-06 5.548756e-01 3.759963e+00
137 6.663290e-07 4.576191e-01 3.919106e+00
138 1.137539e-06 7.071738e-01 3.575775e+00
139 6.520426e-07 4.267956e-01 3.551160e+00
140 1.187885e-06 8.217902e-01 3.512531e+00
141 5.229688e-07 5.597479e-01 3.439878e+00
142 1.041173e-06 9.908885e-01 3.592005e+00
143 7.209686e-07 3.075417e-01 3.527959e+00
144 9.095602e-07 2.615808e-01 3.599257e+00
145 5.167250e-07 4.318957e-01 3.559390e+00
146 8.388394e-07 6.233767e-01 3.448671e+00
147 5.436248e-07 3.519322e-01 3.759436e+00
148 7.380015e-07 3.575568e-01 4.109849e+00
149 5.021670e-07 3.195582e-01 3.615390e+00
150 6.722600e-07 3.387179e-01 3.719808e+00
151 4.129068e-07 3.857930e-01 3.663423e+00
152 7.021938e-07 7.006108e-01 3.656237e+00
153 3.676309e-07 4.764538e-01 3.695528e+00
154 5.439218e-07 4.795322e-01 3.695645e+00
155 3.875429e-07 2.875025e-01 3.799228e+00
156 5.394522e-07 3.919805e-01 3.656243e+00
157 3.807547e-07 2.941828e-01 3.630322e+00
158 5.225324e-07 3.723598e-01 3.671953e+00
159 3.717589e-07 2.885438e-01 3.679194e+00
160 4.615210e-07 2.414524e-01 3.623800e+00
161 2.917507e-07 3.678497e-01 3.543853e+00
162 4.549105e-07 5.592441e-01 3.727533e+00
163 3.070823e-07 3.249612e-01 3.679999e+00
164 4.501233e-07 4.658068e-01 3.551909e+00
165 2.814283e-07 3.747752e-01 3.535639e+00
166 3.973870e-07 4.120365e-01 3.727329e+00
167 2.729065e-07 3.132475e-01 3.680143e+00
168 3.971192e-07 4.551476e-01 3.687221e+00
169 2.563990e-07 3.543525e-01 3.759921e+00
170 3.635848e-07 4.180427e-01 3.728288e+00
171 2.226332e-07 3.876718e-01 3.719325e+00
172 3.238320e-07 4.545538e-01 3.695887e+00
173 2.171144e-07 3.295463e-01 3.767907e+00
174 3.224426e-07 4.851279e-01 3.906353e+00
175 2.201070e-07 3.173762e-01 3.687791e+00
176 2.821880e-07 2.820490e-01 3.864199e+00
177 1.783593e-07 3.679415e-01 3.791577e+00
178 2.953728e-07 6.560550e-01 3.799784e+00
179 1.827698e-07 3.812232e-01 3.791608e+00
180 2.624849e-07 4.361497e-01 3.735234e+00
181 1.701858e-07 3.516356e-01 3.606772e+00
182 2.901429e-07 7.048592e-01 3.639677e+00
183 1.799052e-07 3.799427e-01 3.632346e+00
184 2.555134e-07 4.202666e-01 3.567921e+00
185 1.606336e-07 3.713300e-01 3.623165e+00
186 2.556843e-07 5.917236e-01 3.567849e+00
187 1.738226e-07 3.201669e-01 3.623881e+00
188 2.208736e-07 2.706839e-01 3.695618e+00
189 1.663145e-07 2.470150e-01 3.783912e+00
190 2.558599e-07 5.384100e-01 3.655126e+00
191 1.718983e-07 3.281545e-01 3.904069e+00
192 2.024369e-07 1.776545e-01 3.504281e+00
193 1.531259e-07 2.435871e-01 3.647475e+00
194 2.450077e-07 6.000415e-01 3.453809e+00
195 1.514639e-07 3.817994e-01 3.518873e+00
196 2.033089e-07 3.422928e-01 3.479687e+00
197 1.477332e-07 2.733558e-01 3.632210e+00
198 1.743634e-07 1.802584e-01 3.759644e+00
199 1.133772e-07 3.497649e-01 3.839954e+00
200 1.752126e-07 5.453951e-01 3.808741e+00
201 1.348694e-07 2.302531e-01 3.951312e+00
202 1.601022e-07 1.870911e-01 3.695898e+00
203 1.246979e-07 2.211354e-01 3.695087e+00
204 1.530440e-07 2.273179e-01 3.720416e+00
205 1.218245e-07 2.039905e-01 3.599213e+00
206 1.284410e-07 5.431193e-02 3.647614e+00
207 1.040175e-07 1.901533e-01 3.736077e+00
208 1.222668e-07 1.754443e-01 3.750795e+00
209 9.315837e-08 2.380731e-01 3.768099e+00
210 1.390408e-07 4.925207e-01 3.839881e+00
211 7.628871e-08 4.513214e-01 3.759235e+00
212 1.336042e-07 7.512975e-01 3.959356e+00
213 7.011393e-08 4.752118e-01 3.751994e+00
214 1.155208e-07 6.476156e-01 3.702977e+00
215 9.312126e-08 1.939005e-01 3.664154e+00
216 1.676098e-07 7.999096e-01 3.671276e+00
217 1.422580e-07 1.512551e-01 3.608322e+00
218 1.321277e-07 7.121054e-02 3.687842e+00
219 1.167376e-07 1.164789e-01 3.711207e+00
220 1.252915e-07 7.327396e-02 3.735655e+00
221 1.123335e-07 1.034228e-01 3.887921e+00
222 1.058442e-07 5.776747e-02 4.086415e+00
223 9.045020e-08 1.454406e-01 3.631209e+00
224 1.011683e-07 1.184978e-01 3.549421e+00
225 9.049929e-08 1.054584e-01 3.391605e+00
226 9.193904e-08 1.590891e-02 3.487920e+00
227 7.957047e-08 1.345301e-01 3.527760e+00
228 9.062928e-08 1.389814e-01 3.463929e+00
229 9.447454e-08 4.242842e-02 3.423583e+00
230 8.453260e-08 1.052340e-01 3.415592e+00
231 7.293881e-08 1.371517e-01 3.431438e+00
232 7.853708e-08 7.675288e-02 3.533948e+00
233 6.708729e-08 1.457883e-01 3.550001e+00
234 7.168432e-08 6.852302e-02 3.623778e+00
235 6.989113e-08 2.501510e-02 3.819711e+00
236 7.027772e-08 5.531285e-03 3.415930e+00
237 6.046161e-08 1.396759e-01 3.448107e+00
238 6.970771e-08 1.529250e-01 3.463160e+00
239 5.696497e-08 1.828024e-01 3.479700e+00
240 7.710743e-08 3.535938e-01 3.407897e+00
241 7.879109e-08 2.183521e-02 3.448135e+00
242 6.255341e-08 2.060851e-01 3.463710e+00
243 4.387220e-08 2.986442e-01 3.431060e+00
244 6.057277e-08 3.806642e-01 3.464197e+00
245 4.190586e-08 3.081733e-01 3.446919e+00
246 5.009765e-08 1.954806e-01 3.585067e+00
247 4.098005e-08 1.819965e-01 3.694199e+00
248 5.765126e-08 4.068127e-01 3.592235e+00
249 3.930042e-08 3.183076e-01 3.735116e+00
250 6.087000e-08 5.488383e-01 3.583198e+00
251 6.305378e-08 3.587622e-02 3.663282e+00
252 6.714475e-08 6.488058e-02 3.639559e+00
253 4.311526e-08 3.578759e-01 3.647626e+00
254 4.712744e-08 9.305710e-02 3.735562e+00
255 3.531308e-08 2.506897e-01 3.847670e+00
256 4.140612e-08 1.725433e-01 3.855949e+00
257 3.235555e-08 2.185805e-01 3.751552e+00
258 3.936922e-08 2.167689e-01 3.632039e+00
259 2.946016e-08 2.516958e-01 3.639600e+00
260 3.527652e-08 1.974315e-01 3.671379e+00
261 2.687354e-08 2.382032e-01 3.679808e+00
262 3.525910e-08 3.120379e-01 3.615886e+00
263 2.477645e-08 2.973033e-01 3.623542e+00
264 3.576305e-08 4.434290e-01 3.727843e+00
265 2.444105e-08 3.165837e-01 3.670027e+00
266 2.814784e-08 1.516625e-01 3.791125e+00
267 2.770882e-08 1.559721e-02 3.639629e+00
268 4.975093e-08 7.954910e-01 3.655938e+00
269 3.714283e-08 2.534243e-01 3.590936e+00
270 3.652025e-08 1.676199e-02 3.656468e+00
271 3.020050e-08 1.730477e-01 3.663107e+00
272 3.265272e-08 8.119798e-02 3.695885e+00
273 3.374540e-08 3.346353e-02 3.662485e+00
274 2.969965e-08 1.198904e-01 3.823067e+00
275 2.201069e-08 2.588907e-01 3.672529e+00
276 3.021881e-08 3.729153e-01 3.671566e+00
277 2.898367e-08 4.087317e-02 3.663151e+00
278 2.629128e-08 9.289341e-02 3.606546e+00
279 2.141992e-08 1.852843e-01 3.614944e+00
280 2.675042e-08 2.488574e-01 3.631811e+00
281 1.478448e-08 4.473180e-01 3.726999e+00
282 2.138753e-08 4.466207e-01 3.695959e+00
283 2.023688e-08 5.380010e-02 3.663445e+00
284 2.771357e-08 3.694588e-01 3.680182e+00
285 1.830392e-08 3.395323e-01 3.973921e+00
286 2.736534e-08 4.950535e-01 3.911971e+00
287 1.785978e-08 3.473579e-01 3.735470e+00
288 2.587734e-08 4.489176e-01 3.679497e+00
289 1.737526e-08 3.285531e-01 3.648301e+00
290 2.579068e-08 4.843332e-01 3.719748e+00
291 1.723545e-08 3.317180e-01 3.679773e+00
292 2.513007e-08 4.580459e-01 3.575884e+00
293 1.712497e-08 3.185466e-01 3.623074e+00
294 2.385086e-08 3.927529e-01 3.688340e+00
295 1.728114e-08 2.754499e-01 3.604870e+00
296 2.475625e-08 4.325587e-01 4.207791e+00
297 1.709298e-08 3.095489e-01 4.471491e+00
298 2.387356e-08 3.966877e-01 3.568358e+00
299 1.683729e-08 2.947306e-01 3.687824e+00
300 2.333953e-08 3.861814e-01 3.631369e+00
301 1.708997e-08 2.677674e-01 3.695602e+00
302 2.174430e-08 2.723429e-01 3.712268e+00
303 1.661480e-08 2.359011e-01 3.678383e+00
304 2.139888e-08 2.879414e-01 3.711576e+00
305 1.646624e-08 2.305092e-01 3.639480e+00
306 2.119656e-08 2.872734e-01 3.647664e+00
307 1.624219e-08 2.337346e-01 4.263017e+00
308 2.037723e-08 2.545864e-01 4.342572e+00
309 1.636216e-08 1.970372e-01 3.527216e+00
310 1.907569e-08 1.658418e-01 3.613700e+00
311 1.588520e-08 1.672541e-01 3.623652e+00
312 1.883360e-08 1.856068e-01 3.710992e+00
313 1.568113e-08 1.673851e-01 3.639975e+00
314 1.828315e-08 1.659327e-01 3.710496e+00
315 1.577939e-08 1.369436e-01 3.759669e+00
316 1.676611e-08 6.253224e-02 3.655223e+00
317 1.546416e-08 7.765377e-02 3.664184e+00
318 1.711227e-08 1.065763e-01 4.102779e+00
319 1.532369e-08 1.045203e-01 3.615523e+00
320 1.593521e-08 3.990696e-02 3.860570e+00
321 1.510866e-08 5.186959e-02 3.606843e+00
322 1.486031e-08 1.643762e-02 3.768318e+00
323 1.498369e-08 8.302496e-03 3.695532e+00
324 1.501788e-08 2.282370e-03 3.711485e+00
325 1.498674e-08 2.073770e-03 3.711980e+00
326 1.466476e-08 2.148458e-02 3.727365e+00
327 1.476991e-08 7.170525e-03 3.687493e+00
328 1.356308e-08 8.170871e-02 3.688240e+00
329 1.468131e-08 8.244687e-02 3.759943e+00
330 1.250921e-08 1.479502e-01 3.799318e+00
331 1.386435e-08 1.083317e-01 3.735729e+00
332 1.216108e-08 1.228528e-01 3.663511e+00
333 1.372357e-08 1.284833e-01 3.759693e+00
334 1.205296e-08 1.217333e-01 3.856009e+00
335 1.389871e-08 1.531371e-01 3.784008e+00
336 1.759545e-08 2.659767e-01 3.750612e+00
337 1.155376e-08 3.433663e-01 3.639748e+00
338 1.141311e-08 1.217351e-02 3.973957e+00
339 8.862688e-09 2.234645e-01 3.647880e+00
340 7.431814e-09 1.614492e-01 3.687129e+00
341 6.121979e-09 1.762470e-01 3.648054e+00
342 6.129312e-09 1.197765e-03 3.646917e+00
343 4.205638e-09 3.138483e-01 3.655454e+00
344 4.815063e-09 1.449068e-01 3.608554e+00
345 2.425769e-09 4.962124e-01 3.655578e+00
346 6.389687e-09 1.634087e+00 3.663242e+00
347 5.479668e-09 1.424199e-01 3.688355e+00
348 6.312029e-09 1.518998e-01 3.886903e+00
349 5.257142e-09 1.671233e-01 3.915679e+00
350 5.272866e-09 2.991080e-03 3.686212e+00
351 4.647764e-09 1.185508e-01 3.621588e+00
352 4.916386e-09 5.779597e-02 3.767596e+00
353 3.022792e-09 3.851598e-01 3.694847e+00
354 4.372357e-09 4.464634e-01 3.672380e+00
355 3.001707e-09 3.134808e-01 3.791162e+00
356 3.379227e-09 1.257683e-01 3.647504e+00
357 2.574623e-09 2.381030e-01 3.647141e+00
358 2.961139e-09 1.501253e-01 3.831157e+00
359 2.367738e-09 2.003963e-01 4.159084e+00
360 2.453663e-09 3.629003e-02 3.976097e+00
361 1.570188e-09 3.600635e-01 3.647349e+00
362 1.881087e-09 1.980008e-01 3.688293e+00
363 1.319180e-09 2.987143e-01 3.751243e+00
364 1.981679e-09 5.022060e-01 3.680272e+00
365 1.220242e-09 3.842383e-01 3.727330e+00
366 1.581321e-09 2.959078e-01 3.719410e+00
367 1.011420e-09 3.603960e-01 3.743907e+00
368 1.726981e-09 7.074828e-01 3.552250e+00
369 1.031500e-09 4.027153e-01 3.735802e+00
370 1.339281e-09 2.983821e-01 3.871459e+00
371 1.083590e-09 1.909164e-01 3.960639e+00
372 1.569690e-09 4.486019e-01 3.735483e+00
373 9.084833e-10 4.212341e-01 3.735672e+00
374 1.554674e-09 7.112856e-01 3.647816e+00
375 8.912332e-10 4.267396e-01 3.679926e+00
376 1.105113e-09 2.399822e-01 3.655679e+00
377 8.141418e-10 2.632957e-01 3.719927e+00
378 1.416506e-09 7.398768e-01 3.783732e+00
379 8.310561e-10 4.133058e-01 3.686546e+00
380 1.345076e-09 6.185145e-01 3.694685e+00
381 8.189529e-10 3.911477e-01 3.639996e+00
382 1.335214e-09 6.303923e-01 3.703911e+00
383 8.111664e-10 3.924824e-01 3.639564e+00
384 1.311001e-09 6.161925e-01 3.663640e+00
385 8.233855e-10 3.719414e-01 3.743740e+00
386 1.266847e-09 5.385835e-01 3.728011e+00
387 8.125431e-10 3.586100e-01 3.831722e+00
388 1.140335e-09 4.034142e-01 3.863550e+00
389 7.822818e-10 3.139893e-01 3.805078e+00
390 1.058991e-09 3.537205e-01 3.663751e+00
391 7.786128e-10 2.647596e-01 3.605103e+00
392 1.010271e-09 2.975272e-01 3.631667e+00
393 7.734655e-10 2.343982e-01 3.695023e+00
394 9.138422e-10 1.814906e-01 3.671270e+00
395 7.451394e-10 1.846083e-01 3.679792e+00
396 9.086931e-10 2.194941e-01 3.631577e+00
397 7.322363e-10 1.941875e-01 3.645839e+00
398 8.603918e-10 1.750193e-01 3.719579e+00
399 7.330934e-10 1.479540e-01 3.775774e+00
400 7.978029e-10 8.826921e-02 4.011118e+00
401 7.237863e-10 9.277564e-02 3.704477e+00
402 7.349191e-10 1.538144e-02 3.703573e+00
403 7.138168e-10 2.871383e-02 3.679622e+00
404 7.492664e-10 4.966210e-02 3.687143e+00
405 6.951790e-10 7.218714e-02 3.736275e+00
406 7.441568e-10 7.045354e-02 3.663510e+00
407 1.056766e-09 4.200850e-01 3.669635e+00
408 1.305666e-09 2.355299e-01 3.615261e+00
409 1.189379e-09 8.906368e-02 3.735659e+00
410 1.193935e-09 3.831244e-03 3.789926e+00
411 1.061944e-09 1.105518e-01 3.956622e+00
412 9.730180e-10 8.373857e-02 3.678981e+00
413 8.898805e-10 8.544292e-02 3.663709e+00
414 7.902744e-10 1.119320e-01 3.695848e+00
415 7.999879e-10 1.229124e-02 3.711441e+00
416 7.544226e-10 5.695739e-02 3.696093e+00
417 6.012214e-10 2.030708e-01 3.686968e+00
418 5.942987e-10 1.151437e-02 3.967745e+00
419 4.638480e-10 2.195037e-01 3.672031e+00
420 5.020702e-10 8.240244e-02 3.895330e+00
421 4.040710e-10 1.951902e-01 3.711154e+00
422 5.171789e-10 2.799207e-01 3.908693e+00
423 4.049119e-10 2.170757e-01 3.632117e+00
424 4.368187e-10 7.879939e-02 3.632195e+00
425 3.541772e-10 1.891894e-01 3.655640e+00
426 3.987506e-10 1.258504e-01 3.631432e+00
427 3.093547e-10 2.241901e-01 3.655101e+00
428 3.661388e-10 1.835567e-01 3.631822e+00
429 2.608945e-10 2.874436e-01 3.703439e+00
430 3.344357e-10 2.818809e-01 3.688158e+00
431 2.360397e-10 2.942149e-01 3.717813e+00
432 3.308034e-10 4.014732e-01 3.767806e+00
433 2.321449e-10 2.982392e-01 4.012418e+00
434 3.342244e-10 4.397236e-01 3.656402e+00
435 2.244595e-10 3.284170e-01 3.735519e+00
436 3.268564e-10 4.561937e-01 3.511240e+00
437 2.079444e-10 3.638050e-01 3.631521e+00
438 2.930208e-10 4.091304e-01 3.815162e+00
439 3.686590e-10 2.581324e-01 3.696377e+00
440 4.808182e-10 3.042355e-01 3.662801e+00
441 4.188154e-10 1.289526e-01 3.630149e+00
442 3.959956e-10 5.448667e-02 3.720671e+00
443 2.349587e-10 4.066633e-01 3.798081e+00
444 3.200149e-10 3.620048e-01 3.882380e+00
445 1.968880e-10 3.847538e-01 4.125817e+00
446 2.904337e-10 4.751216e-01 3.551858e+00
447 1.831455e-10 3.694068e-01 3.607892e+00
448 3.584321e-10 9.570891e-01 3.711106e+00
449 2.325948e-10 3.510769e-01 3.614835e+00
450 2.479987e-10 6.622632e-02 3.711360e+00
451 1.735235e-10 3.003048e-01 3.767141e+00
452 2.200243e-10 2.679798e-01 3.656397e+00
453 1.502296e-10 3.172137e-01 3.575738e+00
454 2.916059e-10 9.410678e-01 3.767866e+00
455 1.634883e-10 4.393517e-01 3.922283e+00
456 1.705615e-10 4.326376e-02 3.751527e+00
457 1.556992e-10 8.713705e-02 3.623408e+00
458 2.556645e-10 6.420408e-01 3.639597e+00
459 1.870061e-10 2.685489e-01 3.799590e+00
460 2.510566e-10 3.425051e-01 3.694720e+00
461 1.637639e-10 3.477014e-01 3.671707e+00
462 2.615148e-10 5.969015e-01 3.687270e+00
463 1.811522e-10 3.072966e-01 3.719760e+00
464 2.487628e-10 3.732253e-01 3.703574e+00
465 1.805961e-10 2.740229e-01 3.822831e+00
466 2.525639e-10 3.985012e-01 3.997898e+00
467 1.803199e-10 2.860425e-01 3.704242e+00
468 2.396263e-10 3.288958e-01 3.799291e+00
469 1.782887e-10 2.559719e-01 3.696193e+00
470 2.355776e-10 3.213262e-01 3.662935e+00
471 1.749957e-10 2.571632e-01 3.663587e+00
472 2.315165e-10 3.229839e-01 3.744088e+00
473 1.776315e-10 2.327481e-01 3.574749e+00
474 2.193875e-10 2.350712e-01 3.624150e+00
475 1.757302e-10 1.989963e-01 3.639075e+00
476 2.086937e-10 1.875803e-01 3.927843e+00
477 1.714845e-10 1.782959e-01 3.967934e+00
478 2.075392e-10 2.102506e-01 4.295576e+00
479 1.714221e-10 1.740255e-01 3.639672e+00
480 2.029039e-10 1.836509e-01 3.615182e+00
481 1.681091e-10 1.714843e-01 3.703420e+00
482 1.889573e-10 1.240160e-01 3.640206e+00
483 1.707182e-10 9.652486e-02 3.615619e+00
484 1.940811e-10 1.368505e-01 3.695855e+00
485 1.678769e-10 1.350165e-01 3.624130e+00
486 1.889147e-10 1.253164e-01 3.663603e+00
487 1.668984e-10 1.165409e-01 3.847296e+00
488 1.826786e-10 9.455014e-02 3.918484e+00
489 1.660038e-10 9.127987e-02 3.863237e+00
490 1.701820e-10 2.516939e-02 3.727654e+00
491 1.531778e-10 9.991761e-02 3.583733e+00
492 1.630419e-10 6.439647e-02 3.703439e+00
493 1.563538e-10 4.102071e-02 3.624489e+00
494 1.611710e-10 3.080927e-02 3.663193e+00
495 1.563838e-10 2.970244e-02 3.672323e+00
496 1.495665e-10 4.359355e-02 3.670986e+00
497 1.551969e-10 3.764470e-02 3.655410e+00
498 1.854782e-10 1.951156e-01 4.039935e+00
499 1.422295e-10 2.331743e-01 4.107456e+00
500 1.092842e-10 2.316342e-01 3.791336e+00
501 7.627954e-11 3.020079e-01 3.720074e+00
