1 9.794413e-01 1.000000e+00 3.744146e+00
2 9.324467e-01 4.798096e-02 3.686985e+00
3 8.336507e-01 1.059536e-01 3.927285e+00
4 7.996424e-01 4.079441e-02 3.648383e+00
5 7.849207e-01 1.841027e-02 3.655043e+00
6 6.680559e-01 1.488874e-01 3.616648e+00
7 2.692799e-01 5.969202e-01 3.887451e+00
8 2.522850e-01 6.311217e-02 3.991725e+00
9 2.481781e-01 1.627878e-02 4.015761e+00
10 2.466084e-01 6.324991e-03 3.863547e+00
11 2.456121e-01 4.039923e-03 3.725281e+00
12 2.445727e-01 4.232216e-03 3.567740e+00
13 2.442494e-01 1.321512e-03 3.671752e+00
14 2.434746e-01 3.172410e-03 4.103267e+00
15 2.427676e-01 2.903858e-03 3.590996e+00
16 2.423257e-01 1.820263e-03 3.568344e+00
17 2.421544e-01 7.068852e-04 3.430659e+00
18 2.418467e-01 1.270671e-03 3.640239e+00
19 2.363374e-01 2.278003e-02 3.854926e+00
20 2.289955e-01 3.106548e-02 4.031133e+00
21 2.285460e-01 1.962795e-03 3.616060e+00
22 2.286034e-01 2.509561e-04 3.462891e+00
23 2.151259e-01 5.895543e-02 3.469282e+00
24 1.449364e-01 3.262718e-01 3.367406e+00
25 1.371200e-01 5.392971e-02 3.360295e+00
26 1.363969e-01 5.273512e-03 3.399136e+00
27 1.355973e-01 5.862822e-03 3.336318e+00
28 1.354953e-01 7.521213e-04 3.343761e+00
29 1.037051e-01 2.346218e-01 3.534911e+00
30 9.518655e-02 8.214236e-02 3.215161e+00
31 9.278620e-02 2.521730e-02 3.495031e+00
32 9.190087e-02 9.541684e-03 3.360485e+00
33 9.174116e-02 1.737848e-03 3.334446e+00
34 9.158844e-02 1.664688e-03 3.320387e+00
35 9.054998e-02 1.133830e-02 3.478948e+00
36 8.981570e-02 8.109078e-03 3.504259e+00
37 8.845089e-02 1.519575e-02 3.519894e+00
38 8.838654e-02 7.274252e-04 3.431775e+00
39 8.652360e-02 2.107728e-02 3.310938e+00
40 7.869591e-02 9.046877e-02 3.463982e+00
41 7.836897e-02 4.154465e-03 3.688057e+00
42 7.719570e-02 1.497117e-02 3.736017e+00
43 7.701842e-02 2.296493e-03 3.454656e+00
44 7.645833e-02 7.272181e-03 3.512582e+00
45 7.608305e-02 4.908222e-03 4.597774e+00
46 5.189002e-02 3.179819e-01 3.710723e+00
47 4.975761e-02 4.109485e-02 3.415029e+00
48 4.923437e-02 1.051560e-02 3.286319e+00
49 4.899899e-02 4.780901e-03 3.392000e+00
50 4.891646e-02 1.684378e-03 3.327722e+00
51 4.697306e-02 3.972887e-02 3.400074e+00
52 4.652683e-02 9.499724e-03 3.551452e+00
53 4.674743e-02 4.741386e-03 3.358990e+00
54 4.675580e-02 1.789477e-04 3.279726e+00
55 4.620540e-02 1.177184e-02 3.503318e+00
56 4.679377e-02 1.273391e-02 3.567856e+00
57 4.321746e-02 7.642699e-02 3.503010e+00
58 3.968738e-02 8.168193e-02 3.588133e+00
59 3.631680e-02 8.492834e-02 3.479983e+00
60 2.255749e-02 3.788690e-01 3.431373e+00
61 2.131349e-02 5.514798e-02 3.583861e+00
62 2.159780e-02 1.333954e-02 3.391223e+00
63 2.104755e-02 2.547735e-02 3.335657e+00
64 2.069618e-02 1.669396e-02 3.312293e+00
65 2.084674e-02 7.275016e-03 3.063920e+00
66 2.105324e-02 9.905329e-03 3.183539e+00
67 2.076769e-02 1.356304e-02 3.167602e+00
68 2.050251e-02 1.276884e-02 3.215638e+00
69 2.034699e-02 7.585313e-03 3.400308e+00
70 2.013355e-02 1.049032e-02 3.375269e+00
71 2.032394e-02 9.456664e-03 3.664218e+00
72 1.854648e-02 8.745651e-02 3.629741e+00
73 1.375397e-02 2.584056e-01 3.612622e+00
74 1.346520e-02 2.099520e-02 3.431096e+00
75 1.362979e-02 1.222363e-02 3.408088e+00
76 1.332464e-02 2.238860e-02 3.287562e+00
77 1.325428e-02 5.280461e-03 3.240019e+00
78 1.325522e-02 7.109960e-05 3.263452e+00
79 1.322564e-02 2.231590e-03 3.271810e+00
80 1.321861e-02 5.317412e-04 3.167555e+00
81 1.305011e-02 1.274760e-02 3.304106e+00
82 1.315756e-02 8.234301e-03 3.256317e+00
83 1.241456e-02 5.647002e-02 3.375557e+00
84 1.241565e-02 8.774397e-05 4.175649e+00
85 1.235274e-02 5.066881e-03 3.542860e+00
86 8.481746e-03 3.133712e-01 3.416151e+00
87 5.236310e-03 3.826377e-01 3.223490e+00
88 4.899324e-03 6.435552e-02 3.255582e+00
89 2.845593e-03 4.191866e-01 3.384079e+00
90 2.722077e-03 4.340632e-02 3.200208e+00
91 2.556557e-03 6.080632e-02 3.311723e+00
92 2.195402e-03 1.412663e-01 3.487239e+00
93 2.013630e-03 8.279663e-02 3.383528e+00
94 2.017628e-03 1.985745e-03 3.224512e+00
95 1.454183e-03 2.792612e-01 3.255714e+00
96 1.426150e-03 1.927765e-02 3.295751e+00
97 1.143058e-03 1.985009e-01 3.359232e+00
98 1.040990e-03 8.929357e-02 3.039945e+00
99 9.768498e-04 6.161468e-02 3.063749e+00
100 7.447880e-04 2.375614e-01 3.183512e+00
101 8.799495e-04 1.814765e-01 3.271992e+00
102 6.266191e-04 2.878920e-01 3.431257e+00
103 5.546900e-04 1.147892e-01 3.512272e+00
104 4.198674e-04 2.430593e-01 3.526993e+00
105 3.708329e-04 1.167858e-01 3.295693e+00
106 3.235395e-04 1.275327e-01 3.262936e+00
107 3.461616e-04 6.992052e-02 3.239878e+00
108 3.322713e-04 4.012649e-02 3.599262e+00
109 3.014245e-04 9.283632e-02 3.510682e+00
110 3.074209e-04 1.989346e-02 3.238802e+00
111 2.993068e-04 2.639399e-02 3.199134e+00
112 2.386731e-04 2.025805e-01 3.183775e+00
113 2.635317e-04 1.041534e-01 3.287746e+00
114 2.048842e-04 2.225445e-01 3.247722e+00
115 2.463540e-04 2.024063e-01 3.328278e+00
116 2.295766e-04 6.810265e-02 3.391667e+00
117 2.487284e-04 8.342206e-02 3.351014e+00
118 2.288360e-04 7.997644e-02 3.263891e+00
119 2.032931e-04 1.116208e-01 3.295539e+00
120 2.274785e-04 1.189677e-01 3.591811e+00
121 2.200487e-04 3.266148e-02 4.231055e+00
122 2.045725e-04 7.033073e-02 3.371432e+00
123 1.921871e-04 6.054272e-02 3.143529e+00
124 1.818173e-04 5.395659e-02 3.159602e+00
125 2.048447e-04 1.266511e-01 3.176545e+00
126 2.075355e-04 1.313594e-02 3.223565e+00
127 1.706875e-04 1.775503e-01 3.199318e+00
128 1.279611e-04 2.503196e-01 3.287839e+00
129 1.846979e-04 4.433906e-01 3.223514e+00
130 1.132360e-04 3.869123e-01 3.311758e+00
131 8.968913e-05 2.079449e-01 3.280236e+00
132 1.422953e-04 5.865393e-01 3.279470e+00
133 1.198063e-04 1.580448e-01 3.229787e+00
134 1.314510e-04 9.719612e-02 3.231696e+00
135 6.760024e-05 4.857381e-01 3.264174e+00
136 5.045502e-05 2.536265e-01 3.384126e+00
137 6.228006e-05 2.343678e-01 3.350115e+00
138 5.773733e-05 7.294025e-02 3.286917e+00
139 9.398000e-05 6.277163e-01 3.183929e+00
140 5.268905e-05 4.393589e-01 3.191011e+00
141 7.069090e-05 3.416622e-01 3.151936e+00
142 5.511084e-05 2.203970e-01 3.167783e+00
143 5.099757e-05 7.463620e-02 3.166717e+00
144 3.991106e-05 2.173930e-01 3.303281e+00
145 5.270102e-05 3.204616e-01 3.304350e+00
146 5.243513e-05 5.045176e-03 3.151488e+00
147 4.911016e-05 6.341119e-02 3.160016e+00
148 4.259814e-05 1.326003e-01 3.231833e+00
149 5.825991e-05 3.676634e-01 3.199003e+00
150 3.665795e-05 3.707862e-01 3.216113e+00
151 3.337082e-05 8.967023e-02 3.215654e+00
152 2.832446e-05 1.512208e-01 3.183172e+00
153 5.137736e-05 8.138868e-01 3.215609e+00
154 3.473583e-05 3.239079e-01 3.134989e+00
155 3.885504e-05 1.185867e-01 3.255720e+00
156 3.102744e-05 2.014564e-01 3.199800e+00
157 3.058373e-05 1.430054e-02 3.160369e+00
158 3.163176e-05 3.426752e-02 3.048015e+00
159 3.181732e-05 5.866125e-03 3.142880e+00
160 2.980185e-05 6.334481e-02 3.184481e+00
161 2.942056e-05 1.279423e-02 3.127965e+00
162 2.821697e-05 4.090980e-02 3.110871e+00
163 2.721989e-05 3.533617e-02 3.167643e+00
164 3.524516e-05 2.948309e-01 3.119425e+00
165 2.336952e-05 3.369437e-01 3.335508e+00
166 3.193484e-05 3.665167e-01 3.487840e+00
167 2.033235e-05 3.633176e-01 3.327707e+00
168 2.692443e-05 3.242161e-01 3.184135e+00
169 2.289926e-05 1.494988e-01 3.104477e+00
170 3.027866e-05 3.222550e-01 3.119651e+00
171 2.019361e-05 3.330744e-01 3.127858e+00
172 2.079172e-05 2.961865e-02 3.199634e+00
173 2.405032e-05 1.567258e-01 3.231661e+00
174 2.902103e-05 2.066796e-01 3.111346e+00
175 2.201888e-05 2.412786e-01 3.184451e+00
176 2.587782e-05 1.752559e-01 3.157112e+00
177 2.022800e-05 2.183266e-01 3.144408e+00
178 2.403168e-05 1.880401e-01 3.263268e+00
179 1.952700e-05 1.874474e-01 3.344434e+00
180 3.134293e-05 6.051071e-01 3.384619e+00
181 2.124958e-05 3.220296e-01 3.183538e+00
182 3.019917e-05 4.211656e-01 2.999614e+00
183 1.982364e-05 3.435701e-01 2.998301e+00
184 2.467887e-05 2.449215e-01 3.167931e+00
185 2.230506e-05 9.618807e-02 3.247127e+00
186 2.764347e-05 2.393362e-01 3.143124e+00
187 1.773721e-05 3.583579e-01 3.143425e+00
188 2.069800e-05 1.669249e-01 3.199623e+00
189 1.880382e-05 9.151494e-02 3.120481e+00
190 1.186702e-05 3.689036e-01 3.159098e+00
191 2.456398e-05 1.069936e+00 3.343725e+00
192 1.104166e-05 5.504939e-01 3.232494e+00
193 1.511501e-05 3.689072e-01 3.461075e+00
194 2.474631e-05 6.372015e-01 3.152255e+00
195 1.670306e-05 3.250281e-01 3.183822e+00
196 1.944998e-05 1.644557e-01 3.263629e+00
197 1.047486e-05 4.614460e-01 3.232092e+00
198 1.688146e-05 6.116160e-01 3.207233e+00
199 9.896558e-06 4.137617e-01 3.214724e+00
200 1.699257e-05 7.170178e-01 3.240418e+00
201 1.273949e-05 2.502903e-01 3.215296e+00
202 1.339984e-05 5.183436e-02 3.224266e+00
203 1.544341e-05 1.525077e-01 3.303606e+00
204 1.657763e-05 7.344357e-02 3.327453e+00
205 1.545078e-05 6.797423e-02 3.368141e+00
206 9.620668e-06 3.773346e-01 3.673890e+00
207 1.658964e-05 7.243757e-01 3.247754e+00
208 1.028326e-05 3.801396e-01 3.256344e+00
209 1.526709e-05 4.846537e-01 3.263141e+00
210 1.320328e-05 1.351804e-01 3.303940e+00
211 8.340192e-06 3.683240e-01 3.183455e+00
212 1.319264e-05 5.818150e-01 3.216334e+00
213 9.749285e-06 2.610058e-01 3.175281e+00
214 7.925780e-06 1.870398e-01 3.223147e+00
215 1.137077e-05 4.346563e-01 3.200486e+00
216 9.457825e-06 1.682336e-01 3.183142e+00
217 7.618284e-06 1.944994e-01 3.215697e+00
218 7.302725e-06 4.142128e-02 3.206774e+00
219 1.328408e-05 8.190576e-01 3.135963e+00
220 7.407641e-06 4.423669e-01 3.335552e+00
221 8.212726e-06 1.086830e-01 3.296700e+00
222 9.440229e-06 1.494636e-01 3.230727e+00
223 1.038280e-05 9.984591e-02 3.263359e+00
224 8.198727e-06 2.103547e-01 3.247448e+00
225 9.353497e-06 1.408476e-01 3.263517e+00
226 8.025525e-06 1.419761e-01 3.215774e+00
227 9.456531e-06 1.783069e-01 3.231245e+00
228 6.406954e-06 3.224836e-01 3.184490e+00
229 4.559535e-06 2.883459e-01 3.247271e+00
230 5.687205e-06 2.473213e-01 3.271924e+00
231 6.134288e-06 7.861201e-02 3.191837e+00
232 6.012891e-06 1.978992e-02 3.215900e+00
233 1.143021e-05 9.009510e-01 3.231721e+00
234 5.995172e-06 4.754977e-01 3.231247e+00
235 8.118353e-06 3.541485e-01 3.256352e+00
236 6.369028e-06 2.154778e-01 3.318917e+00
237 7.666031e-06 2.036422e-01 3.272206e+00
238 3.621585e-06 5.275801e-01 3.248169e+00
239 8.937875e-06 1.467945e+00 3.255122e+00
240 4.449338e-06 5.021928e-01 3.247972e+00
241 9.845579e-06 1.212819e+00 3.223799e+00
242 5.301270e-06 4.615583e-01 3.199989e+00
243 6.323311e-06 1.927918e-01 3.167359e+00
244 3.803120e-06 3.985557e-01 3.184739e+00
245 3.838492e-06 9.300725e-03 3.278470e+00
246 3.085302e-06 1.962203e-01 3.208487e+00
247 6.941374e-06 1.249820e+00 3.220593e+00
248 3.019522e-06 5.649964e-01 3.231112e+00
249 5.082584e-06 6.832409e-01 3.312150e+00
250 3.486789e-06 3.139731e-01 3.223682e+00
251 4.550885e-06 3.051794e-01 3.199245e+00
252 3.499465e-06 2.310364e-01 3.207373e+00
253 4.013891e-06 1.470012e-01 3.318884e+00
254 3.670536e-06 8.554161e-02 3.344646e+00
255 2.461603e-06 3.293616e-01 3.192285e+00
256 3.592233e-06 4.593067e-01 3.231443e+00
257 3.892855e-06 8.368665e-02 3.325263e+00
258 5.533046e-06 4.213338e-01 3.208197e+00
259 2.795130e-06 4.948299e-01 3.206498e+00
260 4.983875e-06 7.830569e-01 3.184117e+00
261 6.935962e-06 3.916804e-01 3.223917e+00
262 4.475003e-06 3.548115e-01 3.271530e+00
263 4.778578e-06 6.783791e-02 3.199882e+00
264 2.760643e-06 4.222877e-01 3.232184e+00
265 6.881621e-06 1.492760e+00 3.303338e+00
266 3.661130e-06 4.679844e-01 3.359365e+00
267 5.182128e-06 4.154451e-01 3.512342e+00
268 3.328930e-06 3.576133e-01 3.255341e+00
269 5.022656e-06 5.087901e-01 3.287489e+00
270 2.335739e-06 5.349595e-01 3.223724e+00
271 5.136558e-06 1.199115e+00 3.184228e+00
272 2.765372e-06 4.616294e-01 3.191429e+00
273 4.187508e-06 5.142660e-01 3.215549e+00
274 2.365340e-06 4.351438e-01 3.159587e+00
275 5.400103e-06 1.283013e+00 3.247282e+00
276 2.550468e-06 5.277001e-01 3.247965e+00
277 4.524296e-06 7.739085e-01 3.159079e+00
278 2.035592e-06 5.500754e-01 3.263424e+00
279 4.725195e-06 1.321287e+00 3.415406e+00
280 2.211147e-06 5.320517e-01 3.460699e+00
281 4.944340e-06 1.236097e+00 3.264498e+00
282 2.381060e-06 5.184271e-01 3.312302e+00
283 3.903222e-06 6.392795e-01 3.199569e+00
284 2.492721e-06 3.613684e-01 3.200085e+00
285 5.542203e-06 1.223354e+00 3.295710e+00
286 2.852179e-06 4.853709e-01 3.119987e+00
287 4.367218e-06 5.311865e-01 3.383588e+00
288 2.506133e-06 4.261488e-01 3.223307e+00
289 4.198041e-06 6.751069e-01 3.167630e+00
290 2.462158e-06 4.134983e-01 3.295605e+00
291 4.238155e-06 7.213171e-01 3.352032e+00
292 1.907782e-06 5.498556e-01 3.295412e+00
293 4.219978e-06 1.211982e+00 3.343959e+00
294 1.908627e-06 5.477164e-01 3.438192e+00
295 3.892414e-06 1.039379e+00 3.215466e+00
296 1.596745e-06 5.897802e-01 3.216020e+00
297 3.829824e-06 1.398519e+00 3.223130e+00
298 1.476407e-06 6.144976e-01 3.168330e+00
299 4.433854e-06 2.003139e+00 3.287290e+00
300 1.982820e-06 5.528000e-01 3.239764e+00
301 3.768567e-06 9.006100e-01 3.334644e+00
302 1.924093e-06 4.894364e-01 3.088180e+00
303 3.837958e-06 9.946840e-01 3.160056e+00
304 1.941006e-06 4.942606e-01 3.239850e+00
305 3.343266e-06 7.224393e-01 3.367250e+00
306 1.905735e-06 4.299780e-01 3.447135e+00
307 3.960527e-06 1.078215e+00 3.559716e+00
308 1.797802e-06 5.460700e-01 3.263346e+00
309 4.632079e-06 1.576524e+00 3.213059e+00
310 2.048360e-06 5.577883e-01 3.237952e+00
311 4.188075e-06 1.044600e+00 3.222966e+00
312 1.970459e-06 5.295072e-01 3.175709e+00
313 3.881331e-06 9.697596e-01 3.295889e+00
314 1.706224e-06 5.604023e-01 3.208057e+00
315 3.817706e-06 1.237517e+00 3.167586e+00
316 1.710798e-06 5.518780e-01 3.142826e+00
317 3.992797e-06 1.333880e+00 3.199661e+00
318 1.656274e-06 5.851847e-01 3.271544e+00
319 3.846520e-06 1.322394e+00 3.255859e+00
320 1.625581e-06 5.773892e-01 3.183306e+00
321 4.024061e-06 1.475461e+00 3.184282e+00
322 1.622046e-06 5.969132e-01 3.207563e+00
323 3.371489e-06 1.078541e+00 3.231877e+00
324 1.555511e-06 5.386278e-01 3.215600e+00
325 3.817065e-06 1.453897e+00 3.415192e+00
326 1.372543e-06 6.404193e-01 3.572335e+00
327 3.619678e-06 1.637206e+00 3.463301e+00
328 1.450555e-06 5.992587e-01 3.208310e+00
329 3.589214e-06 1.474374e+00 3.207197e+00
330 1.454053e-06 5.948826e-01 3.216046e+00
331 3.645898e-06 1.507404e+00 3.207259e+00
332 1.467287e-06 5.975515e-01 3.216515e+00
333 3.605160e-06 1.457025e+00 3.311234e+00
334 1.506588e-06 5.821023e-01 3.223570e+00
335 3.512156e-06 1.331199e+00 3.239788e+00
336 1.391760e-06 6.037306e-01 3.328104e+00
337 3.575353e-06 1.568944e+00 3.247957e+00
338 1.641424e-06 5.409057e-01 3.215972e+00
339 3.363156e-06 1.048925e+00 3.255253e+00
340 1.549783e-06 5.391880e-01 3.395113e+00
341 3.373400e-06 1.176693e+00 3.391471e+00
342 1.543223e-06 5.425318e-01 3.304391e+00
343 3.705328e-06 1.401032e+00 3.223097e+00
344 1.618440e-06 5.632127e-01 3.159824e+00
345 3.513430e-06 1.170874e+00 3.311976e+00
346 1.560668e-06 5.557993e-01 3.182489e+00
347 3.501309e-06 1.243468e+00 3.160322e+00
348 1.542027e-06 5.595857e-01 3.303317e+00
349 3.481782e-06 1.257926e+00 3.328383e+00
350 1.526100e-06 5.616899e-01 3.270994e+00
351 3.745801e-06 1.454492e+00 3.215555e+00
352 1.599332e-06 5.730333e-01 3.128465e+00
353 3.560177e-06 1.226039e+00 3.183458e+00
354 1.557830e-06 5.624290e-01 3.231497e+00
355 3.547173e-06 1.276996e+00 3.231955e+00
356 1.547585e-06 5.637133e-01 3.519627e+00
357 3.531122e-06 1.281699e+00 3.255981e+00
358 1.540210e-06 5.638186e-01 3.551787e+00
359 3.522620e-06 1.287104e+00 3.231086e+00
360 1.534389e-06 5.644182e-01 3.587854e+00
361 3.523629e-06 1.296438e+00 3.223712e+00
362 1.495893e-06 5.754681e-01 3.184398e+00
363 3.507830e-06 1.344973e+00 3.239334e+00
364 1.531209e-06 5.634882e-01 3.318282e+00
365 3.523622e-06 1.301203e+00 3.223254e+00
366 1.521228e-06 5.682772e-01 3.263263e+00
367 3.509822e-06 1.307229e+00 3.224563e+00
368 1.557704e-06 5.561870e-01 3.414854e+00
369 3.505269e-06 1.250279e+00 3.184151e+00
370 1.521671e-06 5.658906e-01 3.199316e+00
371 3.519714e-06 1.313059e+00 3.173635e+00
372 1.492202e-06 5.760446e-01 3.302320e+00
373 3.501584e-06 1.346589e+00 3.216303e+00
374 1.533648e-06 5.620130e-01 3.199438e+00
375 3.691246e-06 1.406840e+00 3.303462e+00
376 1.587191e-06 5.700122e-01 3.391553e+00
377 3.565389e-06 1.246351e+00 3.367828e+00
378 1.559115e-06 5.627082e-01 3.357828e+00
379 3.553990e-06 1.279492e+00 3.328024e+00
380 1.550946e-06 5.636042e-01 3.230950e+00
381 3.547804e-06 1.287509e+00 3.247986e+00
382 1.550988e-06 5.628315e-01 3.191393e+00
383 3.537264e-06 1.280652e+00 3.311865e+00
384 1.575396e-06 5.546286e-01 3.223909e+00
385 3.536121e-06 1.244592e+00 3.214507e+00
386 1.541544e-06 5.640580e-01 3.183625e+00
387 3.534421e-06 1.292780e+00 3.328021e+00
388 1.486284e-06 5.794830e-01 3.159302e+00
389 3.538106e-06 1.380505e+00 3.408078e+00
390 1.543287e-06 5.638099e-01 3.415365e+00
391 3.528830e-06 1.286568e+00 3.399762e+00
392 1.540249e-06 5.635242e-01 3.200091e+00
393 3.530568e-06 1.292206e+00 3.279360e+00
394 1.541963e-06 5.632536e-01 3.423492e+00
395 3.524897e-06 1.285981e+00 3.127941e+00
396 1.486961e-06 5.781549e-01 3.159690e+00
397 3.528523e-06 1.372977e+00 3.200214e+00
398 1.534374e-06 5.651512e-01 3.279263e+00
399 3.533556e-06 1.302930e+00 3.191811e+00
400 1.482297e-06 5.805085e-01 3.167955e+00
401 3.518264e-06 1.373522e+00 3.327787e+00
402 1.563867e-06 5.555004e-01 3.470933e+00
403 3.520961e-06 1.251445e+00 3.296588e+00
404 1.536164e-06 5.637089e-01 3.223366e+00
405 3.519968e-06 1.291401e+00 3.197741e+00
406 1.538832e-06 5.628278e-01 3.352004e+00
407 3.543265e-06 1.302567e+00 3.175073e+00
408 1.537320e-06 5.661290e-01 3.207561e+00
409 3.524728e-06 1.292775e+00 3.223570e+00
410 1.531871e-06 5.653931e-01 3.303873e+00
411 3.522999e-06 1.299802e+00 3.231361e+00
412 1.530225e-06 5.656469e-01 3.127703e+00
413 3.528836e-06 1.306089e+00 3.182917e+00
414 1.493077e-06 5.768925e-01 4.144446e+00
415 3.518938e-06 1.356836e+00 3.239242e+00
416 1.534852e-06 5.638309e-01 3.470370e+00
417 3.517380e-06 1.291674e+00 3.304029e+00
418 1.526492e-06 5.660144e-01 3.176117e+00
419 3.529612e-06 1.312237e+00 3.191138e+00
420 1.493588e-06 5.768407e-01 3.220871e+00
421 3.518517e-06 1.355748e+00 3.287393e+00
422 1.529216e-06 5.653806e-01 3.152428e+00
423 3.517917e-06 1.300471e+00 3.231153e+00
424 1.528547e-06 5.654966e-01 3.247988e+00
425 3.524405e-06 1.305723e+00 3.223837e+00
426 1.489093e-06 5.774910e-01 3.239869e+00
427 3.510881e-06 1.357731e+00 3.191816e+00
428 1.555802e-06 5.568627e-01 3.215499e+00
429 3.523813e-06 1.264949e+00 3.311707e+00
430 1.476782e-06 5.809137e-01 3.167934e+00
431 3.520499e-06 1.383900e+00 3.206977e+00
432 1.522042e-06 5.676629e-01 3.200085e+00
433 3.513253e-06 1.308249e+00 3.335777e+00
434 1.524244e-06 5.661445e-01 3.175405e+00
435 3.519317e-06 1.308893e+00 3.230408e+00
436 1.476578e-06 5.804361e-01 3.247542e+00
437 3.520491e-06 1.384222e+00 3.263672e+00
438 1.543995e-06 5.614261e-01 3.191076e+00
439 3.509216e-06 1.272815e+00 3.223501e+00
440 1.517964e-06 5.674351e-01 3.335710e+00
441 3.514453e-06 1.315242e+00 3.183531e+00
442 1.546166e-06 5.600550e-01 3.200266e+00
443 3.502539e-06 1.265306e+00 3.223893e+00
444 1.539526e-06 5.604542e-01 3.367700e+00
445 3.520045e-06 1.286447e+00 3.167656e+00
446 1.537488e-06 5.632190e-01 3.183294e+00
447 3.523331e-06 1.291614e+00 3.184000e+00
448 1.492583e-06 5.763716e-01 3.407177e+00
449 3.508320e-06 1.350503e+00 3.352398e+00
450 1.531099e-06 5.635806e-01 3.391434e+00
451 3.508440e-06 1.291452e+00 3.143702e+00
452 1.484638e-06 5.768381e-01 3.263843e+00
453 3.510913e-06 1.364828e+00 3.199293e+00
454 1.529418e-06 5.643817e-01 3.400571e+00
455 3.505718e-06 1.292191e+00 3.399160e+00
456 1.555405e-06 5.563235e-01 3.222018e+00
457 3.495751e-06 1.247487e+00 3.183766e+00
458 1.538676e-06 5.598440e-01 3.199641e+00
459 3.520396e-06 1.287939e+00 3.216014e+00
460 1.489630e-06 5.768572e-01 3.240116e+00
461 3.503689e-06 1.352053e+00 3.311336e+00
462 1.523268e-06 5.652388e-01 3.320465e+00
463 3.503771e-06 1.300167e+00 3.544308e+00
464 1.523646e-06 5.651411e-01 3.127870e+00
465 3.503196e-06 1.299219e+00 3.283699e+00
466 1.523924e-06 5.649903e-01 3.160590e+00
467 3.502612e-06 1.298416e+00 3.334896e+00
468 1.524469e-06 5.647621e-01 3.288627e+00
469 3.502254e-06 1.297359e+00 3.191872e+00
470 1.555993e-06 5.557168e-01 3.183159e+00
471 3.485114e-06 1.239801e+00 3.327711e+00
472 1.515860e-06 5.650473e-01 3.224383e+00
473 3.509980e-06 1.315504e+00 3.255827e+00
474 1.479842e-06 5.783903e-01 3.351166e+00
475 1.933215e-06 3.063657e-01 3.496027e+00
476 1.718023e-06 1.113128e-01 3.207712e+00
477 1.821325e-06 6.012859e-02 3.215491e+00
478 1.652987e-06 9.242617e-02 3.206841e+00
479 1.370441e-06 1.709306e-01 3.312341e+00
480 1.267335e-06 7.523597e-02 3.199002e+00
481 1.337895e-06 5.567651e-02 3.152183e+00
482 1.255153e-06 6.184504e-02 3.167025e+00
483 1.372720e-06 9.366759e-02 3.192559e+00
484 1.108165e-06 1.927234e-01 3.182960e+00
485 1.715056e-06 5.476537e-01 3.168390e+00
486 1.549888e-06 9.630477e-02 3.487314e+00
487 1.254913e-06 1.903203e-01 3.448283e+00
488 1.298772e-06 3.495030e-02 3.406987e+00
489 1.738368e-06 3.384700e-01 3.159259e+00
490 1.298367e-06 2.531113e-01 3.359411e+00
491 1.630218e-06 2.555909e-01 3.151379e+00
492 1.222456e-06 2.501272e-01 3.208502e+00
493 1.035389e-06 1.530257e-01 3.158397e+00
494 1.605461e-06 5.505878e-01 3.335941e+00
495 9.757931e-07 3.922039e-01 3.183485e+00
496 1.338780e-06 3.719911e-01 3.231842e+00
497 9.619325e-07 2.814855e-01 3.264067e+00
498 1.087865e-06 1.309158e-01 3.240219e+00
499 1.108049e-06 1.855431e-02 3.223040e+00
500 9.377612e-07 1.536827e-01 3.191648e+00
501 1.088720e-06 1.609783e-01 3.199921e+00
502 1.104061e-06 1.409033e-02 3.192258e+00
503 1.278511e-06 1.580078e-01 3.167893e+00
504 6.690333e-07 4.767090e-01 3.263290e+00
505 8.810828e-07 3.169492e-01 3.263046e+00
506 1.186545e-06 3.466893e-01 3.375544e+00
507 9.942099e-07 1.620966e-01 3.383692e+00
508 7.606759e-07 2.348941e-01 3.688064e+00
509 8.460052e-07 1.121756e-01 3.343332e+00
510 7.476679e-07 1.162372e-01 3.183666e+00
511 7.861072e-07 5.141228e-02 3.286330e+00
512 7.113234e-07 9.513179e-02 3.183169e+00
513 9.519183e-07 3.382356e-01 3.296364e+00
514 1.021891e-06 7.350733e-02 3.279287e+00
515 9.250268e-07 9.478947e-02 3.183782e+00
516 8.400468e-07 9.186757e-02 3.239139e+00
517 7.125076e-07 1.518239e-01 3.319770e+00
518 8.789116e-07 2.335470e-01 3.208238e+00
519 8.082100e-07 8.044220e-02 3.335378e+00
520 8.440317e-07 4.432226e-02 3.406912e+00
521 8.131363e-07 3.660454e-02 3.272477e+00
522 5.292921e-07 3.490734e-01 3.159667e+00
523 8.105521e-07 5.313890e-01 3.135381e+00
524 5.607870e-07 3.081419e-01 3.248191e+00
525 5.913719e-07 5.453929e-02 3.263487e+00
526 6.077658e-07 2.772167e-02 3.311777e+00
527 6.499528e-07 6.941332e-02 3.200095e+00
528 5.658711e-07 1.293658e-01 3.223535e+00
529 5.131163e-07 9.322765e-02 3.263599e+00
530 5.254179e-07 2.397433e-02 3.214681e+00
531 5.962663e-07 1.348420e-01 3.382954e+00
532 5.540445e-07 7.081035e-02 3.423803e+00
533 5.458640e-07 1.476512e-02 3.429097e+00
534 7.716633e-07 4.136549e-01 3.160001e+00
535 8.010885e-07 3.813222e-02 3.223414e+00
536 6.280921e-07 2.159516e-01 3.351468e+00
537 5.595664e-07 1.091014e-01 3.159900e+00
538 5.212943e-07 6.839604e-02 3.159588e+00
539 4.746608e-07 8.945720e-02 3.199658e+00
540 4.930995e-07 3.884617e-02 3.160991e+00
541 4.407425e-07 1.061795e-01 3.199133e+00
542 3.951200e-07 1.035128e-01 3.112028e+00
543 3.549980e-07 1.015438e-01 3.039304e+00
544 3.505037e-07 1.266015e-02 3.248046e+00
545 3.508457e-07 9.759408e-04 3.223462e+00
546 3.749592e-07 6.872967e-02 3.438257e+00
547 3.827251e-07 2.071125e-02 3.183394e+00
548 3.906358e-07 2.066933e-02 3.206947e+00
549 3.878272e-07 7.189799e-03 3.175990e+00
550 3.347125e-07 1.369546e-01 3.008097e+00
551 4.133809e-07 2.350330e-01 3.215071e+00
552 3.245398e-07 2.149135e-01 3.127717e+00
553 3.422892e-07 5.469083e-02 3.199670e+00
554 2.750901e-07 1.963225e-01 3.215020e+00
555 2.446428e-07 1.106813e-01 3.160467e+00
556 3.341717e-07 3.659578e-01 3.191700e+00
557 3.465811e-07 3.713463e-02 3.438734e+00
558 2.813871e-07 1.881059e-01 3.416229e+00
559 2.837816e-07 8.509493e-03 3.430652e+00
560 2.182077e-07 2.310716e-01 3.231932e+00
561 2.787343e-07 2.773804e-01 3.215555e+00
562 2.288663e-07 1.789086e-01 3.191837e+00
563 2.662124e-07 1.631788e-01 3.279662e+00
564 2.857282e-07 7.330885e-02 3.295246e+00
565 3.154078e-07 1.038737e-01 3.208213e+00
566 2.752112e-07 1.274434e-01 3.039043e+00
567 2.937306e-07 6.729183e-02 3.122541e+00
568 2.563211e-07 1.273599e-01 3.095608e+00
569 2.653667e-07 3.528991e-02 3.072420e+00
570 2.283713e-07 1.394122e-01 3.095552e+00
571 2.064469e-07 9.600358e-02 3.015753e+00
572 2.395691e-07 1.604396e-01 3.167690e+00
573 2.569268e-07 7.245379e-02 3.183104e+00
574 2.598650e-07 1.143597e-02 3.128226e+00
575 2.084791e-07 1.977410e-01 3.415183e+00
576 2.095804e-07 5.282630e-03 3.215932e+00
577 1.594882e-07 2.390118e-01 3.192183e+00
578 1.889069e-07 1.844571e-01 3.111177e+00
579 1.973031e-07 4.444588e-02 3.063893e+00
580 1.523090e-07 2.280452e-01 3.024314e+00
581 1.697688e-07 1.146338e-01 3.063568e+00
582 1.880620e-07 1.077536e-01 3.008225e+00
583 1.619432e-07 1.388840e-01 3.190140e+00
584 1.692101e-07 4.487328e-02 3.208376e+00
585 1.927395e-07 1.390540e-01 3.247343e+00
586 1.735811e-07 9.940038e-02 3.471671e+00
587 1.773570e-07 2.175274e-02 3.435183e+00
588 1.473795e-07 1.690232e-01 3.232013e+00
589 1.396008e-07 5.278016e-02 3.231082e+00
590 1.456779e-07 4.353207e-02 3.152694e+00
591 1.031774e-07 2.917432e-01 3.110987e+00
592 1.555266e-07 5.073707e-01 3.189345e+00
593 1.568071e-07 8.233523e-03 3.072445e+00
594 1.534060e-07 2.168938e-02 3.071613e+00
595 1.304528e-07 1.496244e-01 3.287521e+00
596 1.077649e-07 1.739161e-01 3.159490e+00
597 1.363623e-07 2.653684e-01 3.135795e+00
598 1.498571e-07 9.896267e-02 3.263816e+00
599 1.587183e-07 5.913068e-02 4.110989e+00
600 1.208694e-07 2.384658e-01 3.215992e+00
601 1.204397e-07 3.554692e-03 3.239606e+00
602 1.259858e-07 4.604799e-02 3.199850e+00
603 1.090888e-07 1.341183e-01 3.183796e+00
604 1.141745e-07 4.662064e-02 3.143526e+00
605 1.115807e-07 2.271787e-02 3.175983e+00
606 1.048208e-07 6.058338e-02 3.208134e+00
607 1.260519e-07 2.025467e-01 3.135158e+00
608 1.095024e-07 1.312913e-01 3.272195e+00
609 1.320821e-07 2.062030e-01 3.167707e+00
610 8.599802e-08 3.489049e-01 3.192093e+00
611 9.621713e-08 1.188297e-01 3.207713e+00
612 8.085241e-08 1.596880e-01 3.560223e+00
613 1.007416e-07 2.459940e-01 3.343548e+00
614 8.313735e-08 1.747467e-01 3.382060e+00
615 8.419144e-08 1.267896e-02 3.159859e+00
616 4.910150e-08 4.167875e-01 3.197615e+00
617 8.816572e-08 7.955810e-01 3.128034e+00
618 7.482436e-08 1.513214e-01 3.207447e+00
619 7.650325e-08 2.243775e-02 3.192441e+00
620 8.451205e-08 1.046857e-01 3.183407e+00
621 4.896879e-08 4.205703e-01 3.199939e+00
622 7.173265e-08 4.648646e-01 3.255576e+00
623 5.199489e-08 2.751573e-01 3.215805e+00
624 7.528286e-08 4.478897e-01 3.151394e+00
625 7.581378e-08 7.052277e-03 3.359776e+00
626 5.743921e-08 2.423645e-01 3.351738e+00
627 6.064668e-08 5.584099e-02 3.279467e+00
628 5.665417e-08 6.583223e-02 3.207582e+00
629 4.660726e-08 1.773375e-01 3.183794e+00
630 6.418513e-08 3.771486e-01 3.216116e+00
631 6.332089e-08 1.346475e-02 3.183389e+00
632 6.190902e-08 2.229710e-02 3.182972e+00
633 5.375072e-08 1.317788e-01 3.198455e+00
634 4.723079e-08 1.212995e-01 3.191812e+00
635 6.341047e-08 3.425665e-01 3.223906e+00
636 5.965516e-08 5.922221e-02 3.159736e+00
637 5.441351e-08 8.786596e-02 3.239988e+00
638 4.132105e-08 2.406104e-01 3.407331e+00
639 3.445184e-08 1.662400e-01 3.469617e+00
640 6.882424e-08 9.976941e-01 3.622323e+00
641 3.903654e-08 4.328082e-01 3.239790e+00
642 3.579687e-08 8.299063e-02 3.200042e+00
643 3.555115e-08 6.864308e-03 3.256528e+00
644 4.464050e-08 2.556694e-01 3.207350e+00
645 4.542996e-08 1.768481e-02 3.223557e+00
646 4.825735e-08 6.223642e-02 3.183359e+00
647 3.841953e-08 2.038616e-01 3.232024e+00
648 4.339338e-08 1.294614e-01 3.215840e+00
649 3.713673e-08 1.441843e-01 3.215689e+00
650 4.097266e-08 1.032920e-01 3.254180e+00
651 3.931880e-08 4.036509e-02 3.327507e+00
652 3.585160e-08 8.818177e-02 3.419488e+00
653 3.343078e-08 6.752325e-02 3.151408e+00
654 3.815679e-08 1.413670e-01 3.183640e+00
655 3.439788e-08 9.851224e-02 3.215986e+00
656 2.980597e-08 1.334939e-01 3.158309e+00
657 3.313964e-08 1.118458e-01 3.199465e+00
658 3.169732e-08 4.352268e-02 3.166792e+00
659 3.013261e-08 4.936413e-02 3.135488e+00
660 2.982316e-08 1.026939e-02 3.286213e+00
661 2.174323e-08 2.709280e-01 3.110993e+00
662 1.853901e-08 1.473664e-01 3.167948e+00
663 3.935741e-08 1.122951e+00 3.142995e+00
664 3.378028e-08 1.417046e-01 3.528196e+00
665 2.820817e-08 1.649516e-01 3.360153e+00
666 2.718190e-08 3.638219e-02 3.350846e+00
667 2.974774e-08 9.439537e-02 3.175923e+00
668 2.412674e-08 1.889557e-01 3.343277e+00
669 3.185365e-08 3.202634e-01 3.144006e+00
670 3.340684e-08 4.876021e-02 3.216428e+00
671 2.525911e-08 2.438940e-01 3.134875e+00
672 2.491347e-08 1.368374e-02 3.343942e+00
673 2.236774e-08 1.021829e-01 3.200270e+00
674 2.126404e-08 4.934345e-02 3.303285e+00
675 2.335837e-08 9.849164e-02 3.183601e+00
676 2.054583e-08 1.204083e-01 3.392638e+00
677 2.112627e-08 2.825097e-02 3.311644e+00
678 2.279686e-08 7.907628e-02 3.407134e+00
679 1.739785e-08 2.368312e-01 3.311769e+00
680 2.551131e-08 4.663485e-01 3.175902e+00
681 2.134363e-08 1.633662e-01 3.111887e+00
682 2.283033e-08 6.965573e-02 3.199474e+00
683 1.426582e-08 3.751372e-01 3.335605e+00
684 1.579235e-08 1.070056e-01 3.351088e+00
685 1.632184e-08 3.352807e-02 3.192207e+00
686 1.524545e-08 6.594763e-02 3.191149e+00
687 1.491409e-08 2.173523e-02 3.319040e+00
688 1.892230e-08 2.687533e-01 3.136002e+00
689 1.434907e-08 2.416844e-01 3.215212e+00
690 1.778599e-08 2.395219e-01 3.344330e+00
691 1.605168e-08 9.750959e-02 3.351954e+00
692 1.413451e-08 1.194373e-01 3.064000e+00
693 1.985237e-08 4.045318e-01 3.014454e+00
694 1.468120e-08 2.604813e-01 2.991911e+00
695 1.473147e-08 3.423729e-03 3.112319e+00
696 2.262619e-08 5.359088e-01 3.063244e+00
697 1.432649e-08 3.668180e-01 3.023756e+00
698 1.550465e-08 8.223601e-02 3.039513e+00
699 1.418777e-08 8.493429e-02 3.104003e+00
700 1.297404e-08 8.554811e-02 2.991348e+00
701 1.042674e-08 1.963381e-01 2.999480e+00
702 1.473889e-08 4.135671e-01 3.047427e+00
703 8.739890e-09 4.070186e-01 3.335254e+00
704 1.603107e-08 8.342418e-01 3.694915e+00
705 1.434186e-08 1.053708e-01 3.286256e+00
706 1.072954e-08 2.518726e-01 3.167769e+00
707 1.428530e-08 3.313986e-01 3.351547e+00
708 1.159471e-08 1.883467e-01 3.199767e+00
709 9.748186e-09 1.592555e-01 3.168196e+00
710 1.243973e-08 2.761075e-01 3.159485e+00
711 9.051127e-09 2.724018e-01 3.160008e+00
712 9.286269e-09 2.597928e-02 3.183456e+00
713 1.132455e-08 2.194940e-01 3.191615e+00
714 1.190364e-08 5.113576e-02 3.216368e+00
715 9.492610e-09 2.025456e-01 3.319217e+00
716 9.653519e-09 1.695095e-02 3.256202e+00
717 8.194913e-09 1.510958e-01 3.466620e+00
718 8.469699e-09 3.353134e-02 3.143379e+00
719 8.435858e-09 3.995595e-03 3.216164e+00
720 8.701790e-09 3.152408e-02 3.167833e+00
721 7.388387e-09 1.509348e-01 3.207601e+00
722 7.238482e-09 2.028929e-02 3.248113e+00
723 8.196417e-09 1.323393e-01 3.158865e+00
724 6.666620e-09 1.866422e-01 3.144351e+00
725 7.170795e-09 7.562689e-02 3.126991e+00
726 9.217565e-09 2.854314e-01 3.216261e+00
727 7.689706e-09 1.657552e-01 3.327918e+00
728 9.767969e-09 2.702657e-01 3.183253e+00
729 9.284496e-09 4.949578e-02 3.216587e+00
730 7.861652e-09 1.532494e-01 3.262383e+00
731 7.120329e-09 9.429611e-02 3.367834e+00
732 4.474376e-09 3.716055e-01 3.484355e+00
733 8.354628e-09 8.672165e-01 3.353331e+00
734 6.015081e-09 2.800300e-01 3.287858e+00
735 7.715965e-09 2.827698e-01 3.190103e+00
736 5.734216e-09 2.568375e-01 3.216278e+00
737 4.878759e-09 1.491846e-01 3.152138e+00
738 5.120710e-09 4.959264e-02 3.239046e+00
739 4.863513e-09 5.022677e-02 3.272043e+00
740 5.159675e-09 6.089464e-02 3.215744e+00
741 5.570756e-09 7.967187e-02 3.215576e+00
742 5.234744e-09 6.031721e-02 3.208009e+00
743 4.971796e-09 5.023132e-02 3.319334e+00
744 5.623409e-09 1.310620e-01 3.407817e+00
745 4.105823e-09 2.698695e-01 3.499410e+00
746 4.494296e-09 9.461515e-02 3.222955e+00
747 5.640231e-09 2.549755e-01 3.272050e+00
748 4.792323e-09 1.503322e-01 3.184251e+00
749 5.002638e-09 4.388591e-02 3.255042e+00
750 4.456465e-09 1.091770e-01 3.088029e+00
751 3.899181e-09 1.250507e-01 3.064061e+00
752 3.614126e-09 7.310634e-02 3.007675e+00
753 3.792138e-09 4.925436e-02 3.031178e+00
754 3.255009e-09 1.416429e-01 3.127899e+00
755 4.328561e-09 3.298154e-01 3.176271e+00
756 4.135407e-09 4.462311e-02 3.135164e+00
757 4.172650e-09 9.005936e-03 3.088487e+00
758 4.268722e-09 2.302433e-02 3.181715e+00
759 2.303059e-09 4.604806e-01 3.055570e+00
760 3.525817e-09 5.309278e-01 2.999904e+00
761 3.020450e-09 1.433334e-01 3.176225e+00
762 3.182873e-09 5.377447e-02 3.031171e+00
763 3.154582e-09 8.888418e-03 2.992249e+00
764 3.766259e-09 1.939011e-01 3.111856e+00
765 3.301623e-09 1.233680e-01 3.175588e+00
766 3.239161e-09 1.891862e-02 3.151221e+00
767 3.216881e-09 6.878208e-03 3.255897e+00
768 3.120548e-09 2.994607e-02 3.159524e+00
769 2.482509e-09 2.044640e-01 3.247777e+00
770 2.545598e-09 2.541349e-02 3.287718e+00
771 2.784964e-09 9.403147e-02 3.520543e+00
772 3.232862e-09 1.608273e-01 3.231500e+00
773 2.911330e-09 9.945735e-02 3.215542e+00
774 2.847087e-09 2.206660e-02 3.208473e+00
775 2.872056e-09 8.769987e-03 3.287903e+00
776 2.830230e-09 1.456316e-02 3.231074e+00
777 2.568691e-09 9.240891e-02 3.232242e+00
778 2.550387e-09 7.125774e-03 3.151657e+00
779 2.768177e-09 8.539465e-02 3.223251e+00
780 2.542397e-09 8.156253e-02 3.215599e+00
781 2.469304e-09 2.874980e-02 3.184243e+00
782 2.274046e-09 7.907394e-02 3.511592e+00
783 1.297940e-09 4.292378e-01 3.423841e+00
784 2.440028e-09 8.799238e-01 3.469381e+00
785 2.025402e-09 1.699268e-01 3.182646e+00
786 2.307595e-09 1.393273e-01 3.311763e+00
787 2.283745e-09 1.033550e-02 3.320335e+00
788 1.938174e-09 1.513180e-01 3.262965e+00
789 2.079233e-09 7.277972e-02 3.239561e+00
790 1.615637e-09 2.229652e-01 3.151559e+00
791 1.270287e-09 2.137544e-01 3.199809e+00
792 1.799128e-09 4.163159e-01 3.199549e+00
793 1.945130e-09 8.115128e-02 3.208107e+00
794 1.617876e-09 1.682426e-01 3.270928e+00
795 1.666978e-09 3.034964e-02 3.191539e+00
796 1.830701e-09 9.821528e-02 3.286452e+00
797 1.702772e-09 6.987962e-02 3.271603e+00
798 1.488470e-09 1.258548e-01 3.439851e+00
799 1.501600e-09 8.821398e-03 3.440364e+00
800 1.283778e-09 1.450598e-01 3.159128e+00
801 1.529042e-09 1.910484e-01 3.223984e+00
802 1.562255e-09 2.172121e-02 3.167883e+00
803 1.302549e-09 1.662377e-01 3.208069e+00
804 1.333228e-09 2.355280e-02 3.223607e+00
805 1.183515e-09 1.122937e-01 3.167357e+00
806 1.002674e-09 1.527998e-01 3.215482e+00
807 1.142903e-09 1.398552e-01 3.198944e+00
808 1.525422e-09 3.346905e-01 3.256898e+00
809 1.090131e-09 2.853580e-01 3.214665e+00
810 8.964771e-10 1.776424e-01 3.200190e+00
811 1.375032e-09 5.338174e-01 3.207824e+00
812 1.401795e-09 1.946309e-02 3.238863e+00
813 1.194888e-09 1.476013e-01 3.192045e+00
814 9.842682e-10 1.762673e-01 3.175721e+00
815 1.128115e-09 1.461460e-01 3.263260e+00
816 7.212830e-10 3.606299e-01 3.477548e+00
817 1.231716e-09 7.076732e-01 3.263071e+00
818 1.125793e-09 8.599580e-02 3.360073e+00
819 1.051402e-09 6.607937e-02 3.190962e+00
820 5.820507e-10 4.464049e-01 3.167780e+00
821 9.991098e-10 7.165338e-01 3.206178e+00
822 1.055559e-09 5.649959e-02 3.192190e+00
823 8.405330e-10 2.037083e-01 3.328592e+00
824 8.416412e-10 1.318478e-03 3.199299e+00
825 7.494672e-10 1.095170e-01 3.176018e+00
826 8.044034e-10 7.330045e-02 3.231958e+00
827 7.258660e-10 9.763434e-02 3.159667e+00
828 7.630828e-10 5.127225e-02 3.087104e+00
829 7.282785e-10 4.561008e-02 3.847839e+00
830 5.921397e-10 1.869324e-01 3.615899e+00
831 7.644320e-10 2.909656e-01 3.063548e+00
832 6.662287e-10 1.284656e-01 3.160356e+00
833 7.812350e-10 1.726227e-01 3.271757e+00
834 6.473794e-10 1.713385e-01 3.279252e+00
835 8.188782e-10 2.649124e-01 3.167687e+00
836 6.498834e-10 2.063736e-01 3.223459e+00
837 6.748752e-10 3.845580e-02 3.215929e+00
838 6.751953e-10 4.744408e-04 3.239552e+00
839 5.998800e-10 1.115460e-01 3.232371e+00
840 5.614892e-10 6.399754e-02 3.143193e+00
841 5.156211e-10 8.169006e-02 3.127723e+00
842 4.295034e-10 1.670173e-01 3.199853e+00
843 7.238689e-10 6.853622e-01 3.416455e+00
844 4.479763e-10 3.811361e-01 3.014302e+00
845 6.022743e-10 3.444334e-01 3.388553e+00
846 4.278027e-10 2.896880e-01 3.270891e+00
847 5.935965e-10 3.875474e-01 3.087584e+00
848 4.602375e-10 2.246627e-01 3.152355e+00
849 3.367322e-10 2.683513e-01 3.183570e+00
850 5.209282e-10 5.470103e-01 3.335793e+00
851 4.059389e-10 2.207391e-01 3.200205e+00
852 4.160881e-10 2.500155e-02 3.191328e+00
853 5.663127e-10 3.610404e-01 3.312012e+00
854 4.386598e-10 2.254106e-01 3.359334e+00
855 3.311426e-10 2.451039e-01 3.279666e+00
856 3.902292e-10 1.784326e-01 3.853174e+00
857 4.815685e-10 2.340657e-01 3.327378e+00
858 4.349118e-10 9.688483e-02 3.055456e+00
859 3.512088e-10 1.924596e-01 3.063957e+00
860 3.001771e-10 1.453031e-01 3.070470e+00
861 3.520920e-10 1.729476e-01 3.143979e+00
862 2.629570e-10 2.531583e-01 2.991944e+00
863 3.300616e-10 2.551925e-01 3.135557e+00
864 2.789269e-10 1.549249e-01 3.071311e+00
865 3.363629e-10 2.059180e-01 3.112442e+00
866 2.735820e-10 1.866463e-01 3.095952e+00
867 3.488381e-10 2.750766e-01 3.071637e+00
868 2.597648e-10 2.553428e-01 3.087966e+00
869 3.262820e-10 2.560672e-01 3.375119e+00
870 2.588234e-10 2.067494e-01 2.992351e+00
871 2.916803e-10 1.269473e-01 3.055599e+00
872 2.388595e-10 1.810916e-01 3.007732e+00
873 3.036603e-10 2.712927e-01 3.199809e+00
874 2.249771e-10 2.591157e-01 3.111027e+00
875 2.949743e-10 3.111299e-01 3.111422e+00
876 2.117213e-10 2.822380e-01 3.231839e+00
877 2.678494e-10 2.651037e-01 3.072288e+00
878 2.131889e-10 2.040718e-01 3.071685e+00
879 2.640318e-10 2.384875e-01 3.023912e+00
880 1.520541e-10 4.241067e-01 3.279497e+00
881 3.130715e-10 1.058947e+00 3.224189e+00
882 2.663550e-10 1.492196e-01 3.271333e+00
883 2.573133e-10 3.394630e-02 3.071642e+00
884 2.200164e-10 1.449472e-01 3.071154e+00
885 2.441991e-10 1.099129e-01 3.104099e+00
886 1.950083e-10 2.014371e-01 3.087782e+00
887 2.356129e-10 2.082194e-01 2.976227e+00
888 1.938960e-10 1.770568e-01 3.063391e+00
889 1.919984e-10 9.786654e-03 3.160339e+00
890 1.683880e-10 1.229721e-01 3.158835e+00
891 1.710508e-10 1.581390e-02 3.191343e+00
892 1.924186e-10 1.249207e-01 3.151814e+00
893 2.209248e-10 1.481468e-01 3.238877e+00
894 2.235642e-10 1.194675e-02 3.343974e+00
895 2.120271e-10 5.160534e-02 3.476477e+00
896 2.025726e-10 4.459071e-02 3.232492e+00
897 2.301621e-10 1.361955e-01 3.127870e+00
898 2.000803e-10 1.306984e-01 3.102740e+00
899 1.920157e-10 4.030656e-02 2.976707e+00
900 1.834403e-10 4.466026e-02 3.032002e+00
901 1.997437e-10 8.887582e-02 3.072523e+00
902 1.720738e-10 1.385269e-01 3.015832e+00
903 1.565830e-10 9.002434e-02 2.992164e+00
904 1.110879e-10 2.905492e-01 3.064014e+00
905 1.484303e-10 3.361513e-01 3.063573e+00
906 1.358509e-10 8.474944e-02 3.079384e+00
907 1.244593e-10 8.385337e-02 3.032555e+00
908 1.432631e-10 1.510834e-01 2.967025e+00
909 1.292314e-10 9.794335e-02 2.975820e+00
910 9.431844e-11 2.701585e-01 3.128105e+00
