1 4.896355e-02 1.000000e+00 2.980586e+00
2 4.615604e-02 5.733885e-02 3.050574e+00
3 4.322863e-02 6.342409e-02 3.135975e+00
4 4.301172e-02 5.017700e-03 3.184050e+00
5 4.284038e-02 3.983584e-03 3.399096e+00
6 4.274318e-02 2.268850e-03 2.896560e+00
7 4.254354e-02 4.670755e-03 3.164181e+00
8 2.661057e-02 3.745098e-01 2.929299e+00
9 2.103790e-02 2.094156e-01 2.855127e+00
10 1.743052e-02 1.714707e-01 2.742719e+00
11 1.733755e-02 5.333443e-03 2.911401e+00
12 1.372029e-02 2.086376e-01 2.786845e+00
13 1.297057e-02 5.464330e-02 2.847481e+00
14 1.213124e-02 6.470971e-02 2.402590e+00
15 1.133722e-02 6.545292e-02 2.381391e+00
16 1.109068e-02 2.174558e-02 2.399178e+00
17 1.108709e-02 3.236715e-04 2.243025e+00
18 9.913120e-03 1.058866e-01 2.392885e+00
19 9.756481e-03 1.580115e-02 2.261189e+00
20 7.534814e-03 2.277119e-01 2.081682e+00
21 6.484608e-03 1.393805e-01 2.207707e+00
22 5.790532e-03 1.070343e-01 2.885792e+00
23 5.781434e-03 1.571160e-03 2.236167e+00
24 2.801311e-03 5.154643e-01 2.201581e+00
25 2.772661e-03 1.022769e-02 2.308194e+00
26 2.729888e-03 1.542666e-02 2.363413e+00
27 2.398996e-03 1.212106e-01 2.272238e+00
28 2.276262e-03 5.116059e-02 2.147535e+00
29 2.277922e-03 7.293377e-04 2.118002e+00
30 2.222591e-03 2.429030e-02 2.405519e+00
31 2.189697e-03 1.479975e-02 2.423846e+00
32 1.145384e-03 4.769214e-01 2.651081e+00
33 1.141822e-03 3.109991e-03 2.387102e+00
34 7.240634e-04 3.658699e-01 2.201093e+00
35 2.133208e-04 7.053839e-01 2.303287e+00
36 1.976377e-04 7.351873e-02 2.320514e+00
37 1.954023e-04 1.131062e-02 2.399567e+00
38 1.936714e-04 8.858253e-03 2.256266e+00
39 1.903341e-04 1.723134e-02 2.152382e+00
40 2.765158e-05 8.547208e-01 2.585532e+00
41 1.615209e-05 4.158711e-01 2.525167e+00
42 1.455887e-05 9.863841e-02 2.178045e+00
43 1.347472e-05 7.446688e-02 2.129699e+00
44 1.104764e-05 1.801208e-01 2.164385e+00
45 9.319760e-06 1.564028e-01 2.177855e+00
46 9.317084e-06 2.871366e-04 2.206919e+00
47 7.616789e-06 1.824921e-01 2.303819e+00
48 6.153636e-06 1.920958e-01 2.326573e+00
49 5.693566e-06 7.476395e-02 2.134994e+00
50 5.615497e-06 1.371170e-02 2.014941e+00
51 6.390901e-06 1.380828e-01 2.063858e+00
52 7.360535e-06 1.517210e-01 2.171475e+00
53 5.272846e-06 2.836328e-01 2.129734e+00
54 4.795779e-06 9.047619e-02 2.050870e+00
55 4.639142e-06 3.266143e-02 1.972286e+00
56 4.025790e-06 1.322123e-01 2.092753e+00
57 3.839825e-06 4.619345e-02 2.134894e+00
58 3.726967e-06 2.939146e-02 2.001248e+00
59 3.720913e-06 1.624545e-03 2.040134e+00
60 3.371067e-06 9.402151e-02 2.111561e+00
61 3.295676e-06 2.236406e-02 2.110899e+00
62 3.299888e-06 1.278008e-03 2.193073e+00
63 3.249542e-06 1.525675e-02 2.219544e+00
64 3.388085e-06 4.263445e-02 2.015130e+00
65 3.271348e-06 3.445496e-02 2.002900e+00
66 3.202595e-06 2.101681e-02 2.003556e+00
67 3.210486e-06 2.463798e-03 2.038385e+00
68 3.164310e-06 1.438273e-02 2.099041e+00
69 3.797200e-06 2.000089e-01 2.082035e+00
70 2.955978e-06 2.215376e-01 2.070002e+00
71 2.722266e-06 7.906395e-02 2.086804e+00
72 2.773951e-06 1.898572e-02 2.014312e+00
73 3.286307e-06 1.847029e-01 1.991003e+00
74 3.455905e-06 5.160730e-02 2.016110e+00
75 2.752291e-06 2.035975e-01 2.087562e+00
76 2.367611e-06 1.397674e-01 2.033764e+00
77 2.403091e-06 1.498575e-02 2.183989e+00
78 3.089138e-06 2.854854e-01 2.219027e+00
79 2.451673e-06 2.063572e-01 2.026449e+00
80 2.413999e-06 1.536663e-02 2.040511e+00
81 2.397896e-06 6.670473e-03 2.093188e+00
82 2.230193e-06 6.993757e-02 2.110924e+00
83 2.212275e-06 8.034491e-03 2.100135e+00
84 2.405471e-06 8.732914e-02 2.099712e+00
85 2.307911e-06 4.055758e-02 2.115991e+00
86 2.208491e-06 4.307769e-02 2.165629e+00
87 2.214358e-06 2.656533e-03 2.063300e+00
88 2.228118e-06 6.213969e-03 2.116330e+00
89 2.350623e-06 5.498120e-02 2.039428e+00
90 1.793623e-06 2.369582e-01 2.092095e+00
91 1.777218e-06 9.146634e-03 2.123534e+00
92 1.838148e-06 3.428381e-02 2.075240e+00
93 1.728156e-06 5.983826e-02 2.093233e+00
94 1.855121e-06 7.346869e-02 2.064057e+00
95 1.856226e-06 5.956064e-04 2.099915e+00
96 1.443299e-06 2.224555e-01 2.194171e+00
97 1.679980e-06 1.639867e-01 2.253284e+00
98 1.528314e-06 9.027873e-02 2.189464e+00
99 1.977530e-06 2.939291e-01 2.104856e+00
100 1.131367e-06 4.278887e-01 2.249087e+00
101 1.457839e-06 2.885636e-01 2.014769e+00
102 9.202025e-07 3.687899e-01 2.057011e+00
103 1.280117e-06 3.911252e-01 2.099278e+00
104 7.298827e-07 4.298312e-01 2.015330e+00
105 8.389665e-07 1.494539e-01 2.039967e+00
106 5.937251e-07 2.923138e-01 2.003286e+00
107 7.175654e-07 2.085818e-01 2.086775e+00
108 7.227566e-07 7.234516e-03 2.112088e+00
109 5.371298e-07 2.568317e-01 2.027351e+00
110 4.679422e-07 1.288098e-01 2.171821e+00
111 4.768846e-07 1.910998e-02 2.207384e+00
112 6.123694e-07 2.841040e-01 2.189218e+00
113 6.174901e-07 8.362112e-03 2.063744e+00
114 3.502818e-07 4.327329e-01 2.045048e+00
115 5.320248e-07 5.188478e-01 2.009869e+00
116 4.481293e-07 1.576908e-01 1.968206e+00
117 2.861947e-07 3.613569e-01 2.015316e+00
118 2.961968e-07 3.494849e-02 1.955177e+00
119 3.766051e-07 2.714692e-01 1.931703e+00
120 5.287209e-07 4.039133e-01 2.038355e+00
121 5.413595e-07 2.390412e-02 1.959858e+00
122 2.394617e-07 5.576661e-01 2.032409e+00
123 3.351469e-07 3.995846e-01 2.039158e+00
124 2.560857e-07 2.359001e-01 2.003922e+00
125 1.879492e-07 2.660692e-01 2.010193e+00
126 3.000720e-07 5.965591e-01 2.194692e+00
127 1.611182e-07 4.630681e-01 2.213649e+00
128 3.442439e-07 1.136592e+00 2.039318e+00
129 1.927830e-07 4.399814e-01 1.973062e+00
130 1.950441e-07 1.172879e-02 1.984704e+00
131 1.350383e-07 3.076525e-01 1.997129e+00
132 2.250392e-07 6.664841e-01 2.002719e+00
133 1.278640e-07 4.318145e-01 1.996905e+00
134 1.874114e-07 4.657094e-01 2.026600e+00
135 1.291873e-07 3.106753e-01 2.009633e+00
136 1.590180e-07 2.309105e-01 2.063968e+00
137 8.519083e-08 4.642694e-01 2.002961e+00
138 1.266209e-07 4.863204e-01 1.990270e+00
139 7.974472e-08 3.702087e-01 2.032184e+00
140 1.297370e-07 6.269045e-01 1.978791e+00
141 8.078102e-08 3.773481e-01 2.086227e+00
142 1.130495e-07 3.994567e-01 2.164756e+00
143 7.572952e-08 3.301209e-01 1.924968e+00
144 1.250050e-07 6.506778e-01 1.926221e+00
145 8.572421e-08 3.142340e-01 1.979015e+00
146 1.331754e-07 5.535329e-01 1.949377e+00
147 6.450141e-08 5.156656e-01 1.937288e+00
148 5.851470e-08 9.281531e-02 1.948671e+00
149 6.441450e-08 1.008261e-01 1.842228e+00
150 4.723633e-08 2.666818e-01 1.954359e+00
151 4.862144e-08 2.932315e-02 1.815541e+00
152 5.222096e-08 7.403139e-02 1.835244e+00
153 4.048999e-08 2.246409e-01 1.877382e+00
154 5.018053e-08 2.393315e-01 1.877295e+00
155 3.745225e-08 2.536497e-01 1.865839e+00
156 3.983902e-08 6.372827e-02 1.865661e+00
157 3.205120e-08 1.954821e-01 2.020833e+00
158 3.317414e-08 3.503589e-02 2.118112e+00
159 1.738923e-08 4.758197e-01 1.835638e+00
160 1.724482e-08 8.304969e-03 1.797449e+00
161 1.886582e-08 9.399932e-02 1.769046e+00
162 1.461570e-08 2.252812e-01 1.810622e+00
163 1.538910e-08 5.291568e-02 1.793987e+00
164 1.200628e-08 2.198194e-01 1.708953e+00
165 1.563745e-08 3.024388e-01 1.810403e+00
166 9.236058e-09 4.093627e-01 1.775205e+00
167 1.278056e-08 3.837680e-01 1.684676e+00
168 9.954815e-09 2.210972e-01 1.709894e+00
169 8.981485e-09 9.777482e-02 1.739416e+00
170 1.835118e-08 1.043224e+00 1.834480e+00
171 8.078034e-09 5.598086e-01 1.810808e+00
172 7.447323e-09 7.807720e-02 1.889571e+00
173 1.182344e-08 5.876095e-01 1.811487e+00
174 6.223251e-09 4.736514e-01 1.757022e+00
175 4.786345e-09 2.308932e-01 1.805621e+00
176 5.398181e-09 1.278294e-01 1.800316e+00
177 4.269351e-09 2.091131e-01 1.762116e+00
178 3.652966e-09 1.443744e-01 1.763196e+00
179 4.979510e-09 3.631418e-01 1.792835e+00
180 4.293610e-09 1.377445e-01 1.774366e+00
181 3.627780e-09 1.550746e-01 1.744414e+00
182 2.281320e-09 3.711525e-01 1.774675e+00
183 2.326865e-09 1.996398e-02 1.810934e+00
184 2.384050e-09 2.457600e-02 1.781304e+00
185 2.599377e-09 9.031989e-02 1.805468e+00
186 1.838542e-09 2.926991e-01 1.918974e+00
187 2.151615e-09 1.702838e-01 1.884119e+00
188 1.604533e-09 2.542661e-01 1.786601e+00
189 2.625899e-09 6.365508e-01 1.787332e+00
190 1.577296e-09 3.993310e-01 1.793563e+00
191 1.676895e-09 6.314540e-02 1.757494e+00
192 1.356632e-09 1.909859e-01 1.775262e+00
193 1.120279e-09 1.742204e-01 1.817448e+00
194 1.192187e-09 6.418752e-02 1.787533e+00
195 7.655639e-10 3.578491e-01 1.751584e+00
196 9.757281e-10 2.745220e-01 1.781155e+00
197 1.064900e-09 9.139034e-02 1.804347e+00
198 7.246397e-10 3.195234e-01 1.733741e+00
199 9.964591e-10 3.751098e-01 1.788323e+00
200 6.087018e-10 3.891353e-01 1.787692e+00
201 5.300546e-10 1.292048e-01 1.792755e+00
202 6.815108e-10 2.857372e-01 1.947461e+00
203 5.635901e-10 1.730285e-01 2.075673e+00
204 8.136408e-10 4.436749e-01 1.918309e+00
205 4.329539e-10 4.678808e-01 1.793778e+00
206 4.913525e-10 1.348842e-01 1.734290e+00
207 6.000200e-10 2.211600e-01 1.666177e+00
208 4.993271e-10 1.678159e-01 1.727329e+00
209 3.401436e-10 3.187961e-01 1.818360e+00
210 3.033992e-10 1.080261e-01 1.702995e+00
211 2.618418e-10 1.369728e-01 1.744651e+00
212 2.943203e-10 1.240389e-01 1.775874e+00
213 2.414773e-10 1.795427e-01 1.780683e+00
214 3.261872e-10 3.507987e-01 1.745850e+00
215 2.598776e-10 2.032870e-01 1.774454e+00
216 2.087446e-10 1.967580e-01 1.817640e+00
217 2.332298e-10 1.172974e-01 1.787046e+00
218 2.548857e-10 9.285221e-02 1.739770e+00
219 2.550592e-10 6.808067e-04 1.788180e+00
220 1.909156e-10 2.514851e-01 1.786698e+00
221 1.486187e-10 2.215478e-01 1.787127e+00
222 1.713123e-10 1.526970e-01 1.763231e+00
223 1.400041e-10 1.827550e-01 1.806288e+00
224 1.199751e-10 1.430599e-01 1.829376e+00
225 8.485102e-11 2.927617e-01 1.745121e+00
