1 9.706104e-01 1.000000e+00 9.563520e-01
2 9.341791e-01 3.753440e-02 9.957970e-01
3 7.344147e-01 2.138395e-01 1.005478e+00
4 6.449405e-01 1.218306e-01 1.088283e+00
5 6.126041e-01 5.013862e-02 1.052789e+00
6 5.622802e-01 8.214751e-02 1.153591e+00
7 5.138476e-01 8.613598e-02 9.905400e-01
8 5.012438e-01 2.452841e-02 1.064481e+00
9 4.886591e-01 2.510684e-02 1.005066e+00
10 3.925364e-01 1.967071e-01 1.007730e+00
11 3.767440e-01 4.023175e-02 9.726810e-01
12 3.684188e-01 2.209762e-02 9.742820e-01
13 3.364538e-01 8.676276e-02 9.575460e-01
14 3.249217e-01 3.427527e-02 9.508590e-01
15 3.190566e-01 1.805083e-02 9.350380e-01
16 3.129568e-01 1.911839e-02 9.570670e-01
17 3.041180e-01 2.824274e-02 9.363930e-01
18 3.013902e-01 8.969538e-03 9.297800e-01
19 2.925940e-01 2.918545e-02 9.148490e-01
20 2.886299e-01 1.354812e-02 9.358440e-01
21 2.009987e-01 3.036109e-01 9.514570e-01
22 1.383291e-01 3.117912e-01 1.007300e+00
23 1.008160e-01 2.711872e-01 9.784490e-01
24 9.273074e-02 8.019841e-02 9.057600e-01
25 9.298131e-02 2.702114e-03 9.001100e-01
26 8.899821e-02 4.283755e-02 8.996870e-01
27 8.856103e-02 4.912255e-03 9.294300e-01
28 8.702695e-02 1.732232e-02 9.308370e-01
29 6.037765e-02 3.062189e-01 9.357920e-01
30 3.188232e-02 4.719516e-01 9.178420e-01
31 2.541157e-02 2.029574e-01 9.593480e-01
32 1.409081e-02 4.454963e-01 9.420140e-01
33 1.098044e-02 2.207374e-01 9.058320e-01
34 9.972860e-03 9.176141e-02 8.943810e-01
35 8.712228e-03 1.264063e-01 9.062340e-01
36 7.539514e-03 1.346055e-01 8.909210e-01
37 6.815422e-03 9.603960e-02 9.328860e-01
38 7.596772e-03 1.146444e-01 9.321110e-01
39 5.880014e-03 2.259853e-01 8.911100e-01
40 5.762384e-03 2.000495e-02 9.150680e-01
41 5.695038e-03 1.168721e-02 8.970620e-01
42 4.441947e-03 2.200321e-01 9.234230e-01
43 3.095725e-03 3.030701e-01 9.058130e-01
44 3.307026e-03 6.825566e-02 9.096360e-01
45 3.058919e-03 7.502419e-02 8.938990e-01
46 2.939198e-03 3.913834e-02 9.325590e-01
47 1.961220e-03 3.327365e-01 9.239410e-01
48 2.298852e-03 1.721541e-01 8.974260e-01
49 1.222549e-03 4.681913e-01 9.026800e-01
50 1.940812e-03 5.875119e-01 9.301570e-01
51 1.378350e-03 2.898075e-01 9.089520e-01
52 1.517403e-03 1.008839e-01 9.080200e-01
53 7.594534e-04 4.995045e-01 9.214750e-01
54 8.632317e-04 1.366486e-01 9.563780e-01
55 5.509613e-04 3.617458e-01 9.902870e-01
56 7.651812e-04 3.888112e-01 9.417480e-01
57 3.813624e-04 5.016052e-01 9.245440e-01
58 5.871858e-04 5.397058e-01 8.872170e-01
59 2.640312e-04 5.503447e-01 9.154800e-01
60 3.420054e-04 2.953217e-01 9.118730e-01
61 1.641383e-04 5.200710e-01 9.058180e-01
62 2.100581e-04 2.797631e-01 9.028500e-01
63 1.551482e-04 2.614032e-01 9.179500e-01
64 1.336048e-04 1.388570e-01 9.177970e-01
65 1.311520e-04 1.835869e-02 9.054110e-01
66 1.109721e-04 1.538665e-01 9.185670e-01
67 1.097503e-04 1.100982e-02 9.233610e-01
68 1.152361e-04 4.998422e-02 9.031990e-01
69 5.935075e-05 4.849641e-01 9.085770e-01
70 7.325416e-05 2.342584e-01 8.996880e-01
71 4.052522e-05 4.467862e-01 8.995230e-01
72 5.300310e-05 3.079042e-01 8.943690e-01
73 3.312374e-05 3.750604e-01 9.059840e-01
74 4.050988e-05 2.229864e-01 8.995350e-01
75 2.164063e-05 4.657938e-01 8.969300e-01
76 2.514722e-05 1.620374e-01 9.058190e-01
77 1.830071e-05 2.722571e-01 9.153930e-01
78 1.768122e-05 3.385083e-02 9.262830e-01
79 9.676483e-06 4.527252e-01 9.149720e-01
80 9.260905e-06 4.294723e-02 9.032280e-01
81 1.162453e-05 2.552263e-01 9.027300e-01
82 7.362976e-06 3.666002e-01 8.943500e-01
83 9.086611e-06 2.340948e-01 9.271810e-01
84 7.048796e-06 2.242656e-01 8.968770e-01
85 6.384522e-06 9.423945e-02 8.789170e-01
86 8.174674e-06 2.803895e-01 8.967490e-01
87 3.793090e-06 5.359950e-01 8.760820e-01
88 6.736959e-06 7.761139e-01 8.516490e-01
89 4.047511e-06 3.992081e-01 8.613120e-01
90 4.581344e-06 1.318916e-01 8.632300e-01
91 3.412478e-06 2.551360e-01 8.253840e-01
92 3.591133e-06 5.235346e-02 8.514000e-01
93 2.898685e-06 1.928216e-01 8.582860e-01
94 3.116859e-06 7.526644e-02 8.635590e-01
95 2.294452e-06 2.638576e-01 8.550460e-01
96 2.147269e-06 6.414712e-02 8.729010e-01
97 2.101154e-06 2.147628e-02 8.940130e-01
98 1.385111e-06 3.407858e-01 9.058810e-01
99 1.126491e-06 1.867141e-01 9.361630e-01
100 9.659053e-07 1.425538e-01 8.693870e-01
101 1.011320e-06 4.701771e-02 8.644760e-01
102 7.375289e-07 2.707264e-01 8.630730e-01
103 6.514027e-07 1.167767e-01 8.729830e-01
104 6.550941e-07 5.666835e-03 8.757770e-01
105 6.901021e-07 5.343962e-02 8.660910e-01
106 4.765544e-07 3.094436e-01 8.542460e-01
107 3.312746e-07 3.048547e-01 8.615310e-01
108 3.849129e-07 1.619150e-01 8.484500e-01
109 6.518879e-07 6.935987e-01 8.603110e-01
110 2.948035e-07 5.477697e-01 8.641120e-01
111 4.117531e-07 3.967036e-01 8.579410e-01
112 2.828270e-07 3.131152e-01 8.485790e-01
113 2.644269e-07 6.505753e-02 9.083500e-01
114 2.278153e-07 1.384567e-01 8.766580e-01
115 2.591183e-07 1.374053e-01 9.777370e-01
116 1.424195e-07 4.503689e-01 9.329610e-01
117 1.538424e-07 8.020634e-02 9.118900e-01
118 1.144573e-07 2.560094e-01 8.660880e-01
119 9.812307e-08 1.427102e-01 8.794810e-01
120 1.063724e-07 8.407162e-02 8.729290e-01
121 8.734748e-08 1.788523e-01 8.577100e-01
122 9.880329e-08 1.311521e-01 8.578850e-01
123 7.635139e-08 2.272383e-01 8.728620e-01
124 6.599021e-08 1.357039e-01 8.614550e-01
125 5.675191e-08 1.399950e-01 8.659780e-01
126 5.313376e-08 6.375373e-02 8.586720e-01
127 4.097362e-08 2.288591e-01 8.669470e-01
128 5.349644e-08 3.056313e-01 8.481920e-01
129 3.872073e-08 2.761999e-01 8.463940e-01
130 3.646263e-08 5.831746e-02 8.744330e-01
131 3.099351e-08 1.499925e-01 8.824510e-01
132 2.618257e-08 1.552241e-01 8.517310e-01
133 2.877356e-08 9.895840e-02 8.487290e-01
134 2.772001e-08 3.661507e-02 8.611140e-01
135 1.622562e-08 4.146604e-01 8.520540e-01
136 2.015032e-08 2.418830e-01 8.880620e-01
137 1.468021e-08 2.714653e-01 9.294500e-01
138 1.870643e-08 2.742618e-01 9.127370e-01
139 1.263121e-08 3.247663e-01 8.150650e-01
140 1.372702e-08 8.675420e-02 8.525820e-01
141 9.710409e-09 2.926063e-01 8.667400e-01
142 9.198815e-09 5.268505e-02 8.398860e-01
143 7.282645e-09 2.083062e-01 8.577290e-01
144 7.318574e-09 4.933515e-03 8.547910e-01
145 4.542870e-09 3.792685e-01 8.462980e-01
146 5.022263e-09 1.055264e-01 8.510650e-01
147 4.250779e-09 1.536129e-01 8.457120e-01
148 3.878878e-09 8.748990e-02 8.706170e-01
149 2.916717e-09 2.480514e-01 8.484950e-01
150 3.278787e-09 1.241362e-01 8.340960e-01
151 2.062526e-09 3.709485e-01 8.455760e-01
152 2.654226e-09 2.868813e-01 8.255250e-01
153 2.730438e-09 2.871317e-02 8.249030e-01
154 1.970029e-09 2.784934e-01 8.280970e-01
155 2.020837e-09 2.579084e-02 8.302720e-01
156 1.367740e-09 3.231816e-01 8.165730e-01
157 1.520137e-09 1.114229e-01 8.338600e-01
158 9.385186e-10 3.826094e-01 8.093900e-01
159 8.079026e-10 1.391725e-01 8.101530e-01
160 6.502304e-10 1.951624e-01 7.919480e-01
161 8.141328e-10 2.520681e-01 8.074080e-01
162 5.243994e-10 3.558797e-01 8.008770e-01
163 4.899537e-10 6.568594e-02 8.122270e-01
164 3.878784e-10 2.083367e-01 7.863850e-01
165 3.798660e-10 2.065691e-02 8.123850e-01
166 3.331433e-10 1.229979e-01 7.987890e-01
167 2.227234e-10 3.314487e-01 7.973860e-01
168 1.952231e-10 1.234730e-01 8.215040e-01
169 1.692023e-10 1.332872e-01 7.711650e-01
170 1.618002e-10 4.374691e-02 7.982080e-01
171 1.275534e-10 2.116612e-01 7.765550e-01
172 9.667822e-11 2.420570e-01 7.622260e-01
