1 9.821080e-01 1.000000e+00 2.603265e+00
2 8.954382e-01 8.824881e-02 2.839804e+00
3 8.521520e-01 4.834082e-02 2.686270e+00
4 7.044153e-01 1.733689e-01 2.897292e+00
5 6.636148e-01 5.792105e-02 2.618918e+00
6 6.215740e-01 6.335121e-02 2.918354e+00
7 5.905832e-01 4.985860e-02 2.895768e+00
8 5.036823e-01 1.471443e-01 2.765392e+00
9 4.827917e-01 4.147580e-02 2.675637e+00
10 3.839173e-01 2.047972e-01 2.700452e+00
11 3.340622e-01 1.298588e-01 2.665933e+00
12 3.178601e-01 4.850036e-02 2.908404e+00
13 2.705474e-01 1.488474e-01 3.221364e+00
14 2.577225e-01 4.740378e-02 2.536967e+00
15 2.526821e-01 1.955739e-02 2.728697e+00
16 2.511634e-01 6.010459e-03 2.435403e+00
17 2.108350e-01 1.605664e-01 2.705036e+00
18 1.979359e-01 6.118106e-02 2.392023e+00
19 1.937628e-01 2.108296e-02 2.386596e+00
20 1.896023e-01 2.147231e-02 2.451431e+00
21 1.849216e-01 2.468657e-02 2.787542e+00
22 1.760660e-01 4.788836e-02 2.561244e+00
23 1.585317e-01 9.958963e-02 2.987467e+00
24 1.457423e-01 8.067405e-02 2.450502e+00
25 1.391477e-01 4.524862e-02 2.679778e+00
26 9.108413e-02 3.454138e-01 2.409799e+00
27 8.892174e-02 2.374056e-02 2.366814e+00
28 8.675498e-02 2.436699e-02 2.424110e+00
29 8.572860e-02 1.183085e-02 2.462812e+00
30 8.499636e-02 8.541353e-03 2.675361e+00
31 8.402347e-02 1.144626e-02 2.456849e+00
32 8.242599e-02 1.901227e-02 2.657032e+00
33 8.094543e-02 1.796236e-02 2.477803e+00
34 8.153063e-02 7.229622e-03 2.447063e+00
35 8.092812e-02 7.390017e-03 2.445821e+00
36 8.076829e-02 1.974972e-03 2.422818e+00
37 8.060000e-02 2.083538e-03 2.339638e+00
38 7.226621e-02 1.033969e-01 2.307879e+00
39 7.203329e-02 3.223174e-03 2.348978e+00
40 7.177631e-02 3.567507e-03 2.385760e+00
41 7.055824e-02 1.697029e-02 2.374768e+00
42 7.037243e-02 2.633510e-03 2.374031e+00
43 7.011495e-02 3.658804e-03 2.375351e+00
44 7.003533e-02 1.135618e-03 2.488380e+00
45 6.792351e-02 3.015350e-02 2.291803e+00
46 6.748392e-02 6.471873e-03 2.326954e+00
47 6.661440e-02 1.288485e-02 2.369482e+00
48 6.594625e-02 1.003009e-02 2.600694e+00
49 6.528454e-02 1.003410e-02 2.495388e+00
50 6.499634e-02 4.414560e-03 2.339865e+00
51 6.494153e-02 8.432639e-04 2.391582e+00
52 6.487741e-02 9.873675e-04 2.254228e+00
53 6.440299e-02 7.312604e-03 2.303867e+00
54 6.141578e-02 4.638300e-02 2.537833e+00
55 6.142778e-02 1.953610e-04 2.360438e+00
56 6.143663e-02 1.440597e-04 2.363265e+00
57 6.120541e-02 3.763563e-03 2.429441e+00
58 6.038654e-02 1.337897e-02 2.384757e+00
59 6.044303e-02 9.353999e-04 2.398773e+00
60 6.004689e-02 6.554024e-03 2.427849e+00
61 5.859791e-02 2.413074e-02 2.399342e+00
62 5.666777e-02 3.293874e-02 2.409832e+00
63 5.568387e-02 1.736266e-02 2.387224e+00
64 5.578899e-02 1.887959e-03 2.379862e+00
65 5.521906e-02 1.021585e-02 2.307700e+00
66 5.533352e-02 2.072718e-03 2.459440e+00
67 5.509064e-02 4.389237e-03 2.661407e+00
68 5.511272e-02 4.006804e-04 2.237695e+00
69 5.505008e-02 1.136478e-03 2.253302e+00
70 5.499553e-02 9.910292e-04 2.291702e+00
71 5.487043e-02 2.274697e-03 2.278661e+00
72 5.485042e-02 3.646529e-04 2.248976e+00
73 5.479855e-02 9.456217e-04 2.362142e+00
74 4.841113e-02 1.165619e-01 2.573062e+00
75 4.804316e-02 7.600879e-03 2.258937e+00
76 4.798634e-02 1.182767e-03 2.261728e+00
77 4.772714e-02 5.401472e-03 2.249457e+00
78 4.776416e-02 7.757068e-04 2.266904e+00
79 4.743361e-02 6.920504e-03 2.392804e+00
80 4.740612e-02 5.794880e-04 2.488870e+00
81 4.443453e-02 6.268385e-02 2.262272e+00
82 4.441213e-02 5.041147e-04 2.243479e+00
83 4.433226e-02 1.798225e-03 2.308476e+00
84 4.417757e-02 3.489405e-03 2.403912e+00
85 4.395525e-02 5.032378e-03 2.369408e+00
86 1.766511e-02 5.981114e-01 2.356208e+00
87 9.318763e-03 4.724765e-01 2.352310e+00
88 9.147364e-03 1.839286e-02 2.390806e+00
89 8.893992e-03 2.769888e-02 2.405510e+00
90 8.832277e-03 6.938948e-03 2.334281e+00
91 7.917764e-03 1.035422e-01 2.375857e+00
92 7.858987e-03 7.423460e-03 2.722960e+00
93 7.178615e-03 8.657248e-02 2.638162e+00
94 6.947739e-03 3.216160e-02 2.350622e+00
95 6.711630e-03 3.398357e-02 2.375241e+00
96 6.674101e-03 5.591637e-03 2.374673e+00
97 6.673113e-03 1.480562e-04 2.381953e+00
98 6.515219e-03 2.366130e-02 2.411525e+00
99 6.906939e-03 6.012389e-02 2.465209e+00
100 6.609183e-03 4.310967e-02 2.362244e+00
101 6.690654e-03 1.232699e-02 2.362755e+00
102 6.009852e-03 1.017543e-01 2.340533e+00
103 5.278408e-03 1.217075e-01 2.391914e+00
104 5.027877e-03 4.746337e-02 2.429455e+00
105 5.181624e-03 3.057883e-02 2.506695e+00
106 5.162634e-03 3.664829e-03 2.446984e+00
107 5.092986e-03 1.349079e-02 2.415862e+00
108 4.977784e-03 2.261971e-02 2.369580e+00
109 4.824470e-03 3.079960e-02 2.435181e+00
110 4.700729e-03 2.564872e-02 2.351704e+00
111 4.450466e-03 5.323922e-02 2.321266e+00
112 4.380130e-03 1.580398e-02 2.219939e+00
113 4.681531e-03 6.881091e-02 2.303707e+00
114 4.509896e-03 3.666230e-02 2.351036e+00
115 4.341968e-03 3.723524e-02 2.338103e+00
116 4.340077e-03 4.357324e-04 2.327465e+00
117 4.120596e-03 5.057057e-02 2.315605e+00
118 4.289916e-03 4.109110e-02 2.359704e+00
119 4.219705e-03 1.636669e-02 2.363165e+00
120 4.203680e-03 3.797502e-03 2.374387e+00
121 4.031918e-03 4.086000e-02 2.333799e+00
122 3.953767e-03 1.938305e-02 2.429060e+00
123 3.983519e-03 7.524917e-03 2.469867e+00
124 3.982974e-03 1.367127e-04 2.393277e+00
125 3.730547e-03 6.337643e-02 2.362801e+00
126 3.682938e-03 1.276203e-02 2.423901e+00
127 3.740045e-03 1.550585e-02 2.320692e+00
128 3.688021e-03 1.391005e-02 2.296586e+00
129 3.906023e-03 5.911089e-02 2.385632e+00
130 3.674084e-03 5.937984e-02 2.392985e+00
131 3.645720e-03 7.720076e-03 2.362243e+00
132 3.615551e-03 8.275176e-03 2.368149e+00
133 3.411341e-03 5.648107e-02 2.369023e+00
134 3.413205e-03 5.463307e-04 2.279855e+00
135 3.398079e-03 4.431449e-03 2.356767e+00
136 3.376443e-03 6.367269e-03 2.363673e+00
137 3.423262e-03 1.386646e-02 2.321182e+00
138 3.338830e-03 2.466403e-02 2.398807e+00
139 3.368286e-03 8.822204e-03 2.454092e+00
140 3.303482e-03 1.923940e-02 2.559989e+00
141 3.339918e-03 1.102949e-02 2.314963e+00
142 3.320846e-03 5.710356e-03 2.344591e+00
143 3.268707e-03 1.570040e-02 2.315761e+00
144 3.278245e-03 2.917913e-03 2.254006e+00
145 3.296264e-03 5.496361e-03 2.224439e+00
146 3.300759e-03 1.363653e-03 2.254742e+00
147 3.276795e-03 7.259936e-03 2.231816e+00
148 3.240119e-03 1.119261e-02 2.235974e+00
149 3.259714e-03 6.047386e-03 2.357547e+00
150 3.257376e-03 7.171071e-04 2.338346e+00
151 3.228415e-03 8.891067e-03 2.374486e+00
152 3.234156e-03 1.778533e-03 2.460055e+00
153 3.252894e-03 5.793636e-03 2.434930e+00
154 3.211818e-03 1.262752e-02 2.370149e+00
155 3.214169e-03 7.318634e-04 2.355661e+00
156 3.200706e-03 4.188595e-03 2.327257e+00
157 3.215883e-03 4.741968e-03 2.314655e+00
158 3.208968e-03 2.150344e-03 2.336218e+00
159 3.206178e-03 8.694149e-04 2.313362e+00
160 3.147343e-03 1.835045e-02 2.301947e+00
161 3.150239e-03 9.200848e-04 2.345181e+00
162 3.096931e-03 1.692180e-02 2.417041e+00
163 3.015575e-03 2.627016e-02 2.322183e+00
164 3.061910e-03 1.536546e-02 2.357706e+00
165 2.877791e-03 6.013219e-02 2.526448e+00
166 2.814466e-03 2.200474e-02 2.511489e+00
167 2.783266e-03 1.108551e-02 2.506548e+00
168 2.801419e-03 6.522002e-03 2.314594e+00
169 2.820950e-03 6.972117e-03 2.448234e+00
170 2.733284e-03 3.107706e-02 2.415338e+00
171 2.640729e-03 3.386208e-02 2.399485e+00
172 2.526747e-03 4.316316e-02 2.399857e+00
173 2.576971e-03 1.987695e-02 2.339128e+00
174 2.387192e-03 7.364405e-02 2.387510e+00
175 2.368519e-03 7.822415e-03 2.387200e+00
176 2.361127e-03 3.120540e-03 2.356502e+00
177 2.421068e-03 2.538661e-02 2.399319e+00
178 2.438056e-03 7.016427e-03 2.525235e+00
179 2.439004e-03 3.888096e-04 2.536242e+00
180 2.263106e-03 7.211884e-02 2.314416e+00
181 2.269979e-03 3.037038e-03 2.339329e+00
182 1.958456e-03 1.372361e-01 2.321494e+00
183 1.828937e-03 6.613318e-02 2.374710e+00
184 1.841512e-03 6.875637e-03 2.320405e+00
185 1.806100e-03 1.922998e-02 2.327097e+00
186 1.931823e-03 6.961013e-02 2.325392e+00
187 1.717907e-03 1.107324e-01 2.315777e+00
188 1.559574e-03 9.216642e-02 2.351586e+00
189 1.525322e-03 2.196251e-02 2.332639e+00
190 1.542951e-03 1.155768e-02 2.410544e+00
191 1.600686e-03 3.741858e-02 2.435964e+00
192 1.493687e-03 6.684565e-02 2.519098e+00
193 1.531862e-03 2.555767e-02 2.393900e+00
194 1.452987e-03 5.148997e-02 2.320700e+00
195 1.399331e-03 3.692763e-02 2.369465e+00
196 1.272244e-03 9.081988e-02 2.405396e+00
197 1.236141e-03 2.837783e-02 2.333353e+00
198 1.204565e-03 2.554400e-02 2.358485e+00
199 1.216705e-03 1.007852e-02 2.350929e+00
200 1.207028e-03 7.953771e-03 2.369883e+00
201 1.284975e-03 6.457787e-02 2.356698e+00
202 1.072096e-03 1.656675e-01 2.350982e+00
203 7.646026e-04 2.868154e-01 2.409881e+00
204 6.251615e-04 1.823706e-01 2.469878e+00
205 5.183035e-04 1.709287e-01 2.454255e+00
206 5.651605e-04 9.040447e-02 2.416333e+00
207 6.046965e-04 6.995552e-02 2.332768e+00
208 4.946019e-04 1.820660e-01 2.278234e+00
209 4.697165e-04 5.031405e-02 2.330321e+00
210 4.751269e-04 1.151846e-02 2.309140e+00
211 4.949423e-04 4.170568e-02 2.375349e+00
212 3.809015e-04 2.304124e-01 2.302373e+00
213 3.961352e-04 3.999376e-02 2.381461e+00
214 3.597530e-04 9.184288e-02 2.296725e+00
215 3.333266e-04 7.345721e-02 2.333568e+00
216 2.926025e-04 1.221746e-01 2.338123e+00
217 2.811581e-04 3.911249e-02 2.380919e+00
218 2.293317e-04 1.843321e-01 2.314712e+00
219 2.348678e-04 2.414050e-02 2.304319e+00
220 2.479621e-04 5.575157e-02 2.296299e+00
221 2.352967e-04 5.107808e-02 2.321289e+00
222 2.198350e-04 6.571128e-02 2.308536e+00
223 2.098634e-04 4.535969e-02 2.256058e+00
224 1.993581e-04 5.005765e-02 2.164864e+00
225 1.997828e-04 2.130159e-03 2.174644e+00
226 1.911302e-04 4.330983e-02 2.183683e+00
227 1.923253e-04 6.252950e-03 2.320688e+00
228 1.927939e-04 2.436472e-03 2.262347e+00
229 2.383356e-04 2.362195e-01 2.297531e+00
230 2.674377e-04 1.221056e-01 2.333375e+00
231 2.640687e-04 1.259754e-02 2.301193e+00
232 2.107901e-04 2.017603e-01 2.301153e+00
233 1.554287e-04 2.626376e-01 2.290980e+00
234 1.415258e-04 8.944864e-02 2.284457e+00
235 1.307984e-04 7.579825e-02 2.303689e+00
236 1.364936e-04 4.354180e-02 2.314702e+00
237 9.727307e-05 2.873433e-01 2.356638e+00
238 8.018656e-05 1.756550e-01 2.291361e+00
239 6.563163e-05 1.815134e-01 2.349932e+00
240 6.801856e-05 3.636857e-02 2.350047e+00
241 7.114009e-05 4.589236e-02 2.349222e+00
242 5.701049e-05 1.986166e-01 2.350569e+00
243 4.543692e-05 2.030076e-01 2.315015e+00
244 3.711637e-05 1.831231e-01 2.430054e+00
245 4.433078e-05 1.943727e-01 2.529243e+00
246 3.354049e-05 2.434041e-01 1.863180e+00
247 3.265862e-05 2.629261e-02 1.739927e+00
248 3.399452e-05 4.090503e-02 1.744140e+00
249 2.824172e-05 1.692275e-01 1.738905e+00
250 2.361104e-05 1.639658e-01 1.804365e+00
251 2.560720e-05 8.454328e-02 1.824118e+00
252 2.456210e-05 4.081261e-02 1.708479e+00
253 2.190505e-05 1.081768e-01 1.714374e+00
254 2.417725e-05 1.037297e-01 1.694442e+00
255 2.094341e-05 1.337559e-01 1.713803e+00
256 1.692055e-05 1.920821e-01 1.715166e+00
257 1.585441e-05 6.300848e-02 1.703291e+00
258 1.635680e-05 3.168761e-02 1.799840e+00
259 1.418889e-05 1.325388e-01 2.050335e+00
260 1.634800e-05 1.521691e-01 1.763783e+00
261 1.331060e-05 1.857967e-01 1.723591e+00
262 1.390673e-05 4.478666e-02 1.694008e+00
263 1.787954e-05 2.856752e-01 1.703408e+00
264 1.572207e-05 1.206669e-01 1.808777e+00
265 1.528101e-05 2.805359e-02 1.797728e+00
266 1.118529e-05 2.680270e-01 1.799788e+00
267 1.453917e-05 2.998479e-01 1.825032e+00
268 1.116731e-05 2.319156e-01 1.869111e+00
269 1.014598e-05 9.145725e-02 1.841381e+00
270 9.990700e-06 1.530470e-02 1.834236e+00
271 1.091744e-05 9.275978e-02 1.804156e+00
272 1.045787e-05 4.209462e-02 1.879123e+00
273 9.459855e-06 9.543195e-02 2.010259e+00
274 9.700265e-06 2.541368e-02 1.799903e+00
275 1.100447e-05 1.344505e-01 1.838189e+00
276 1.097723e-05 2.475574e-03 1.788334e+00
277 9.282584e-06 1.543781e-01 1.837282e+00
278 1.020223e-05 9.907257e-02 1.820053e+00
279 9.323871e-06 8.609520e-02 1.832687e+00
280 9.520344e-06 2.107208e-02 1.799767e+00
281 1.066597e-05 1.203340e-01 1.844387e+00
282 8.845479e-06 1.706818e-01 1.792202e+00
283 8.473524e-06 4.205034e-02 1.818584e+00
284 8.978969e-06 5.964991e-02 1.844739e+00
285 8.503696e-06 5.293175e-02 1.798339e+00
286 8.411308e-06 1.086444e-02 1.908136e+00
287 8.696480e-06 3.390332e-02 1.949989e+00
288 8.385040e-06 3.581210e-02 1.879679e+00
289 8.411271e-06 3.128212e-03 1.764918e+00
290 8.296018e-06 1.370218e-02 1.718926e+00
291 7.713476e-06 7.021951e-02 1.762882e+00
292 7.527654e-06 2.409055e-02 1.803690e+00
293 7.686466e-06 2.109720e-02 1.829324e+00
294 7.233586e-06 5.891917e-02 1.893428e+00
295 6.825337e-06 5.643798e-02 1.772909e+00
296 7.015403e-06 2.784714e-02 1.693650e+00
297 7.119651e-06 1.485984e-02 1.705117e+00
298 7.479352e-06 5.052228e-02 1.732515e+00
299 6.710210e-06 1.028353e-01 1.808925e+00
300 7.213175e-06 7.495509e-02 1.892971e+00
301 7.410826e-06 2.740148e-02 1.953413e+00
302 6.853125e-06 7.525499e-02 1.834294e+00
303 6.923229e-06 1.022951e-02 1.779412e+00
304 6.630746e-06 4.224652e-02 1.774033e+00
305 6.541596e-06 1.344494e-02 1.779680e+00
306 6.476134e-06 1.000716e-02 1.764568e+00
307 6.515362e-06 6.057384e-03 1.703517e+00
308 7.192082e-06 1.038652e-01 1.778596e+00
309 7.451357e-06 3.605007e-02 1.793739e+00
310 6.627458e-06 1.105703e-01 1.793685e+00
311 6.836990e-06 3.161571e-02 1.814256e+00
312 6.853364e-06 2.394886e-03 1.788272e+00
313 7.153679e-06 4.382013e-02 1.804536e+00
314 6.771990e-06 5.335561e-02 1.789384e+00
315 7.725077e-06 1.407396e-01 1.784286e+00
316 6.047347e-06 2.171798e-01 1.774638e+00
317 6.203826e-06 2.587565e-02 1.775129e+00
318 6.089911e-06 1.836209e-02 1.787150e+00
319 6.034772e-06 9.054129e-03 1.804294e+00
320 6.221792e-06 3.099047e-02 1.834981e+00
321 6.046972e-06 2.809801e-02 1.823948e+00
322 6.520196e-06 7.825805e-02 1.838362e+00
323 5.992414e-06 8.094579e-02 1.818046e+00
324 5.897297e-06 1.587297e-02 2.005598e+00
325 6.026386e-06 2.188957e-02 2.088908e+00
326 5.853605e-06 2.867080e-02 1.869609e+00
327 5.747018e-06 1.820867e-02 1.804585e+00
328 6.047940e-06 5.236137e-02 1.808613e+00
329 5.922626e-06 2.072010e-02 1.763909e+00
330 6.154994e-06 3.923386e-02 1.804201e+00
331 6.004450e-06 2.445877e-02 1.790453e+00
332 5.768549e-06 3.928765e-02 1.760071e+00
333 6.080849e-06 5.413840e-02 1.784242e+00
334 6.104225e-06 3.844235e-03 1.777948e+00
335 5.749272e-06 5.814881e-02 1.820141e+00
336 6.095676e-06 6.025172e-02 1.794027e+00
337 5.796220e-06 4.912593e-02 1.779028e+00
338 5.494829e-06 5.199786e-02 1.829836e+00
339 5.797565e-06 5.509473e-02 1.878972e+00
340 5.805142e-06 1.307018e-03 1.923201e+00
341 6.002074e-06 3.392357e-02 1.917823e+00
342 6.015959e-06 2.313487e-03 1.740215e+00
343 6.023819e-06 1.306562e-03 1.718865e+00
344 5.849225e-06 2.898405e-02 1.811829e+00
345 5.606446e-06 4.150608e-02 1.800507e+00
346 5.821203e-06 3.830526e-02 1.810194e+00
347 5.777067e-06 7.581846e-03 1.803578e+00
348 5.574509e-06 3.506248e-02 1.794613e+00
349 5.649184e-06 1.339579e-02 1.799776e+00
350 5.749640e-06 1.778237e-02 1.813452e+00
351 5.701119e-06 8.439006e-03 1.809849e+00
352 5.755863e-06 9.602352e-03 1.864674e+00
353 5.584925e-06 2.969804e-02 1.873126e+00
354 5.859936e-06 4.924169e-02 1.885510e+00
355 5.778035e-06 1.397647e-02 1.923943e+00
356 5.584426e-06 3.350777e-02 1.827996e+00
357 5.606093e-06 3.880013e-03 1.799648e+00
358 5.762694e-06 2.793393e-02 1.767916e+00
359 5.588819e-06 3.017244e-02 1.753810e+00
360 5.563452e-06 4.538859e-03 1.821565e+00
361 5.615404e-06 9.338079e-03 1.774189e+00
362 5.734076e-06 2.113326e-02 1.779165e+00
363 5.874028e-06 2.440709e-02 1.807839e+00
364 5.544739e-06 5.605848e-02 1.808757e+00
365 5.731185e-06 3.362566e-02 1.708963e+00
366 5.591017e-06 2.445705e-02 1.789574e+00
367 5.601641e-06 1.900196e-03 1.869177e+00
368 5.718906e-06 2.093409e-02 1.745464e+00
369 5.461265e-06 4.505077e-02 1.783175e+00
370 5.547556e-06 1.580062e-02 1.813299e+00
371 5.718940e-06 3.089360e-02 1.804459e+00
372 5.467203e-06 4.401810e-02 1.794836e+00
373 5.616820e-06 2.736631e-02 1.774145e+00
374 5.594885e-06 3.905262e-03 1.759144e+00
375 5.651326e-06 1.008796e-02 1.764216e+00
376 5.645515e-06 1.028335e-03 1.705127e+00
377 5.592983e-06 9.305123e-03 1.728976e+00
378 5.470844e-06 2.183780e-02 1.844981e+00
379 5.568330e-06 1.781911e-02 1.838433e+00
380 5.613767e-06 8.159858e-03 1.814623e+00
381 5.604151e-06 1.712921e-03 1.783163e+00
382 5.590072e-06 2.512226e-03 1.813747e+00
383 5.478708e-06 1.992168e-02 1.800163e+00
384 5.555062e-06 1.393654e-02 1.813727e+00
385 5.614429e-06 1.068695e-02 1.738963e+00
386 5.429973e-06 3.285385e-02 1.733199e+00
387 5.538348e-06 1.995864e-02 1.714491e+00
388 7.977819e-06 4.404690e-01 1.789729e+00
389 6.036028e-06 2.433987e-01 1.879071e+00
390 8.180371e-06 3.552573e-01 1.704542e+00
391 5.201023e-06 3.642069e-01 1.679837e+00
392 4.299169e-06 1.733994e-01 1.699054e+00
393 4.564123e-06 6.162922e-02 1.695470e+00
394 4.956976e-06 8.607399e-02 1.708402e+00
395 3.312534e-06 3.317430e-01 1.784143e+00
396 3.443820e-06 3.963298e-02 1.794039e+00
397 2.312800e-06 3.284202e-01 1.805404e+00
398 2.460602e-06 6.390632e-02 1.773565e+00
399 1.791745e-06 2.718266e-01 1.808941e+00
400 1.833534e-06 2.332280e-02 1.814738e+00
401 1.805146e-06 1.548231e-02 1.779494e+00
402 1.328321e-06 2.641476e-01 1.818000e+00
403 1.693245e-06 2.747254e-01 1.798463e+00
404 1.421474e-06 1.605028e-01 1.759688e+00
405 1.237514e-06 1.294154e-01 1.779650e+00
406 1.174787e-06 5.068793e-02 1.790295e+00
407 1.140413e-06 2.925932e-02 1.763646e+00
408 9.456292e-07 1.708012e-01 1.794546e+00
409 1.107341e-06 1.710096e-01 1.789684e+00
410 1.013711e-06 8.455379e-02 1.793239e+00
411 9.657993e-07 4.726367e-02 1.803266e+00
412 1.074965e-06 1.130318e-01 1.799715e+00
413 8.521550e-07 2.072722e-01 1.787323e+00
414 9.640380e-07 1.312943e-01 1.803487e+00
415 1.081980e-06 1.223421e-01 1.769304e+00
416 8.045377e-07 2.564212e-01 1.770217e+00
417 8.603197e-07 6.933422e-02 1.769075e+00
418 7.986068e-07 7.173252e-02 1.734091e+00
419 8.778213e-07 9.919085e-02 1.798068e+00
420 9.544268e-07 8.726776e-02 1.829180e+00
421 7.650471e-07 1.984225e-01 1.803781e+00
422 8.367778e-07 9.375989e-02 1.795170e+00
423 7.174398e-07 1.426162e-01 1.804234e+00
424 7.650295e-07 6.633276e-02 1.789197e+00
425 5.911723e-07 2.272556e-01 1.859061e+00
426 9.905710e-07 6.756046e-01 1.893297e+00
427 8.097050e-07 1.825876e-01 1.919666e+00
428 5.513198e-07 3.191102e-01 1.808702e+00
429 6.549290e-07 1.879293e-01 1.803007e+00
430 5.890186e-07 1.006374e-01 1.735389e+00
431 6.876338e-07 1.674228e-01 1.768994e+00
432 5.771468e-07 1.606770e-01 1.783064e+00
433 4.235734e-07 2.660907e-01 1.843681e+00
434 4.390203e-07 3.646788e-02 1.873626e+00
435 6.128426e-07 3.959323e-01 1.730045e+00
436 5.381092e-07 1.219455e-01 1.767509e+00
437 5.340273e-07 7.585561e-03 1.705692e+00
438 4.652460e-07 1.287973e-01 1.714485e+00
439 4.893678e-07 5.184730e-02 1.743016e+00
440 4.670000e-07 4.570761e-02 1.824715e+00
441 4.631373e-07 8.271250e-03 2.071966e+00
442 3.928710e-07 1.517180e-01 1.864767e+00
443 3.606950e-07 8.189971e-02 1.803231e+00
444 3.929642e-07 8.946380e-02 1.844718e+00
445 4.134209e-07 5.205749e-02 1.768549e+00
446 3.172741e-07 2.325638e-01 1.740314e+00
447 4.271233e-07 3.462280e-01 1.799623e+00
448 5.189571e-07 2.150052e-01 1.793940e+00
449 4.378208e-07 1.563448e-01 1.734854e+00
450 3.788637e-07 1.346604e-01 1.700401e+00
451 3.419118e-07 9.753346e-02 1.834324e+00
452 3.371917e-07 1.380521e-02 1.819315e+00
453 3.613605e-07 7.167674e-02 1.749535e+00
454 3.365692e-07 6.860538e-02 1.822760e+00
455 3.663310e-07 8.842698e-02 1.877106e+00
456 3.188473e-07 1.296197e-01 1.693889e+00
457 3.196328e-07 2.463795e-03 1.734137e+00
458 3.010443e-07 5.815604e-02 1.709734e+00
459 2.524420e-07 1.614455e-01 1.709498e+00
460 2.602598e-07 3.096874e-02 1.714352e+00
461 2.081036e-07 2.004006e-01 1.723196e+00
462 2.535150e-07 2.182153e-01 1.754164e+00
463 2.113569e-07 1.662943e-01 1.764028e+00
464 2.121241e-07 3.629859e-03 1.708112e+00
465 1.674664e-07 2.105260e-01 1.745589e+00
466 1.701883e-07 1.625330e-02 1.778792e+00
467 1.415545e-07 1.682477e-01 1.742682e+00
468 1.697372e-07 1.990943e-01 1.733995e+00
469 1.590859e-07 6.275217e-02 1.778015e+00
470 1.630058e-07 2.464029e-02 1.834880e+00
471 1.491387e-07 8.507135e-02 1.689779e+00
472 1.333234e-07 1.060439e-01 1.808740e+00
473 1.296248e-07 2.774133e-02 1.769081e+00
474 1.327711e-07 2.427203e-02 1.735262e+00
475 1.345341e-07 1.327809e-02 1.728681e+00
476 1.064075e-07 2.090663e-01 1.712108e+00
477 1.134586e-07 6.626476e-02 1.830199e+00
478 1.285152e-07 1.327061e-01 1.734830e+00
479 1.381171e-07 7.471400e-02 1.713991e+00
480 1.387904e-07 4.874633e-03 1.704954e+00
481 1.108475e-07 2.013315e-01 1.719063e+00
482 1.051255e-07 5.162062e-02 1.723797e+00
483 1.208180e-07 1.492738e-01 1.768711e+00
484 1.275570e-07 5.577839e-02 1.904387e+00
485 1.236613e-07 3.054089e-02 1.847870e+00
486 1.099735e-07 1.106874e-01 1.787964e+00
487 9.045775e-08 1.774590e-01 1.793807e+00
488 1.025831e-07 1.340440e-01 1.778743e+00
489 1.094501e-07 6.694110e-02 1.797363e+00
490 1.062883e-07 2.888778e-02 1.829773e+00
491 7.338387e-08 3.095773e-01 1.788295e+00
492 9.153615e-08 2.473606e-01 1.708732e+00
493 1.032771e-07 1.282658e-01 1.684508e+00
494 1.009082e-07 2.293690e-02 1.704557e+00
495 1.075552e-07 6.587103e-02 1.839225e+00
496 1.021342e-07 5.040227e-02 1.724255e+00
497 7.889178e-08 2.275671e-01 1.708417e+00
498 9.786942e-08 2.405528e-01 1.708671e+00
499 7.697186e-08 2.135248e-01 1.703710e+00
500 8.315843e-08 8.037437e-02 1.714122e+00
501 6.294085e-08 2.431212e-01 1.753796e+00
502 7.017555e-08 1.149444e-01 1.864385e+00
503 6.588155e-08 6.118941e-02 1.899886e+00
504 7.720739e-08 1.719122e-01 1.829168e+00
505 7.619781e-08 1.307624e-02 1.777867e+00
506 6.659272e-08 1.260547e-01 1.715410e+00
507 6.445177e-08 3.214984e-02 1.743730e+00
508 1.132934e-07 7.578014e-01 1.704385e+00
509 1.031430e-07 8.959410e-02 1.714046e+00
510 8.351469e-08 1.903018e-01 1.693062e+00
511 5.821376e-08 3.029518e-01 1.734573e+00
512 4.994798e-08 1.419903e-01 1.757925e+00
513 6.122407e-08 2.257567e-01 1.819137e+00
514 5.424551e-08 1.139838e-01 1.734700e+00
515 3.924703e-08 2.764926e-01 1.789217e+00
516 3.347280e-08 1.471252e-01 1.767693e+00
517 3.742946e-08 1.182050e-01 1.843167e+00
518 3.588811e-08 4.118009e-02 1.899544e+00
519 4.385332e-08 2.219457e-01 1.799132e+00
520 3.807015e-08 1.318753e-01 1.779519e+00
521 3.752084e-08 1.442896e-02 1.768063e+00
522 4.445213e-08 1.847317e-01 1.700542e+00
523 5.455980e-08 2.273833e-01 1.784027e+00
524 3.757839e-08 3.112439e-01 1.774816e+00
525 3.323975e-08 1.154558e-01 1.765244e+00
526 4.068404e-08 2.239576e-01 1.818869e+00
527 4.569994e-08 1.232891e-01 1.772698e+00
528 3.781770e-08 1.724781e-01 1.754494e+00
529 3.209168e-08 1.514112e-01 1.778033e+00
530 4.249921e-08 3.243064e-01 1.769318e+00
531 4.823274e-08 1.349091e-01 1.684785e+00
532 3.693762e-08 2.341796e-01 1.774502e+00
533 3.824895e-08 3.550132e-02 1.849561e+00
534 3.357243e-08 1.222653e-01 1.734679e+00
535 4.156382e-08 2.380342e-01 1.789431e+00
536 3.225054e-08 2.240718e-01 1.829564e+00
537 3.566859e-08 1.059841e-01 1.814292e+00
538 3.255444e-08 8.730786e-02 1.789582e+00
539 3.680856e-08 1.306772e-01 1.813260e+00
540 2.884398e-08 2.163786e-01 1.797202e+00
541 4.115615e-08 4.268542e-01 1.779790e+00
542 3.018875e-08 2.664828e-01 1.819098e+00
543 2.898733e-08 3.979694e-02 1.809524e+00
544 2.740610e-08 5.454901e-02 1.802588e+00
545 3.442216e-08 2.560038e-01 1.802785e+00
546 3.221274e-08 6.418590e-02 1.800217e+00
547 3.223789e-08 7.807122e-04 1.868045e+00
548 2.751248e-08 1.465794e-01 1.864598e+00
549 2.621978e-08 4.698586e-02 1.829338e+00
550 3.102492e-08 1.832638e-01 1.808428e+00
551 4.280710e-08 3.797650e-01 1.808971e+00
552 3.551654e-08 1.703119e-01 1.793867e+00
553 3.487495e-08 1.806458e-02 1.805009e+00
554 3.467349e-08 5.776736e-03 1.794556e+00
555 3.373337e-08 2.711343e-02 1.791299e+00
556 3.321625e-08 1.532958e-02 1.809919e+00
557 2.872141e-08 1.353206e-01 1.828545e+00
558 2.751969e-08 4.184039e-02 1.808101e+00
559 3.063353e-08 1.131493e-01 1.819060e+00
560 2.903394e-08 5.221682e-02 1.762433e+00
561 2.778381e-08 4.305765e-02 1.754494e+00
562 3.221219e-08 1.593873e-01 1.803141e+00
563 2.654259e-08 1.760081e-01 1.752285e+00
564 3.306163e-08 2.456068e-01 1.799207e+00
565 2.809145e-08 1.503307e-01 1.844601e+00
566 2.689998e-08 4.241417e-02 1.904354e+00
567 2.765645e-08 2.812192e-02 1.837939e+00
568 2.888662e-08 4.448013e-02 1.764187e+00
569 2.982062e-08 3.233333e-02 1.767669e+00
570 3.992780e-08 3.389326e-01 1.713983e+00
571 2.999427e-08 2.487872e-01 1.718024e+00
572 2.683155e-08 1.054442e-01 1.704216e+00
573 2.168862e-08 1.916747e-01 1.728460e+00
574 2.188415e-08 9.015333e-03 1.769135e+00
575 2.436092e-08 1.131765e-01 1.894539e+00
576 2.322824e-08 4.649600e-02 2.136007e+00
577 2.744173e-08 1.813951e-01 1.824374e+00
578 2.370469e-08 1.361809e-01 1.762206e+00
579 2.252540e-08 4.974906e-02 1.774460e+00
580 2.209394e-08 1.915460e-02 1.679352e+00
581 2.292703e-08 3.770692e-02 1.714362e+00
582 2.238535e-08 2.362630e-02 1.709027e+00
583 2.373439e-08 6.026425e-02 1.698758e+00
584 2.260360e-08 4.764349e-02 1.718415e+00
585 2.542121e-08 1.246535e-01 1.713923e+00
586 2.401487e-08 5.532158e-02 1.694235e+00
587 2.545161e-08 5.982693e-02 1.744097e+00
588 2.376682e-08 6.619564e-02 1.709876e+00
589 2.817339e-08 1.854083e-01 1.818793e+00
590 2.844353e-08 9.588402e-03 1.888166e+00
591 2.540266e-08 1.069091e-01 1.703134e+00
592 2.037421e-08 1.979496e-01 1.692024e+00
593 1.976311e-08 2.999377e-02 1.694959e+00
594 1.918526e-08 2.923871e-02 1.734043e+00
595 1.888484e-08 1.565915e-02 1.729615e+00
596 1.509528e-08 2.006666e-01 1.839618e+00
597 1.608030e-08 6.525309e-02 1.798302e+00
598 1.493621e-08 7.114825e-02 1.803610e+00
599 1.645076e-08 1.014010e-01 1.820167e+00
600 1.637884e-08 4.371385e-03 1.716852e+00
601 1.578650e-08 3.616525e-02 1.698771e+00
602 1.596829e-08 1.151563e-02 1.719117e+00
603 1.637520e-08 2.548242e-02 1.719115e+00
604 1.689044e-08 3.146468e-02 1.750525e+00
605 1.789986e-08 5.976239e-02 1.709673e+00
606 1.703982e-08 4.804714e-02 1.697440e+00
607 1.677464e-08 1.556231e-02 1.714090e+00
608 1.726574e-08 2.927641e-02 1.787878e+00
609 1.668657e-08 3.354442e-02 1.738594e+00
610 1.665050e-08 2.161481e-03 1.769603e+00
611 2.093629e-08 2.573967e-01 1.717418e+00
612 1.599328e-08 2.360978e-01 1.819727e+00
613 1.583167e-08 1.010469e-02 1.728672e+00
614 1.514698e-08 4.324796e-02 1.709925e+00
615 1.532218e-08 1.156677e-02 1.824882e+00
616 1.518105e-08 9.210937e-03 1.749104e+00
617 1.623841e-08 6.964988e-02 1.793794e+00
618 1.564559e-08 3.650756e-02 1.780131e+00
619 1.560113e-08 2.841170e-03 1.783063e+00
620 1.568354e-08 5.281787e-03 1.709758e+00
621 1.949196e-08 2.428296e-01 1.718190e+00
622 1.746901e-08 1.037838e-01 1.754355e+00
623 1.306315e-08 2.522100e-01 1.702575e+00
624 1.398791e-08 7.079125e-02 1.700187e+00
625 1.476464e-08 5.552897e-02 1.705007e+00
626 1.536858e-08 4.090436e-02 1.760828e+00
627 1.448472e-08 5.751119e-02 1.958331e+00
628 1.587942e-08 9.628821e-02 1.882162e+00
629 1.331197e-08 1.616840e-01 1.820458e+00
630 1.370993e-08 2.989448e-02 1.810044e+00
631 1.426441e-08 4.044363e-02 1.794243e+00
632 1.508511e-08 5.753496e-02 1.788436e+00
633 1.391521e-08 7.755316e-02 1.788824e+00
634 1.476881e-08 6.134254e-02 1.839030e+00
635 1.355820e-08 8.197033e-02 1.814445e+00
636 1.386723e-08 2.279228e-02 1.829506e+00
637 1.347638e-08 2.818459e-02 1.784195e+00
638 1.221178e-08 9.383861e-02 1.773617e+00
639 1.569296e-08 2.850673e-01 1.789590e+00
640 1.348027e-08 1.409988e-01 1.769762e+00
641 1.582297e-08 1.737877e-01 1.872856e+00
642 1.256470e-08 2.059202e-01 1.837964e+00
643 1.164982e-08 7.281386e-02 1.782975e+00
644 1.287150e-08 1.048671e-01 1.765228e+00
645 1.271129e-08 1.244674e-02 1.702219e+00
646 1.228515e-08 3.352510e-02 1.690234e+00
647 1.279180e-08 4.124132e-02 1.800347e+00
648 1.285423e-08 4.880240e-03 1.774778e+00
649 1.291985e-08 5.104914e-03 1.805484e+00
650 1.321206e-08 2.261746e-02 1.829259e+00
651 1.318848e-08 1.784878e-03 1.759533e+00
652 1.305061e-08 1.045398e-02 1.789900e+00
653 1.066952e-08 1.824506e-01 1.769215e+00
654 1.164990e-08 9.188592e-02 1.798884e+00
655 1.090296e-08 6.411531e-02 1.980072e+00
656 1.248525e-08 1.451248e-01 1.924702e+00
657 1.148994e-08 7.971863e-02 1.744309e+00
658 1.160575e-08 1.007865e-02 1.764549e+00
659 1.487140e-08 2.813822e-01 1.793163e+00
660 1.412174e-08 5.040941e-02 1.805370e+00
661 1.196470e-08 1.527461e-01 1.789036e+00
662 1.019512e-08 1.478996e-01 1.773970e+00
663 1.032276e-08 1.251951e-02 1.776961e+00
664 1.022046e-08 9.910134e-03 1.774659e+00
665 1.035326e-08 1.299382e-02 1.779875e+00
666 1.260384e-08 2.173783e-01 1.784695e+00
667 1.093932e-08 1.320645e-01 1.764765e+00
668 1.046553e-08 4.331059e-02 1.809076e+00
669 1.003748e-08 4.090121e-02 1.803891e+00
670 1.034291e-08 3.042877e-02 1.759437e+00
671 9.595236e-09 7.228812e-02 1.764547e+00
672 1.005089e-08 4.748799e-02 1.795091e+00
673 9.463859e-09 5.840631e-02 1.789982e+00
674 1.119550e-08 1.829744e-01 1.864232e+00
675 1.205565e-08 7.682927e-02 1.908352e+00
676 1.007752e-08 1.640832e-01 1.804385e+00
677 9.324192e-09 7.475306e-02 1.793904e+00
678 9.006118e-09 3.411276e-02 1.793431e+00
679 8.871498e-09 1.494754e-02 1.769324e+00
680 8.774234e-09 1.096365e-02 1.774144e+00
681 7.280803e-09 1.702065e-01 1.759422e+00
682 7.414792e-09 1.840312e-02 1.788858e+00
683 7.334099e-09 1.088277e-02 1.779884e+00
684 7.652920e-09 4.347108e-02 1.774004e+00
685 7.569803e-09 1.086087e-02 1.775072e+00
686 7.740929e-09 2.260648e-02 1.773794e+00
687 7.683254e-09 7.450696e-03 1.749348e+00
688 7.708520e-09 3.288452e-03 1.849390e+00
689 7.815423e-09 1.386818e-02 2.064714e+00
690 7.743183e-09 9.243232e-03 1.849918e+00
691 8.037420e-09 3.799948e-02 1.778104e+00
692 8.423314e-09 4.801214e-02 1.768899e+00
693 1.040953e-08 2.357999e-01 1.799399e+00
694 9.036535e-09 1.318980e-01 1.725237e+00
695 7.530093e-09 1.667057e-01 1.679622e+00
696 7.350086e-09 2.390498e-02 1.673642e+00
697 7.151486e-09 2.702014e-02 1.732939e+00
698 7.285341e-09 1.871720e-02 1.715192e+00
699 6.825156e-09 6.316590e-02 1.764419e+00
700 6.549031e-09 4.045705e-02 1.729133e+00
701 6.825587e-09 4.222868e-02 1.685241e+00
702 6.458352e-09 5.380270e-02 1.714379e+00
703 6.855870e-09 6.155098e-02 1.819875e+00
704 6.557956e-09 4.345386e-02 1.834457e+00
705 6.795640e-09 3.624356e-02 1.793918e+00
706 6.664355e-09 1.931903e-02 1.825157e+00
707 6.757430e-09 1.396611e-02 1.769096e+00
708 6.780850e-09 3.465788e-03 1.765108e+00
709 6.662955e-09 1.738640e-02 1.808922e+00
710 6.393201e-09 4.048569e-02 1.779003e+00
711 6.474938e-09 1.278509e-02 1.792631e+00
712 6.301333e-09 2.681184e-02 1.817372e+00
713 6.475846e-09 2.769456e-02 1.793811e+00
714 6.393539e-09 1.270985e-02 1.798614e+00
715 7.192648e-09 1.249870e-01 1.850008e+00
716 6.043511e-09 1.597655e-01 1.814414e+00
717 7.967754e-09 3.183981e-01 1.974471e+00
718 6.692779e-09 1.600169e-01 1.948491e+00
719 7.022155e-09 4.921375e-02 1.797877e+00
720 6.273517e-09 1.066109e-01 1.792553e+00
721 6.408738e-09 2.155432e-02 1.759348e+00
722 6.424012e-09 2.383257e-03 1.783949e+00
723 5.274857e-09 1.788844e-01 1.799327e+00
724 5.424237e-09 2.831920e-02 1.809515e+00
725 4.891024e-09 9.830185e-02 1.820869e+00
726 5.984300e-09 2.235270e-01 1.834127e+00
727 5.828212e-09 2.608296e-02 1.804422e+00
728 5.499019e-09 5.648270e-02 1.884306e+00
729 5.488830e-09 1.852849e-03 1.794861e+00
730 5.479297e-09 1.736767e-03 1.863841e+00
731 5.510036e-09 5.610000e-03 1.929191e+00
732 5.217518e-09 5.308820e-02 1.870287e+00
733 4.952466e-09 5.080040e-02 1.793086e+00
734 4.934041e-09 3.720354e-03 1.779925e+00
735 4.877540e-09 1.145127e-02 1.767306e+00
736 4.482053e-09 8.108327e-02 1.809131e+00
737 6.290816e-09 4.035568e-01 1.784235e+00
738 5.160298e-09 1.797093e-01 1.798839e+00
739 4.966513e-09 3.755313e-02 1.793842e+00
740 4.765511e-09 4.047143e-02 1.754757e+00
741 5.035249e-09 5.660219e-02 1.789128e+00
742 4.221998e-09 1.615116e-01 1.788752e+00
743 5.166797e-09 2.237800e-01 1.754011e+00
744 5.035729e-09 2.536745e-02 1.752589e+00
745 5.090689e-09 1.091413e-02 1.774429e+00
746 6.210889e-09 2.200488e-01 1.728266e+00
747 5.011598e-09 1.930949e-01 1.804847e+00
748 4.483621e-09 1.053511e-01 1.764484e+00
749 5.121051e-09 1.421686e-01 1.823832e+00
750 3.413454e-09 3.334465e-01 1.794566e+00
751 5.859940e-09 7.167186e-01 1.913235e+00
752 4.474349e-09 2.364515e-01 1.990625e+00
753 3.206022e-09 2.834662e-01 1.813908e+00
754 3.108371e-09 3.045851e-02 1.804431e+00
755 3.117306e-09 2.874520e-03 1.829758e+00
756 3.108553e-09 2.807908e-03 1.812783e+00
757 3.200911e-09 2.971082e-02 1.773887e+00
758 3.216726e-09 4.940855e-03 1.819934e+00
759 3.222466e-09 1.784377e-03 1.798589e+00
760 3.224837e-09 7.356317e-04 1.813780e+00
761 3.244880e-09 6.215326e-03 1.787010e+00
762 3.259081e-09 4.376596e-03 1.699690e+00
763 3.279256e-09 6.190318e-03 1.708990e+00
764 3.260048e-09 5.857518e-03 1.660078e+00
765 3.099337e-09 4.929720e-02 1.744706e+00
766 4.762911e-09 5.367517e-01 1.807648e+00
767 3.650035e-09 2.336546e-01 1.814919e+00
768 3.736642e-09 2.372786e-02 1.693911e+00
769 3.332214e-09 1.082332e-01 1.679786e+00
770 2.596463e-09 2.207995e-01 1.680048e+00
771 4.037852e-09 5.551358e-01 1.698641e+00
772 3.905810e-09 3.270103e-02 1.698230e+00
773 3.259162e-09 1.655606e-01 1.712869e+00
774 2.696376e-09 1.726780e-01 1.714689e+00
775 2.501265e-09 7.236059e-02 1.818611e+00
776 2.625022e-09 4.947768e-02 1.819288e+00
777 2.486764e-09 5.266910e-02 1.859025e+00
778 2.514834e-09 1.128794e-02 1.869493e+00
779 2.640445e-09 4.994792e-02 1.827543e+00
780 2.519517e-09 4.579840e-02 2.049114e+00
781 2.817626e-09 1.183200e-01 1.942218e+00
782 2.551782e-09 9.435042e-02 1.754358e+00
783 2.513787e-09 1.488970e-02 1.759953e+00
784 2.559239e-09 1.808134e-02 1.773970e+00
785 2.497751e-09 2.402599e-02 1.749486e+00
786 2.703174e-09 8.224327e-02 1.814397e+00
787 2.646939e-09 2.080361e-02 1.787402e+00
788 2.663620e-09 6.302077e-03 1.704908e+00
789 3.247398e-09 2.191671e-01 1.700242e+00
790 2.496128e-09 2.313453e-01 1.719219e+00
791 2.592051e-09 3.842888e-02 1.734124e+00
792 2.490178e-09 3.930189e-02 1.723972e+00
793 2.738812e-09 9.984564e-02 1.700439e+00
794 2.617215e-09 4.439762e-02 1.738411e+00
795 3.120752e-09 1.923943e-01 1.778530e+00
796 2.912077e-09 6.686695e-02 1.763994e+00
797 2.903388e-09 2.983950e-03 1.745114e+00
798 2.291693e-09 2.106832e-01 1.759076e+00
799 2.219687e-09 3.142018e-02 1.778840e+00
800 2.233887e-09 6.397036e-03 1.828231e+00
801 2.275800e-09 1.876243e-02 1.799719e+00
802 2.280945e-09 2.260742e-03 1.859118e+00
803 2.220392e-09 2.654719e-02 1.844593e+00
804 2.568896e-09 1.569560e-01 1.823408e+00
805 2.939764e-09 1.443686e-01 1.809858e+00
806 2.259626e-09 2.313578e-01 1.760110e+00
807 2.327809e-09 3.017417e-02 1.723860e+00
808 3.192476e-09 3.714512e-01 1.699617e+00
809 2.722105e-09 1.473374e-01 1.694798e+00
810 2.357155e-09 1.340691e-01 1.690217e+00
811 2.103341e-09 1.076780e-01 1.704335e+00
812 2.142061e-09 1.840866e-02 1.799460e+00
813 2.081965e-09 2.805519e-02 1.773373e+00
814 1.709698e-09 1.788058e-01 1.793714e+00
815 1.710479e-09 4.572200e-04 1.909510e+00
816 1.728113e-09 1.030887e-02 1.924485e+00
817 1.719758e-09 4.834359e-03 1.804559e+00
818 1.796125e-09 4.440535e-02 1.806751e+00
819 1.690936e-09 5.856428e-02 1.799849e+00
820 1.816559e-09 7.429190e-02 1.804190e+00
821 1.782039e-09 1.900299e-02 1.790017e+00
822 1.792316e-09 5.766991e-03 1.824254e+00
823 2.249539e-09 2.551020e-01 1.749270e+00
824 1.739005e-09 2.269503e-01 1.752342e+00
825 1.957628e-09 1.257170e-01 1.778374e+00
826 1.923040e-09 1.766832e-02 1.784487e+00
827 1.639058e-09 1.476734e-01 1.774972e+00
828 1.712209e-09 4.462965e-02 1.824336e+00
829 1.399438e-09 1.826711e-01 1.849252e+00
830 1.615631e-09 1.544855e-01 1.908722e+00
831 1.631442e-09 9.786765e-03 1.734815e+00
832 1.898007e-09 1.633922e-01 1.848409e+00
833 1.416210e-09 2.538435e-01 1.719234e+00
834 1.437812e-09 1.525295e-02 1.754289e+00
835 1.498091e-09 4.192412e-02 1.718882e+00
836 1.501577e-09 2.326954e-03 1.710000e+00
837 1.312371e-09 1.260045e-01 1.718971e+00
838 1.387868e-09 5.752669e-02 1.704928e+00
839 1.324128e-09 4.592617e-02 1.694548e+00
840 1.548363e-09 1.693451e-01 1.704504e+00
841 1.749425e-09 1.298547e-01 1.694884e+00
842 1.649673e-09 5.702018e-02 1.708357e+00
843 1.498827e-09 9.143990e-02 1.724899e+00
844 1.587263e-09 5.900388e-02 1.690274e+00
845 1.319943e-09 1.684158e-01 1.760097e+00
846 1.950817e-09 4.779554e-01 1.698029e+00
847 1.418754e-09 2.727385e-01 1.849853e+00
848 1.118475e-09 2.116500e-01 1.783899e+00
849 1.055913e-09 5.593486e-02 1.803063e+00
850 1.073606e-09 1.675650e-02 1.724717e+00
851 1.124185e-09 4.711088e-02 1.740531e+00
852 1.239484e-09 1.025622e-01 1.822998e+00
853 1.346909e-09 8.666929e-02 1.798966e+00
854 1.336183e-09 7.963565e-03 1.749533e+00
855 1.195104e-09 1.055838e-01 1.947746e+00
856 1.161379e-09 2.821905e-02 1.888881e+00
857 9.716289e-10 1.633834e-01 1.799736e+00
858 1.144690e-09 1.781142e-01 1.739816e+00
859 9.137265e-10 2.017693e-01 1.733006e+00
860 9.628794e-10 5.379389e-02 1.798021e+00
861 1.000791e-09 3.937358e-02 1.809463e+00
862 1.053462e-09 5.262933e-02 1.798274e+00
863 9.646403e-10 8.431451e-02 1.809647e+00
864 1.018339e-09 5.566709e-02 1.789662e+00
865 1.255477e-09 2.328676e-01 1.803824e+00
866 9.047683e-10 2.793431e-01 1.823494e+00
867 8.927309e-10 1.330437e-02 1.783666e+00
868 9.064803e-10 1.540156e-02 1.825040e+00
869 8.415069e-10 7.167665e-02 1.958752e+00
870 9.339037e-10 1.097993e-01 2.163273e+00
871 8.848539e-10 5.252134e-02 1.803646e+00
872 9.433765e-10 6.613819e-02 1.838905e+00
873 1.105961e-09 1.723432e-01 1.774405e+00
874 9.634213e-10 1.288831e-01 1.687492e+00
875 1.038718e-09 7.815594e-02 1.700243e+00
876 8.813694e-10 1.514838e-01 1.730087e+00
877 9.854454e-10 1.180844e-01 1.738033e+00
878 8.931041e-10 9.370509e-02 1.719018e+00
879 8.846606e-10 9.454193e-03 1.718826e+00
880 8.158346e-10 7.779927e-02 1.714667e+00
881 6.440756e-10 2.105317e-01 1.737195e+00
882 6.546835e-10 1.647005e-02 1.738463e+00
883 6.431440e-10 1.762615e-02 1.878247e+00
884 6.980481e-10 8.536826e-02 1.899930e+00
885 7.060690e-10 1.149049e-02 1.884113e+00
886 6.895514e-10 2.339370e-02 1.724029e+00
887 7.010472e-10 1.667142e-02 1.757279e+00
888 6.954368e-10 8.002886e-03 1.704313e+00
889 7.062784e-10 1.558955e-02 1.734493e+00
890 7.274068e-10 2.991516e-02 1.782223e+00
891 6.753454e-10 7.157117e-02 1.801974e+00
892 6.556314e-10 2.919100e-02 1.824163e+00
893 7.033186e-10 7.273475e-02 1.819110e+00
894 6.551384e-10 6.850414e-02 1.773847e+00
895 6.974982e-10 6.465776e-02 1.764702e+00
896 8.017449e-10 1.494581e-01 1.798696e+00
897 7.729876e-10 3.586843e-02 1.755026e+00
898 6.781558e-10 1.226822e-01 1.793830e+00
899 6.821526e-10 5.893636e-03 1.747523e+00
900 6.278027e-10 7.967405e-02 1.703636e+00
901 5.222255e-10 1.681694e-01 1.684270e+00
902 5.391205e-10 3.235200e-02 1.788835e+00
903 4.942142e-10 8.329548e-02 1.792872e+00
904 4.893935e-10 9.754271e-03 1.774206e+00
905 4.881998e-10 2.439165e-03 1.779195e+00
906 4.745455e-10 2.796867e-02 1.739646e+00
907 4.980717e-10 4.957624e-02 1.798257e+00
908 4.741869e-10 4.795451e-02 1.808263e+00
909 4.873381e-10 2.773410e-02 2.079628e+00
910 5.120314e-10 5.066987e-02 1.913256e+00
911 4.893641e-10 4.426938e-02 1.744662e+00
912 4.773587e-10 2.453265e-02 1.720129e+00
913 4.575967e-10 4.139857e-02 1.712742e+00
914 4.712923e-10 2.992941e-02 1.708044e+00
915 4.662476e-10 1.070406e-02 1.694630e+00
916 4.692714e-10 6.485403e-03 1.684200e+00
917 5.848927e-10 2.463847e-01 1.688021e+00
918 6.046040e-10 3.370079e-02 1.745049e+00
919 5.297136e-10 1.238669e-01 1.719397e+00
920 4.889702e-10 7.691592e-02 1.734607e+00
921 4.982834e-10 1.904659e-02 1.759283e+00
922 4.923151e-10 1.197780e-02 1.733765e+00
923 4.499593e-10 8.603390e-02 1.732705e+00
924 4.007351e-10 1.093970e-01 1.728971e+00
925 4.183974e-10 4.407479e-02 1.730284e+00
926 4.286902e-10 2.460045e-02 1.699623e+00
927 4.175528e-10 2.598012e-02 1.688746e+00
928 4.406697e-10 5.536295e-02 1.769588e+00
929 4.245195e-10 3.664920e-02 1.747284e+00
930 4.257700e-10 2.945552e-03 1.734030e+00
931 4.260065e-10 5.554114e-04 1.779565e+00
932 4.363161e-10 2.420067e-02 1.784569e+00
933 4.324165e-10 8.937436e-03 1.758247e+00
934 4.436393e-10 2.595368e-02 1.770000e+00
935 4.330456e-10 2.387919e-02 1.754114e+00
936 4.351955e-10 4.964712e-03 1.745032e+00
937 4.456243e-10 2.396341e-02 1.828946e+00
938 4.334213e-10 2.738409e-02 1.748809e+00
939 4.721085e-10 8.925995e-02 1.813577e+00
940 4.389363e-10 7.026379e-02 1.774525e+00
941 5.646763e-10 2.864652e-01 1.794840e+00
942 4.112232e-10 2.717542e-01 1.809248e+00
943 4.256722e-10 3.513663e-02 1.804018e+00
944 4.123424e-10 3.131467e-02 1.750512e+00
945 4.297032e-10 4.210283e-02 1.785052e+00
946 4.166191e-10 3.044913e-02 1.889243e+00
947 4.296292e-10 3.122792e-02 1.929815e+00
948 4.908887e-10 1.425868e-01 1.749866e+00
949 3.977375e-10 1.897602e-01 1.718898e+00
950 3.895457e-10 2.059595e-02 1.699482e+00
951 3.731788e-10 4.201537e-02 1.724550e+00
952 3.912934e-10 4.854140e-02 1.738473e+00
953 3.779511e-10 3.409801e-02 1.783125e+00
954 4.510592e-10 1.934326e-01 1.803985e+00
955 4.308446e-10 4.481586e-02 1.742911e+00
956 4.120204e-10 4.369131e-02 1.749732e+00
957 3.849192e-10 6.577638e-02 1.744243e+00
958 3.116217e-10 1.904230e-01 1.839037e+00
959 3.080037e-10 1.161021e-02 1.817729e+00
960 3.098100e-10 5.864286e-03 1.844092e+00
961 3.180465e-10 2.658573e-02 1.913846e+00
962 3.219031e-10 1.212584e-02 1.919465e+00
963 3.170318e-10 1.513255e-02 1.830129e+00
964 3.194763e-10 7.710547e-03 1.803744e+00
965 3.188259e-10 2.036081e-03 1.783511e+00
966 3.261850e-10 2.308192e-02 1.830448e+00
967 3.220159e-10 1.278143e-02 1.798979e+00
968 3.289581e-10 2.155864e-02 1.787891e+00
969 3.255759e-10 1.028150e-02 1.768164e+00
970 3.100410e-10 4.771516e-02 1.747767e+00
971 3.060507e-10 1.287008e-02 1.814583e+00
972 3.741856e-10 2.226259e-01 1.769646e+00
973 2.981139e-10 2.032994e-01 1.737658e+00
974 3.165335e-10 6.178713e-02 1.659606e+00
975 3.169444e-10 1.298105e-03 1.694085e+00
976 3.071984e-10 3.074982e-02 1.737666e+00
977 3.108171e-10 1.177992e-02 1.773607e+00
978 3.229215e-10 3.894353e-02 1.783415e+00
979 3.252010e-10 7.059023e-03 1.880044e+00
980 3.186472e-10 2.015295e-02 1.844356e+00
981 3.548768e-10 1.136981e-01 1.803865e+00
982 3.704874e-10 4.398886e-02 1.814985e+00
983 2.943795e-10 2.054264e-01 1.853527e+00
984 2.973429e-10 1.006662e-02 1.824624e+00
985 2.913125e-10 2.028095e-02 1.789808e+00
986 2.986065e-10 2.503821e-02 1.744079e+00
987 2.841251e-10 4.849666e-02 1.749146e+00
988 2.940129e-10 3.480111e-02 1.788478e+00
989 2.896585e-10 1.481025e-02 1.744050e+00
990 3.022083e-10 4.332598e-02 1.763159e+00
991 2.991368e-10 1.016330e-02 1.743815e+00
992 2.987995e-10 1.127530e-03 1.798802e+00
993 3.035422e-10 1.587235e-02 1.769175e+00
994 2.957067e-10 2.581358e-02 1.750091e+00
995 3.191265e-10 7.919950e-02 1.719665e+00
996 3.471493e-10 8.781097e-02 1.719007e+00
997 2.953195e-10 1.493011e-01 1.710696e+00
998 2.825252e-10 4.332365e-02 1.710359e+00
999 2.388036e-10 1.547528e-01 1.663632e+00
1000 2.276080e-10 4.688203e-02 1.746985e+00
1001 2.343142e-10 2.946377e-02 1.792681e+00
1002 2.558884e-10 9.207374e-02 1.708785e+00
1003 2.399567e-10 6.226034e-02 1.849036e+00
1004 2.381263e-10 7.628145e-03 1.949559e+00
1005 2.364559e-10 7.014939e-03 2.169191e+00
1006 2.416131e-10 2.181045e-02 1.834730e+00
1007 2.380491e-10 1.475056e-02 1.794021e+00
1008 2.483169e-10 4.313306e-02 1.755411e+00
1009 2.549685e-10 2.678661e-02 1.999569e+00
1010 2.530218e-10 7.634924e-03 1.773563e+00
1011 2.586360e-10 2.218850e-02 1.814315e+00
1012 2.497934e-10 3.418934e-02 1.809717e+00
1013 2.581216e-10 3.334046e-02 1.769486e+00
1014 2.493425e-10 3.401144e-02 1.689567e+00
1015 2.651113e-10 6.324119e-02 1.694147e+00
1016 2.573860e-10 2.913971e-02 1.784184e+00
1017 3.288999e-10 2.778469e-01 1.838827e+00
1018 2.544552e-10 2.263445e-01 1.850181e+00
1019 2.617776e-10 2.877663e-02 1.869145e+00
1020 2.421114e-10 7.512544e-02 1.849410e+00
1021 2.435876e-10 6.096996e-03 1.829943e+00
1022 2.440184e-10 1.768426e-03 1.814391e+00
1023 2.176404e-10 1.080985e-01 1.824781e+00
1024 2.183591e-10 3.302505e-03 1.789849e+00
1025 1.926538e-10 1.177204e-01 1.814350e+00
1026 1.917790e-10 4.540501e-03 1.814564e+00
1027 1.909958e-10 4.084192e-03 1.838803e+00
1028 2.139208e-10 1.200288e-01 1.839183e+00
1029 1.821693e-10 1.484264e-01 1.749789e+00
1030 1.840099e-10 1.010400e-02 1.747947e+00
1031 1.879346e-10 2.132841e-02 1.689079e+00
1032 1.813395e-10 3.509231e-02 1.719673e+00
1033 1.875619e-10 3.431330e-02 1.784271e+00
1034 1.848022e-10 1.471345e-02 1.664691e+00
1035 1.839692e-10 4.507525e-03 1.758449e+00
1036 1.894274e-10 2.966904e-02 1.818883e+00
1037 1.867650e-10 1.405454e-02 1.787172e+00
1038 1.872118e-10 2.392063e-03 1.819695e+00
1039 1.928518e-10 3.012654e-02 1.643701e+00
1040 1.958335e-10 1.546065e-02 1.775364e+00
1041 2.234578e-10 1.410604e-01 1.759683e+00
1042 1.818213e-10 1.863281e-01 1.779379e+00
1043 1.823629e-10 2.978566e-03 1.764692e+00
1044 1.776740e-10 2.571201e-02 1.749246e+00
1045 1.789341e-10 7.092221e-03 1.799013e+00
1046 1.790261e-10 5.143653e-04 1.719713e+00
1047 1.793006e-10 1.533000e-03 1.843432e+00
1048 1.795460e-10 1.369044e-03 1.713839e+00
1049 1.788516e-10 3.867779e-03 1.704323e+00
1050 2.098537e-10 1.733397e-01 1.654363e+00
1051 1.699645e-10 1.900810e-01 1.648183e+00
1052 1.650123e-10 2.913638e-02 1.624321e+00
1053 1.643903e-10 3.769766e-03 1.699824e+00
1054 1.650202e-10 3.831982e-03 1.569576e+00
1055 1.655998e-10 3.511912e-03 1.769387e+00
1056 1.666663e-10 6.440778e-03 1.724922e+00
1057 1.745454e-10 4.727428e-02 1.503360e+00
1058 1.751171e-10 3.275738e-03 1.474144e+00
1059 2.183079e-10 2.466394e-01 1.639616e+00
1060 1.861862e-10 1.471396e-01 1.628811e+00
1061 1.466436e-10 2.123820e-01 1.654865e+00
1062 1.523895e-10 3.918316e-02 1.709341e+00
1063 1.452184e-10 4.705803e-02 1.698562e+00
1064 1.468756e-10 1.141198e-02 1.694878e+00
1065 1.460303e-10 5.755372e-03 1.740017e+00
1066 1.465822e-10 3.779297e-03 1.716669e+00
1067 1.514584e-10 3.326605e-02 1.799413e+00
1068 1.464012e-10 3.338987e-02 1.828618e+00
1069 1.427499e-10 2.494038e-02 1.834324e+00
1070 1.422805e-10 3.288284e-03 1.892280e+00
1071 1.689047e-10 1.871243e-01 1.924965e+00
1072 1.603830e-10 5.045229e-02 1.767606e+00
1073 1.346935e-10 1.601763e-01 1.764614e+00
1074 1.305075e-10 3.107786e-02 1.828958e+00
1075 1.341864e-10 2.818954e-02 1.798760e+00
1076 1.327276e-10 1.087169e-02 1.749674e+00
1077 1.334985e-10 5.808429e-03 1.812805e+00
1078 1.341860e-10 5.149495e-03 1.769196e+00
1079 1.331523e-10 7.703700e-03 1.809002e+00
1080 1.351418e-10 1.494169e-02 1.777420e+00
1081 1.346078e-10 3.951533e-03 1.723600e+00
1082 1.415671e-10 5.170075e-02 1.718743e+00
1083 1.360102e-10 3.925268e-02 1.674797e+00
1084 1.604696e-10 1.798353e-01 1.729448e+00
1085 1.521439e-10 5.188386e-02 1.897070e+00
1086 1.295262e-10 1.486599e-01 1.714150e+00
1087 1.238830e-10 4.356766e-02 1.804501e+00
1088 1.239313e-10 3.898412e-04 1.763618e+00
1089 1.231928e-10 5.959110e-03 1.704327e+00
1090 1.255722e-10 1.931469e-02 1.722843e+00
1091 1.268625e-10 1.027537e-02 1.674363e+00
1092 1.283299e-10 1.156671e-02 1.668172e+00
1093 1.289460e-10 4.800617e-03 1.804720e+00
1094 1.405460e-10 8.996058e-02 1.800015e+00
1095 1.238076e-10 1.190954e-01 1.698764e+00
1096 1.256972e-10 1.526238e-02 1.760469e+00
1097 1.303893e-10 3.732799e-02 1.739192e+00
1098 1.258162e-10 3.507197e-02 1.820586e+00
1099 1.370941e-10 8.963761e-02 1.948428e+00
1100 1.264212e-10 7.785095e-02 1.754756e+00
1101 1.287560e-10 1.846841e-02 1.878237e+00
1102 1.277074e-10 8.144130e-03 1.734056e+00
1103 1.452712e-10 1.375319e-01 1.739828e+00
1104 1.335808e-10 8.047310e-02 1.840285e+00
1105 1.349520e-10 1.026522e-02 1.764665e+00
1106 1.140882e-10 1.546021e-01 1.734391e+00
1107 1.120433e-10 1.792403e-02 1.748605e+00
1108 1.110232e-10 9.104277e-03 1.744088e+00
1109 1.132555e-10 2.010684e-02 1.734715e+00
1110 1.130765e-10 1.580214e-03 1.774827e+00
1111 1.126276e-10 3.970533e-03 1.853893e+00
1112 1.160810e-10 3.066265e-02 1.859033e+00
1113 1.161348e-10 4.629076e-04 1.913180e+00
1114 1.144944e-10 1.412458e-02 1.820330e+00
1115 1.221376e-10 6.675626e-02 1.673822e+00
1116 1.199789e-10 1.767447e-02 1.686646e+00
1117 1.268751e-10 5.747802e-02 1.684123e+00
1118 1.654179e-10 3.037857e-01 1.707956e+00
1119 1.334183e-10 1.934472e-01 1.733812e+00
1120 1.043159e-10 2.181289e-01 1.719754e+00
1121 9.979706e-11 4.331871e-02 1.714884e+00
