1 4.099443e-02 1.000000e+00 2.104682e+00
2 3.507524e-02 1.443903e-01 1.994279e+00
3 2.001910e-02 4.292525e-01 1.999593e+00
4 1.739240e-02 1.312099e-01 2.153155e+00
5 1.589451e-02 8.612309e-02 2.269547e+00
6 1.183481e-02 2.554152e-01 2.395218e+00
7 8.593557e-03 2.738746e-01 2.178578e+00
8 7.191146e-03 1.631933e-01 1.949326e+00
9 7.166143e-03 3.476957e-03 1.953394e+00
10 7.155157e-03 1.533053e-03 1.885046e+00
11 7.149133e-03 8.418666e-04 2.034007e+00
12 7.139997e-03 1.277883e-03 1.954935e+00
13 7.133328e-03 9.340468e-04 1.948837e+00
14 7.125918e-03 1.038861e-03 1.899069e+00
15 6.791590e-03 4.691714e-02 1.983769e+00
16 6.684196e-03 1.581278e-02 2.157839e+00
17 6.216697e-03 6.994099e-02 2.484187e+00
18 6.212880e-03 6.140196e-04 1.924636e+00
19 6.213202e-03 5.187503e-05 1.914861e+00
20 6.211755e-03 2.328587e-04 1.916935e+00
21 6.208346e-03 5.488678e-04 1.933617e+00
22 6.208291e-03 8.843851e-06 1.923768e+00
23 6.206512e-03 2.865493e-04 1.924727e+00
24 6.206889e-03 6.072451e-05 1.958929e+00
25 6.205993e-03 1.443766e-04 1.975404e+00
26 6.205245e-03 1.204120e-04 1.922697e+00
27 6.205040e-03 3.311211e-05 1.978786e+00
28 6.204538e-03 8.095292e-05 1.934271e+00
29 5.998370e-03 3.322852e-02 2.169106e+00
30 5.908307e-03 1.501448e-02 2.366283e+00
31 5.908861e-03 9.369452e-05 2.207672e+00
32 5.423175e-03 8.219620e-02 2.403614e+00
33 5.421603e-03 2.899096e-04 1.933778e+00
34 4.116044e-03 2.408069e-01 2.398274e+00
35 4.106426e-03 2.336695e-03 2.164043e+00
36 4.074402e-03 7.798571e-03 1.954024e+00
37 4.073821e-03 1.425412e-04 1.920086e+00
38 4.006881e-03 1.643175e-02 2.363959e+00
39 3.896571e-03 2.753020e-02 2.078621e+00
40 3.895483e-03 2.790073e-04 1.933270e+00
41 2.352320e-03 3.961417e-01 2.004756e+00
42 2.351218e-03 4.683229e-04 2.130315e+00
43 1.916520e-03 1.848819e-01 1.939253e+00
44 1.543566e-03 1.946000e-01 2.659167e+00
45 1.536651e-03 4.479375e-03 1.878177e+00
46 1.448804e-03 5.716835e-02 1.863774e+00
47 1.400597e-03 3.327315e-02 2.094607e+00
48 1.399881e-03 5.116309e-04 1.929258e+00
49 1.400167e-03 2.044877e-04 1.898022e+00
50 1.380251e-03 1.422412e-02 2.214723e+00
51 1.303847e-03 5.535506e-02 2.178758e+00
52 1.061240e-03 1.860699e-01 2.070105e+00
53 1.059860e-03 1.300296e-03 1.944026e+00
54 9.876017e-04 6.817758e-02 2.013390e+00
55 9.870030e-04 6.061472e-04 1.959316e+00
56 9.869205e-04 8.366033e-05 1.949788e+00
57 9.869623e-04 4.238075e-05 1.934931e+00
58 9.652029e-04 2.204687e-02 2.124619e+00
59 9.259112e-04 4.070822e-02 2.104732e+00
60 9.249515e-04 1.036475e-03 1.969330e+00
61 6.188614e-04 3.309255e-01 2.143736e+00
62 6.114088e-04 1.204256e-02 1.959211e+00
63 6.103650e-04 1.707213e-03 1.938496e+00
64 6.101270e-04 3.898697e-04 1.920477e+00
65 4.920364e-04 1.935509e-01 2.108832e+00
66 4.383493e-04 1.091119e-01 1.928543e+00
67 4.367489e-04 3.650971e-03 1.924382e+00
68 4.364636e-04 6.533128e-04 1.933523e+00
69 3.629168e-04 1.685060e-01 2.067540e+00
70 2.938023e-04 1.904418e-01 2.173527e+00
71 2.931736e-04 2.140081e-03 2.167858e+00
72 2.901701e-04 1.024469e-02 1.922718e+00
73 2.894475e-04 2.490064e-03 1.976062e+00
74 2.890775e-04 1.278534e-03 1.942319e+00
75 2.880159e-04 3.672207e-03 2.134477e+00
76 2.877083e-04 1.068130e-03 1.849344e+00
77 2.877843e-04 2.643547e-04 1.948569e+00
78 2.878280e-04 1.517473e-04 1.903794e+00
79 2.878470e-04 6.593385e-05 1.914901e+00
80 1.769154e-04 3.853840e-01 1.828129e+00
81 1.639187e-04 7.346240e-02 1.943322e+00
82 1.592679e-04 2.837282e-02 1.908790e+00
83 1.585191e-04 4.701227e-03 1.974686e+00
84 1.526658e-04 3.692497e-02 1.934770e+00
85 1.525361e-04 8.496065e-04 1.924949e+00
86 1.005166e-04 3.410310e-01 1.927868e+00
87 1.009773e-04 4.583510e-03 1.924566e+00
88 9.917493e-05 1.784914e-02 1.908611e+00
89 9.903401e-05 1.420924e-03 1.929866e+00
90 9.886192e-05 1.737722e-03 1.937837e+00
91 9.877981e-05 8.305937e-04 1.887998e+00
92 9.876688e-05 1.308929e-04 1.899546e+00
93 9.525215e-05 3.558612e-02 2.115050e+00
94 9.340275e-05 1.941578e-02 1.914035e+00
95 9.338134e-05 2.292042e-04 1.999983e+00
96 9.317331e-05 2.227767e-03 2.105245e+00
97 9.315415e-05 2.056506e-04 1.857374e+00
98 9.337305e-05 2.349838e-03 1.828475e+00
99 9.328052e-05 9.909564e-04 1.864210e+00
100 9.331451e-05 3.643455e-04 1.969730e+00
101 9.325124e-05 6.780136e-04 1.914814e+00
102 9.322848e-05 2.440082e-04 1.895113e+00
103 9.335987e-05 1.409283e-03 1.943107e+00
104 9.321659e-05 1.534645e-03 1.904691e+00
105 9.331036e-05 1.005936e-03 1.923648e+00
106 9.338603e-05 8.109481e-04 2.024504e+00
107 9.326630e-05 1.282161e-03 1.874344e+00
108 9.321651e-05 5.338867e-04 1.965227e+00
109 9.332544e-05 1.168600e-03 2.118619e+00
110 5.947138e-05 3.627527e-01 1.950666e+00
111 5.268089e-05 1.141808e-01 1.928142e+00
112 1.378835e-05 7.382665e-01 1.875065e+00
113 1.093535e-05 2.069142e-01 1.894391e+00
114 5.670020e-06 4.814960e-01 1.920890e+00
115 3.548582e-06 3.741500e-01 1.933519e+00
116 2.866627e-06 1.921768e-01 1.955371e+00
117 2.424634e-06 1.541860e-01 2.018146e+00
118 2.501066e-06 3.152339e-02 1.902981e+00
119 2.029660e-06 1.884822e-01 1.905017e+00
120 2.337683e-06 1.517612e-01 1.904007e+00
121 1.970325e-06 1.571464e-01 1.959249e+00
122 3.093500e-06 5.700458e-01 2.048044e+00
123 1.973208e-06 3.621439e-01 2.017339e+00
124 2.523340e-06 2.788008e-01 1.904683e+00
125 1.925862e-06 2.367807e-01 1.888572e+00
126 1.895982e-06 1.551484e-02 1.894896e+00
127 1.990693e-06 4.995306e-02 1.873986e+00
128 1.931337e-06 2.981662e-02 1.879639e+00
129 2.645752e-06 3.699072e-01 1.969132e+00
130 1.730507e-06 3.459299e-01 1.948781e+00
131 2.120599e-06 2.254201e-01 1.959480e+00
132 2.032150e-06 4.170948e-02 1.838326e+00
133 1.577359e-06 2.237977e-01 1.834828e+00
134 1.399792e-06 1.125724e-01 1.829234e+00
135 1.294721e-06 7.506154e-02 2.008827e+00
136 1.340611e-06 3.544388e-02 2.062201e+00
137 1.276270e-06 4.799396e-02 1.904246e+00
138 1.183340e-06 7.281387e-02 1.932459e+00
139 1.138632e-06 3.778156e-02 1.928960e+00
140 1.303546e-06 1.448352e-01 1.904102e+00
141 1.040811e-06 2.015536e-01 1.949225e+00
142 1.079780e-06 3.744042e-02 1.939097e+00
143 1.037613e-06 3.905106e-02 1.899484e+00
144 1.039452e-06 1.772582e-03 1.937309e+00
145 8.178480e-07 2.131934e-01 1.938324e+00
146 9.772308e-07 1.948807e-01 1.894824e+00
147 8.331917e-07 1.473951e-01 1.904193e+00
148 7.834047e-07 5.975461e-02 1.873807e+00
149 7.553122e-07 3.585948e-02 1.938287e+00
150 6.394602e-07 1.533829e-01 1.873498e+00
151 6.317547e-07 1.205012e-02 1.903012e+00
152 6.381974e-07 1.019815e-02 2.064318e+00
153 6.231679e-07 2.354988e-02 1.914345e+00
154 5.747736e-07 7.765851e-02 1.919950e+00
155 3.484563e-07 3.937504e-01 1.882038e+00
156 2.820936e-07 1.904477e-01 1.900285e+00
157 2.514049e-07 1.087891e-01 1.938549e+00
158 2.794787e-07 1.116676e-01 1.977755e+00
159 1.993048e-07 2.868692e-01 1.889291e+00
160 2.081926e-07 4.459365e-02 1.914235e+00
161 2.904163e-07 3.949405e-01 1.926966e+00
162 2.399352e-07 1.738232e-01 1.968607e+00
163 1.687570e-07 2.966560e-01 1.933598e+00
164 1.463090e-07 1.330193e-01 1.858066e+00
165 1.502539e-07 2.696267e-02 1.893999e+00
166 1.514297e-07 7.825432e-03 1.934768e+00
167 9.725984e-08 3.577229e-01 1.934525e+00
168 7.972658e-08 1.802724e-01 1.909909e+00
169 8.332226e-08 4.510020e-02 1.903446e+00
170 8.117154e-08 2.581206e-02 1.949640e+00
171 5.940633e-08 2.681384e-01 1.868474e+00
172 9.989179e-08 6.815008e-01 1.908251e+00
173 4.887531e-08 5.107175e-01 1.999443e+00
174 4.291624e-08 1.219240e-01 1.929444e+00
175 4.584308e-08 6.819909e-02 1.944953e+00
176 6.577362e-08 4.347554e-01 1.928685e+00
177 5.084224e-08 2.270116e-01 1.804780e+00
178 4.097112e-08 1.941519e-01 1.928780e+00
179 3.863198e-08 5.709257e-02 1.919539e+00
180 4.005847e-08 3.692528e-02 1.962879e+00
181 3.607506e-08 9.943994e-02 2.175228e+00
182 3.515480e-08 2.550967e-02 2.092499e+00
183 3.945338e-08 1.222759e-01 1.964005e+00
184 2.658832e-08 3.260826e-01 1.917138e+00
185 3.086660e-08 1.609081e-01 1.923533e+00
186 2.402773e-08 2.215622e-01 1.933279e+00
187 2.214889e-08 7.819460e-02 1.908309e+00
188 2.210393e-08 2.030005e-03 1.928882e+00
189 1.326365e-08 3.999416e-01 1.945066e+00
190 2.552110e-08 9.241387e-01 1.944277e+00
191 1.425743e-08 4.413472e-01 1.924710e+00
192 2.249076e-08 5.774761e-01 1.893583e+00
193 1.164504e-08 4.822299e-01 1.913456e+00
194 1.972339e-08 6.937161e-01 1.992980e+00
195 1.046551e-08 4.693857e-01 2.081922e+00
196 7.397151e-09 2.931880e-01 1.934162e+00
197 1.086747e-08 4.691427e-01 1.919764e+00
198 8.462830e-09 2.212695e-01 1.914377e+00
199 7.851944e-09 7.218461e-02 1.874698e+00
200 7.960361e-09 1.380763e-02 1.865465e+00
201 6.979961e-09 1.231602e-01 1.879014e+00
202 6.668221e-09 4.466209e-02 1.896507e+00
203 5.849049e-09 1.228472e-01 1.941734e+00
204 5.938180e-09 1.523853e-02 1.934391e+00
205 5.254240e-09 1.151766e-01 1.899296e+00
206 3.503603e-09 3.331857e-01 1.874454e+00
207 4.327742e-09 2.352264e-01 2.028738e+00
208 3.331995e-09 2.300847e-01 2.044668e+00
209 4.330478e-09 2.996650e-01 1.983764e+00
210 4.059420e-09 6.259309e-02 1.838403e+00
211 3.253405e-09 1.985542e-01 1.919460e+00
212 3.635254e-09 1.173691e-01 1.884958e+00
213 3.272989e-09 9.965332e-02 1.849384e+00
214 3.655931e-09 1.170009e-01 1.848246e+00
215 3.279896e-09 1.028563e-01 1.839006e+00
216 3.569243e-09 8.821849e-02 1.928436e+00
217 2.939959e-09 1.763073e-01 1.942771e+00
218 2.914657e-09 8.606273e-03 1.914046e+00
219 2.195666e-09 2.466814e-01 1.910259e+00
220 2.191508e-09 1.893532e-03 1.932068e+00
221 2.115149e-09 3.484289e-02 1.993705e+00
222 1.697201e-09 1.975977e-01 1.999458e+00
223 1.681193e-09 9.431789e-03 1.916903e+00
224 1.978779e-09 1.770085e-01 1.900024e+00
225 1.606109e-09 1.883333e-01 1.942603e+00
226 1.677258e-09 4.429932e-02 1.858777e+00
227 1.468909e-09 1.242203e-01 1.834725e+00
228 1.630809e-09 1.102184e-01 1.929047e+00
229 1.402263e-09 1.401432e-01 1.931971e+00
230 1.406455e-09 2.989519e-03 2.014760e+00
231 1.352314e-09 3.849453e-02 1.894874e+00
232 1.192970e-09 1.178305e-01 1.943288e+00
233 9.625630e-10 1.931372e-01 1.928872e+00
234 1.431303e-09 4.869706e-01 1.915352e+00
235 8.342472e-10 4.171414e-01 2.108883e+00
236 9.018942e-10 8.108747e-02 2.063878e+00
237 8.497041e-10 5.786725e-02 2.202304e+00
238 9.241704e-10 8.763795e-02 1.884315e+00
239 9.030963e-10 2.280331e-02 1.905126e+00
240 7.900595e-10 1.251658e-01 1.949610e+00
241 5.796059e-10 2.663768e-01 1.959853e+00
242 9.557237e-10 6.489199e-01 1.939011e+00
243 6.945501e-10 2.732732e-01 1.964773e+00
244 7.816782e-10 1.254454e-01 1.943447e+00
245 4.996185e-10 3.608387e-01 1.983926e+00
246 5.432179e-10 8.726551e-02 1.918357e+00
247 6.023040e-10 1.087705e-01 1.938802e+00
248 6.619431e-10 9.901823e-02 1.969730e+00
249 4.087288e-10 3.825317e-01 1.944537e+00
250 5.154877e-10 2.611972e-01 1.974050e+00
251 3.592402e-10 3.031061e-01 1.937941e+00
252 3.832501e-10 6.683524e-02 1.919540e+00
253 4.210928e-10 9.874160e-02 1.998193e+00
254 4.108397e-10 2.434886e-02 1.997539e+00
255 4.048060e-10 1.468633e-02 1.959193e+00
256 3.590898e-10 1.129336e-01 1.939339e+00
257 3.895892e-10 8.493557e-02 1.938751e+00
258 3.346189e-10 1.410983e-01 1.923978e+00
259 3.994599e-10 1.937757e-01 1.884014e+00
260 3.657811e-10 8.431093e-02 1.928489e+00
261 3.661069e-10 8.908347e-04 1.912623e+00
262 3.128218e-10 1.455453e-01 1.907844e+00
263 3.332484e-10 6.529808e-02 1.915197e+00
264 3.120864e-10 6.350239e-02 1.899813e+00
265 2.721489e-10 1.279694e-01 1.882327e+00
266 2.339483e-10 1.403664e-01 1.829651e+00
267 3.050142e-10 3.037677e-01 1.907377e+00
268 2.628300e-10 1.383026e-01 1.953343e+00
269 2.568538e-10 2.273797e-02 1.930365e+00
270 2.036195e-10 2.072553e-01 1.897710e+00
271 2.248982e-10 1.045026e-01 1.948101e+00
272 1.612801e-10 2.828751e-01 1.889268e+00
273 1.574871e-10 2.351788e-02 1.919173e+00
274 1.827755e-10 1.605739e-01 1.924547e+00
275 2.041466e-10 1.169256e-01 1.894810e+00
276 1.859564e-10 8.910375e-02 2.029168e+00
277 1.557025e-10 1.626936e-01 2.068478e+00
278 1.587765e-10 1.974340e-02 1.854580e+00
279 1.852465e-10 1.667119e-01 1.818098e+00
280 1.631116e-10 1.194886e-01 1.892910e+00
281 1.289076e-10 2.096974e-01 1.928464e+00
282 1.250481e-10 2.993982e-02 1.939796e+00
283 1.920378e-10 5.357119e-01 1.884028e+00
284 1.539193e-10 1.984948e-01 2.084026e+00
285 9.803391e-11 3.630825e-01 2.003598e+00
