1 9.940350e-01 1.000000e+00 6.120120e-01
2 9.909136e-01 3.140169e-03 6.258730e-01
3 9.893968e-01 1.530721e-03 6.010960e-01
4 9.892053e-01 1.935442e-04 6.508750e-01
5 9.891142e-01 9.208158e-05 6.637640e-01
6 9.882610e-01 8.625518e-04 6.376840e-01
7 9.874119e-01 8.592559e-04 7.023000e-01
8 9.864735e-01 9.502893e-04 5.979200e-01
9 9.820839e-01 4.449852e-03 6.140570e-01
10 9.787393e-01 3.405621e-03 5.925610e-01
11 9.703441e-01 8.577508e-03 6.395240e-01
12 9.691133e-01 1.268417e-03 6.244910e-01
13 9.687852e-01 3.385772e-04 5.895620e-01
14 9.650009e-01 3.906281e-03 5.959520e-01
15 9.584991e-01 6.737525e-03 5.976560e-01
16 9.484762e-01 1.045693e-02 6.225530e-01
17 9.483618e-01 1.205823e-04 5.856040e-01
18 9.472280e-01 1.195559e-03 8.477650e-01
19 9.424794e-01 5.013140e-03 5.963360e-01
20 9.396865e-01 2.963392e-03 5.940880e-01
21 9.378072e-01 1.999872e-03 6.555850e-01
22 9.213819e-01 1.751456e-02 5.721560e-01
23 9.185821e-01 3.038725e-03 6.798970e-01
24 8.537601e-01 7.056743e-02 5.995420e-01
25 8.084874e-01 5.302742e-02 5.820230e-01
26 7.908956e-01 2.175892e-02 6.277130e-01
27 7.762876e-01 1.847019e-02 5.844760e-01
28 7.504260e-01 3.331448e-02 5.658350e-01
29 6.541962e-01 1.282336e-01 5.572430e-01
30 6.269604e-01 4.163244e-02 5.882720e-01
31 5.167636e-01 1.757636e-01 6.096140e-01
32 4.669485e-01 9.639826e-02 5.700710e-01
33 4.385656e-01 6.078378e-02 5.881690e-01
34 4.295135e-01 2.064023e-02 5.704070e-01
35 4.241750e-01 1.242912e-02 5.712470e-01
36 4.273483e-01 7.481195e-03 5.747660e-01
37 4.148682e-01 2.920375e-02 5.853970e-01
38 4.147466e-01 2.931486e-04 5.900220e-01
39 4.066025e-01 1.963628e-02 6.438250e-01
40 4.039953e-01 6.412067e-03 6.620360e-01
41 4.012450e-01 6.807783e-03 6.002680e-01
42 3.996636e-01 3.941235e-03 5.917980e-01
43 3.971074e-01 6.395800e-03 5.893790e-01
44 3.975162e-01 1.029326e-03 5.782830e-01
45 3.957941e-01 4.332022e-03 5.583620e-01
46 3.908404e-01 1.251598e-02 5.592730e-01
47 3.881821e-01 6.801563e-03 5.698420e-01
48 3.866803e-01 3.868652e-03 5.580100e-01
49 3.865780e-01 2.646957e-04 5.641020e-01
50 3.924019e-01 1.506544e-02 5.598650e-01
51 3.848455e-01 1.925691e-02 5.744990e-01
52 3.837979e-01 2.721983e-03 6.150990e-01
53 3.811815e-01 6.817278e-03 6.484050e-01
54 3.794644e-01 4.504615e-03 6.014720e-01
55 3.850932e-01 1.483341e-02 5.798130e-01
56 3.766144e-01 2.201742e-02 5.697370e-01
57 3.820768e-01 1.450395e-02 5.567200e-01
58 3.789245e-01 8.250442e-03 5.660320e-01
59 3.784366e-01 1.287604e-03 5.951200e-01
60 3.735275e-01 1.297205e-02 5.942120e-01
61 3.720621e-01 3.923126e-03 5.976470e-01
62 3.710235e-01 2.791433e-03 5.998980e-01
63 3.679952e-01 8.162139e-03 5.841340e-01
64 3.725575e-01 1.239787e-02 6.002970e-01
65 3.653429e-01 1.936516e-02 5.941210e-01
66 3.645519e-01 2.165007e-03 6.059410e-01
67 3.643191e-01 6.385827e-04 5.912970e-01
68 3.641267e-01 5.281688e-04 6.224410e-01
69 3.654316e-01 3.583648e-03 5.855520e-01
70 3.639696e-01 4.000685e-03 5.920710e-01
71 3.574310e-01 1.796476e-02 6.076580e-01
72 3.539764e-01 9.665153e-03 5.895770e-01
73 3.535310e-01 1.258073e-03 5.919380e-01
74 3.542399e-01 2.005021e-03 5.943090e-01
75 3.537237e-01 1.457032e-03 5.723800e-01
76 3.528771e-01 2.393424e-03 5.949590e-01
77 3.290702e-01 6.746517e-02 5.559850e-01
78 3.163264e-01 3.872666e-02 5.682410e-01
79 2.174448e-01 3.125937e-01 5.737810e-01
80 2.099732e-01 3.436081e-02 5.682190e-01
81 2.051966e-01 2.274866e-02 5.799030e-01
82 2.020055e-01 1.555141e-02 5.735820e-01
83 2.007512e-01 6.209315e-03 5.857960e-01
84 2.015988e-01 4.222086e-03 5.722110e-01
85 2.003195e-01 6.345625e-03 5.875170e-01
86 1.991731e-01 5.722652e-03 5.526960e-01
87 2.022501e-01 1.544888e-02 5.771980e-01
88 2.011123e-01 5.625942e-03 5.738710e-01
89 2.002954e-01 4.061934e-03 5.742640e-01
90 1.925749e-01 3.854525e-02 5.656720e-01
91 1.788295e-01 7.137707e-02 5.684720e-01
92 1.632779e-01 8.696332e-02 5.781130e-01
93 1.517322e-01 7.071188e-02 5.773310e-01
94 1.504945e-01 8.157403e-03 5.783940e-01
95 1.481281e-01 1.572388e-02 6.054530e-01
96 1.261351e-01 1.484729e-01 5.686790e-01
97 1.205172e-01 4.453905e-02 5.617290e-01
98 1.125621e-01 6.600815e-02 5.658280e-01
99 8.662835e-02 2.303948e-01 5.838780e-01
100 6.168360e-02 2.879514e-01 5.835010e-01
101 5.683009e-02 7.868385e-02 6.001820e-01
102 3.929814e-02 3.084976e-01 6.201570e-01
103 4.231416e-02 7.674707e-02 6.403190e-01
104 3.980070e-02 5.939999e-02 6.470510e-01
105 3.804108e-02 4.421069e-02 5.938380e-01
106 3.272868e-02 1.396490e-01 5.720310e-01
107 3.631463e-02 1.095659e-01 5.795510e-01
108 3.412696e-02 6.024229e-02 5.844500e-01
109 3.213932e-02 5.824240e-02 6.032130e-01
110 3.060789e-02 4.764958e-02 6.020150e-01
111 3.596222e-02 1.749327e-01 5.855340e-01
112 3.268084e-02 9.124516e-02 6.082810e-01
113 3.354387e-02 2.640777e-02 6.095330e-01
114 3.116831e-02 7.081930e-02 6.017980e-01
115 3.429910e-02 1.004476e-01 5.842280e-01
116 3.137543e-02 8.524046e-02 5.935030e-01
117 3.047740e-02 2.862197e-02 5.879760e-01
118 2.956602e-02 2.990341e-02 6.064790e-01
119 2.837571e-02 4.025954e-02 6.053360e-01
120 3.034402e-02 6.936601e-02 5.976770e-01
121 2.786399e-02 8.173028e-02 5.802660e-01
122 2.588429e-02 7.104858e-02 5.678870e-01
123 2.773003e-02 7.130708e-02 5.662110e-01
124 2.416184e-02 1.286761e-01 5.979390e-01
125 2.297277e-02 4.921273e-02 6.260810e-01
126 2.418483e-02 5.276092e-02 5.914800e-01
127 2.281509e-02 5.663643e-02 5.600900e-01
128 2.172324e-02 4.785623e-02 5.659000e-01
129 2.290870e-02 5.457073e-02 5.737910e-01
130 2.250908e-02 1.744379e-02 5.843890e-01
131 2.232242e-02 8.292660e-03 5.753510e-01
132 2.169186e-02 2.824789e-02 5.701460e-01
133 2.131249e-02 1.748921e-02 5.759930e-01
134 2.160332e-02 1.364628e-02 5.636950e-01
135 2.151107e-02 4.270371e-03 5.664150e-01
136 2.148344e-02 1.284642e-03 5.859480e-01
137 2.124363e-02 1.116231e-02 5.793300e-01
138 2.085614e-02 1.824047e-02 5.725360e-01
139 2.098386e-02 6.124139e-03 5.619420e-01
140 2.025815e-02 3.458445e-02 5.560970e-01
141 2.067854e-02 2.075163e-02 5.662540e-01
142 2.030572e-02 1.802900e-02 5.689810e-01
143 2.100523e-02 3.444876e-02 5.707500e-01
144 2.144140e-02 2.076475e-02 5.514370e-01
145 2.126561e-02 8.198586e-03 5.565450e-01
146 1.961848e-02 7.745532e-02 5.776540e-01
147 2.009832e-02 2.445866e-02 6.037560e-01
148 1.988673e-02 1.052788e-02 5.963660e-01
149 2.086019e-02 4.895030e-02 5.814270e-01
150 2.144459e-02 2.801503e-02 5.959840e-01
151 1.988025e-02 7.294767e-02 5.779850e-01
152 1.903186e-02 4.267507e-02 5.754760e-01
153 1.838447e-02 3.401644e-02 5.747270e-01
154 1.800208e-02 2.079956e-02 5.973240e-01
155 1.758874e-02 2.296039e-02 5.879180e-01
156 1.946366e-02 1.065975e-01 6.183910e-01
157 1.911928e-02 1.769310e-02 5.934480e-01
158 1.836631e-02 3.938292e-02 5.940930e-01
159 1.714757e-02 6.635738e-02 5.901080e-01
160 1.759606e-02 2.615449e-02 5.841600e-01
161 1.747281e-02 7.004489e-03 6.076300e-01
162 1.713447e-02 1.936371e-02 6.138400e-01
163 1.714114e-02 3.892343e-04 5.838910e-01
164 1.733449e-02 1.127985e-02 5.776540e-01
165 1.695569e-02 2.185232e-02 5.903550e-01
166 1.611963e-02 4.930858e-02 5.894360e-01
167 1.558264e-02 3.331238e-02 5.688590e-01
168 1.582311e-02 1.543156e-02 5.851660e-01
169 1.538394e-02 2.775492e-02 5.806360e-01
170 1.542893e-02 2.924364e-03 5.956230e-01
171 1.655718e-02 7.312561e-02 5.979520e-01
172 1.560649e-02 5.741816e-02 5.878230e-01
173 1.488514e-02 4.622120e-02 5.983620e-01
174 1.498318e-02 6.586418e-03 5.732410e-01
175 1.488325e-02 6.669861e-03 5.627020e-01
176 1.457472e-02 2.072955e-02 5.733950e-01
177 1.476763e-02 1.323589e-02 5.845000e-01
178 1.405818e-02 4.804101e-02 5.793240e-01
179 1.399244e-02 4.676690e-03 5.756960e-01
180 1.293982e-02 7.522717e-02 5.742980e-01
181 1.284084e-02 7.649372e-03 5.777940e-01
182 1.492610e-02 1.623925e-01 5.844300e-01
183 1.533983e-02 2.771861e-02 5.734870e-01
184 1.475664e-02 3.801824e-02 5.661940e-01
185 1.467356e-02 5.629881e-03 5.475350e-01
186 1.371046e-02 6.563516e-02 5.603840e-01
187 1.357950e-02 9.551435e-03 5.543440e-01
188 1.303205e-02 4.031455e-02 5.712510e-01
189 1.439502e-02 1.045862e-01 5.477940e-01
190 1.479236e-02 2.760234e-02 5.565200e-01
191 1.406171e-02 4.939402e-02 5.599890e-01
192 1.346636e-02 4.233818e-02 5.638390e-01
193 1.391433e-02 3.326556e-02 5.318270e-01
194 1.298582e-02 6.672991e-02 5.139460e-01
195 1.269857e-02 2.212048e-02 5.439560e-01
196 1.221581e-02 3.801729e-02 5.278060e-01
197 1.224668e-02 2.527550e-03 5.383390e-01
198 1.226517e-02 1.509445e-03 5.179830e-01
199 1.256847e-02 2.472836e-02 5.717940e-01
200 1.259119e-02 1.807767e-03 5.983320e-01
201 1.265382e-02 4.974467e-03 5.353660e-01
202 1.222438e-02 3.393772e-02 5.163250e-01
203 1.474277e-02 2.060142e-01 5.193750e-01
204 1.311709e-02 1.102698e-01 5.099040e-01
205 1.322528e-02 8.247919e-03 5.081100e-01
206 1.465331e-02 1.079776e-01 5.464320e-01
207 1.362669e-02 7.006115e-02 5.354480e-01
208 1.355536e-02 5.234283e-03 5.221390e-01
209 1.227179e-02 9.469075e-02 5.239780e-01
210 1.254946e-02 2.262637e-02 5.218630e-01
211 1.202110e-02 4.210207e-02 5.337940e-01
212 1.172975e-02 2.423639e-02 5.221340e-01
213 1.187850e-02 1.268119e-02 5.274620e-01
214 1.182148e-02 4.800274e-03 5.200820e-01
215 1.171954e-02 8.623548e-03 5.181720e-01
216 1.175184e-02 2.756531e-03 5.183690e-01
217 1.149905e-02 2.151123e-02 5.272410e-01
218 1.141688e-02 7.145300e-03 5.940310e-01
219 1.125233e-02 1.441266e-02 5.761950e-01
220 1.049906e-02 6.694336e-02 5.655390e-01
221 1.178892e-02 1.228546e-01 5.364090e-01
222 9.875619e-03 1.622968e-01 5.314550e-01
223 9.681379e-03 1.966866e-02 5.298750e-01
224 9.694224e-03 1.326817e-03 5.180120e-01
225 1.003918e-02 3.558377e-02 5.401340e-01
226 9.866943e-03 1.715661e-02 5.191570e-01
227 9.776487e-03 9.167546e-03 5.162040e-01
228 9.460113e-03 3.236067e-02 5.182780e-01
229 9.299487e-03 1.697939e-02 5.202250e-01
230 1.073170e-02 1.540103e-01 5.235610e-01
231 9.107492e-03 1.513471e-01 5.258310e-01
232 9.017930e-03 9.833786e-03 5.238540e-01
233 9.254351e-03 2.621673e-02 5.339270e-01
234 1.381320e-02 4.926164e-01 5.184530e-01
235 1.085104e-02 2.144437e-01 5.238250e-01
236 9.364586e-03 1.369876e-01 5.360600e-01
237 8.699121e-03 7.106180e-02 5.178790e-01
238 9.077063e-03 4.344598e-02 5.023390e-01
239 9.016295e-03 6.694748e-03 5.138250e-01
240 8.808949e-03 2.299672e-02 5.337960e-01
241 8.580623e-03 2.591983e-02 5.356370e-01
242 8.480927e-03 1.161872e-02 5.300640e-01
243 8.054620e-03 5.026653e-02 5.155030e-01
244 8.340910e-03 3.554349e-02 5.161660e-01
245 7.761709e-03 6.944100e-02 5.241160e-01
246 9.114890e-03 1.743407e-01 5.133960e-01
247 7.496618e-03 1.775416e-01 5.185240e-01
248 7.613688e-03 1.561641e-02 5.176340e-01
249 7.734516e-03 1.586980e-02 5.124990e-01
250 7.637922e-03 1.248859e-02 5.117350e-01
251 7.251945e-03 5.053430e-02 5.175440e-01
252 8.002147e-03 1.034483e-01 5.604650e-01
253 7.273490e-03 9.105765e-02 5.215930e-01
254 6.576012e-03 9.589318e-02 5.201710e-01
255 6.720218e-03 2.192905e-02 5.238850e-01
256 6.725068e-03 7.217578e-04 5.314840e-01
257 8.245442e-03 2.260756e-01 5.258150e-01
258 6.639054e-03 1.948214e-01 5.185420e-01
259 6.724687e-03 1.289842e-02 5.222340e-01
260 6.768001e-03 6.441027e-03 5.275950e-01
261 6.819573e-03 7.619948e-03 5.181750e-01
262 7.796659e-03 1.432767e-01 5.713360e-01
263 7.428230e-03 4.725461e-02 5.326510e-01
264 6.581511e-03 1.139867e-01 5.395510e-01
265 6.716805e-03 2.055672e-02 5.339030e-01
266 6.698150e-03 2.777425e-03 5.305450e-01
267 1.094739e-02 6.343907e-01 5.477150e-01
268 7.812777e-03 2.863345e-01 5.479610e-01
269 7.102880e-03 9.086360e-02 5.312620e-01
270 6.712931e-03 5.490008e-02 5.262530e-01
271 6.998826e-03 4.258866e-02 5.422990e-01
272 7.202276e-03 2.906925e-02 5.195640e-01
273 6.454035e-03 1.038896e-01 5.277980e-01
274 6.516438e-03 9.668862e-03 5.306830e-01
275 7.024344e-03 7.794234e-02 5.259110e-01
276 6.272377e-03 1.070516e-01 5.176640e-01
277 6.169851e-03 1.634560e-02 5.155140e-01
278 6.503173e-03 5.402426e-02 5.145930e-01
279 6.861820e-03 5.514949e-02 5.176410e-01
280 6.236987e-03 9.105929e-02 5.143540e-01
281 6.056447e-03 2.894665e-02 5.239250e-01
282 5.939661e-03 1.928294e-02 5.501240e-01
283 5.956780e-03 2.882191e-03 5.353150e-01
284 5.875505e-03 1.364420e-02 5.216820e-01
285 6.169962e-03 5.011609e-02 5.139260e-01
286 5.708210e-03 7.483866e-02 5.286980e-01
287 5.706182e-03 3.553582e-04 5.259130e-01
288 5.416101e-03 5.083632e-02 5.311340e-01
289 5.522725e-03 1.968658e-02 5.207430e-01
290 5.454672e-03 1.232243e-02 5.251520e-01
291 5.981675e-03 9.661497e-02 5.220770e-01
292 5.523735e-03 7.655716e-02 5.181020e-01
293 5.527514e-03 6.842416e-04 5.242160e-01
294 5.740088e-03 3.845743e-02 5.515770e-01
295 5.423769e-03 5.510699e-02 5.600390e-01
296 5.273244e-03 2.775287e-02 5.701160e-01
297 5.429174e-03 2.957009e-02 5.303890e-01
298 5.229540e-03 3.677066e-02 5.210650e-01
299 5.675931e-03 8.535945e-02 5.102980e-01
300 5.439790e-03 4.160390e-02 5.044200e-01
301 5.336751e-03 1.894163e-02 5.350630e-01
302 5.348753e-03 2.248835e-03 5.088130e-01
303 5.267416e-03 1.520671e-02 5.090290e-01
304 5.537101e-03 5.119869e-02 5.199950e-01
305 5.618878e-03 1.476889e-02 5.202230e-01
306 5.261876e-03 6.353613e-02 5.142080e-01
307 5.902453e-03 1.217393e-01 5.140730e-01
308 6.292797e-03 6.613251e-02 5.117770e-01
309 5.600375e-03 1.100341e-01 5.221430e-01
310 5.380480e-03 3.926430e-02 5.221260e-01
311 5.229986e-03 2.797031e-02 5.175020e-01
312 5.608944e-03 7.245875e-02 5.138780e-01
313 5.194065e-03 7.396751e-02 5.495810e-01
314 5.317308e-03 2.372762e-02 5.479430e-01
315 5.448941e-03 2.475566e-02 5.542380e-01
316 5.098746e-03 6.426839e-02 5.318900e-01
317 5.110735e-03 2.351312e-03 5.317010e-01
318 5.162706e-03 1.016902e-02 5.227600e-01
319 5.082570e-03 1.552205e-02 5.190330e-01
320 5.085131e-03 5.037154e-04 5.282110e-01
321 5.165303e-03 1.576611e-02 5.222070e-01
322 5.155160e-03 1.963736e-03 5.221420e-01
323 5.118614e-03 7.089226e-03 5.213450e-01
324 5.050181e-03 1.336935e-02 5.279350e-01
325 5.031480e-03 3.703036e-03 5.183440e-01
326 4.984750e-03 9.287657e-03 5.222820e-01
327 5.024664e-03 8.007200e-03 5.259050e-01
328 5.023205e-03 2.902822e-04 5.253700e-01
329 5.201256e-03 3.544559e-02 5.285310e-01
330 5.001253e-03 3.845273e-02 5.237560e-01
331 5.112262e-03 2.219618e-02 5.257400e-01
332 5.026924e-03 1.669280e-02 5.260940e-01
333 4.957733e-03 1.376410e-02 5.278880e-01
334 5.060852e-03 2.079966e-02 5.064490e-01
335 5.499056e-03 8.658696e-02 5.282070e-01
336 5.162981e-03 6.111494e-02 5.223570e-01
337 5.025902e-03 2.655047e-02 5.137250e-01
338 4.980731e-03 8.987467e-03 5.140250e-01
339 4.903886e-03 1.542845e-02 5.218580e-01
340 4.956166e-03 1.066092e-02 5.280630e-01
341 4.918824e-03 7.534569e-03 5.235900e-01
342 4.913028e-03 1.178363e-03 5.142020e-01
343 4.890073e-03 4.672135e-03 5.178050e-01
344 4.902422e-03 2.525285e-03 5.156440e-01
345 4.918548e-03 3.289343e-03 5.166850e-01
346 4.894828e-03 4.822536e-03 5.080720e-01
347 4.888631e-03 1.266032e-03 5.194440e-01
348 4.936915e-03 9.876720e-03 5.278490e-01
349 4.893139e-03 8.867023e-03 5.125590e-01
350 4.861071e-03 6.553703e-03 5.118710e-01
351 4.877182e-03 3.314307e-03 5.218230e-01
352 4.886341e-03 1.877900e-03 5.160060e-01
353 4.878794e-03 1.544383e-03 5.072840e-01
354 4.856297e-03 4.611195e-03 5.223050e-01
355 4.872492e-03 3.334799e-03 5.100010e-01
356 4.877449e-03 1.017392e-03 5.014410e-01
357 4.882127e-03 9.590184e-04 4.985680e-01
358 4.844219e-03 7.764679e-03 5.500610e-01
359 4.862033e-03 3.677432e-03 5.340180e-01
360 4.852531e-03 1.954408e-03 5.479330e-01
361 4.854924e-03 4.931987e-04 5.411190e-01
362 4.846788e-03 1.675848e-03 5.262840e-01
363 4.853767e-03 1.439998e-03 5.259410e-01
364 4.832506e-03 4.380390e-03 5.418410e-01
365 4.844476e-03 2.477034e-03 5.320670e-01
366 4.825680e-03 3.879864e-03 5.299090e-01
367 4.830252e-03 9.473348e-04 5.294610e-01
368 4.817175e-03 2.707330e-03 5.266690e-01
369 4.836227e-03 3.955207e-03 5.340260e-01
370 4.823337e-03 2.665392e-03 5.378950e-01
371 4.830091e-03 1.400206e-03 5.260360e-01
372 4.813789e-03 3.375007e-03 5.072340e-01
373 4.817778e-03 8.287181e-04 5.003670e-01
374 4.817346e-03 8.969810e-05 5.257030e-01
375 4.820593e-03 6.740097e-04 5.261230e-01
376 4.817564e-03 6.283337e-04 5.063900e-01
377 4.811487e-03 1.261412e-03 5.253760e-01
378 4.815716e-03 8.788807e-04 5.185970e-01
379 4.800746e-03 3.108665e-03 5.107350e-01
380 4.803193e-03 5.098437e-04 5.179670e-01
381 4.805003e-03 3.768103e-04 5.415880e-01
382 4.801176e-03 7.963740e-04 5.018620e-01
383 4.801224e-03 9.805236e-06 5.056890e-01
384 4.803090e-03 3.886929e-04 5.101970e-01
385 4.800931e-03 4.495245e-04 5.041440e-01
386 4.800710e-03 4.590807e-05 5.061700e-01
387 4.794405e-03 1.313373e-03 5.153810e-01
388 4.794745e-03 7.082193e-05 5.139210e-01
389 4.790549e-03 8.751593e-04 5.579670e-01
390 4.792095e-03 3.227874e-04 5.405890e-01
391 4.797867e-03 1.204524e-03 5.612920e-01
392 4.792495e-03 1.119721e-03 5.197670e-01
393 4.788370e-03 8.607609e-04 5.237490e-01
394 4.791405e-03 6.338215e-04 5.162410e-01
395 4.786653e-03 9.915803e-04 5.172910e-01
396 4.789566e-03 6.085683e-04 5.199240e-01
397 4.785494e-03 8.503532e-04 5.239820e-01
398 4.784966e-03 1.103408e-04 5.245950e-01
399 4.785606e-03 1.338593e-04 5.150820e-01
400 4.780437e-03 1.080044e-03 5.228050e-01
401 4.784937e-03 9.412304e-04 5.212000e-01
402 4.780140e-03 1.002579e-03 5.184140e-01
403 4.783745e-03 7.542953e-04 5.213640e-01
404 4.781544e-03 4.601485e-04 5.181480e-01
405 4.780544e-03 2.091761e-04 5.184240e-01
406 4.777782e-03 5.776460e-04 5.080160e-01
407 4.777280e-03 1.050827e-04 5.093050e-01
408 4.776810e-03 9.843062e-05 5.342290e-01
409 4.776477e-03 6.973818e-05 5.577680e-01
410 4.778054e-03 3.301385e-04 5.744880e-01
411 4.781908e-03 8.066071e-04 6.014710e-01
412 4.777082e-03 1.009276e-03 5.085930e-01
413 4.777953e-03 1.823840e-04 5.057560e-01
414 4.779804e-03 3.874303e-04 5.101370e-01
415 4.777996e-03 3.782020e-04 4.970980e-01
416 4.777141e-03 1.790983e-04 5.121260e-01
417 4.777749e-03 1.273794e-04 5.060640e-01
418 4.776646e-03 2.308990e-04 5.103380e-01
419 4.776433e-03 4.464405e-05 5.120860e-01
420 4.776574e-03 2.964825e-05 5.215260e-01
421 4.778285e-03 3.580554e-04 5.123530e-01
422 4.775292e-03 6.263503e-04 5.212040e-01
423 4.774875e-03 8.724380e-05 5.218650e-01
424 4.774287e-03 1.231393e-04 5.178730e-01
425 4.774528e-03 5.040641e-05 5.164550e-01
426 4.774356e-03 3.602724e-05 5.216210e-01
427 4.773626e-03 1.529096e-04 5.318270e-01
428 4.774657e-03 2.159439e-04 5.206010e-01
429 4.774065e-03 1.238330e-04 5.218650e-01
430 4.772671e-03 2.920085e-04 5.261070e-01
431 4.775676e-03 6.294845e-04 5.315310e-01
432 4.772755e-03 6.114637e-04 5.303520e-01
433 4.774256e-03 3.143871e-04 5.234400e-01
434 4.771342e-03 6.103602e-04 5.145360e-01
435 4.773901e-03 5.364567e-04 5.359980e-01
436 4.771517e-03 4.994995e-04 5.070100e-01
437 4.774716e-03 6.704318e-04 5.101780e-01
438 4.771023e-03 7.733748e-04 5.244240e-01
439 4.775027e-03 8.392807e-04 5.154830e-01
440 4.770266e-03 9.970925e-04 5.244120e-01
441 4.774178e-03 8.200557e-04 5.354520e-01
442 4.770397e-03 7.919356e-04 5.220250e-01
443 4.770625e-03 4.775039e-05 5.279120e-01
444 4.770162e-03 9.700008e-05 5.420850e-01
445 4.769962e-03 4.204581e-05 5.957230e-01
446 4.769902e-03 1.250608e-05 5.931900e-01
447 4.769619e-03 5.944728e-05 5.304380e-01
448 4.770294e-03 1.416871e-04 5.077120e-01
449 4.770877e-03 1.220502e-04 5.265040e-01
450 4.769633e-03 2.606387e-04 5.536110e-01
451 4.770655e-03 2.142826e-04 5.303830e-01
452 4.769418e-03 2.593221e-04 5.112420e-01
453 4.770797e-03 2.890386e-04 5.066690e-01
454 4.769280e-03 3.178658e-04 4.976110e-01
455 4.770163e-03 1.850947e-04 4.920460e-01
456 4.769448e-03 1.498248e-04 5.101310e-01
457 4.769439e-03 1.898433e-06 4.951190e-01
458 4.769136e-03 6.364916e-05 5.007210e-01
459 4.771159e-03 4.242132e-04 4.997590e-01
460 4.768643e-03 5.271921e-04 4.915240e-01
461 4.770619e-03 4.142994e-04 4.785980e-01
462 4.768326e-03 4.806884e-04 4.895090e-01
463 4.768746e-03 8.815715e-05 4.859830e-01
464 4.768418e-03 6.877298e-05 5.018710e-01
465 4.768439e-03 4.282143e-06 4.937720e-01
466 4.768153e-03 5.982973e-05 5.024290e-01
467 4.768069e-03 1.764426e-05 5.003050e-01
468 4.768004e-03 1.360697e-05 4.953150e-01
469 4.769180e-03 2.465204e-04 4.943290e-01
470 4.767925e-03 2.631148e-04 5.056800e-01
471 4.769227e-03 2.730636e-04 4.926060e-01
472 4.767804e-03 2.984132e-04 4.890560e-01
473 4.768509e-03 1.479071e-04 4.845530e-01
474 4.767460e-03 2.199846e-04 4.957440e-01
475 4.767520e-03 1.250013e-05 4.942650e-01
476 4.767696e-03 3.702309e-05 4.819310e-01
477 4.767714e-03 3.778899e-06 4.954860e-01
478 4.767505e-03 4.376528e-05 5.486870e-01
479 4.767390e-03 2.420058e-05 5.272150e-01
480 4.767294e-03 2.005973e-05 5.180860e-01
481 4.767375e-03 1.691722e-05 5.198390e-01
482 4.767345e-03 6.263612e-06 5.305990e-01
483 4.767409e-03 1.331113e-05 5.233670e-01
484 4.767556e-03 3.081870e-05 5.518410e-01
485 4.767197e-03 7.528453e-05 5.365170e-01
486 4.766951e-03 5.149069e-05 5.706510e-01
487 4.767018e-03 1.396042e-05 5.190670e-01
488 4.767076e-03 1.231167e-05 5.182260e-01
489 4.767224e-03 3.101852e-05 5.257230e-01
490 4.766913e-03 6.527465e-05 5.221150e-01
491 9.335616e-03 9.584195e-01 5.458310e-01
492 8.483617e-03 9.126330e-02 5.346750e-01
493 6.540690e-03 2.290210e-01 5.331690e-01
494 8.195094e-03 2.529403e-01 5.061520e-01
495 7.246478e-03 1.157541e-01 5.079030e-01
496 5.800860e-03 1.994925e-01 5.001800e-01
497 5.814463e-03 2.344903e-03 5.076380e-01
498 5.677229e-03 2.360221e-02 4.962370e-01
499 5.367529e-03 5.455121e-02 5.258920e-01
500 6.022611e-03 1.220454e-01 5.083220e-01
501 5.775755e-03 4.098828e-02 4.994860e-01
502 5.492501e-03 4.904183e-02 5.163930e-01
503 5.774794e-03 5.139612e-02 5.335950e-01
504 5.500764e-03 4.745283e-02 5.398260e-01
505 5.416793e-03 1.526532e-02 5.622060e-01
506 5.602599e-03 3.430188e-02 5.194580e-01
507 5.030655e-03 1.020855e-01 5.146460e-01
508 4.739619e-03 5.785252e-02 5.071520e-01
509 4.529640e-03 4.430302e-02 5.044120e-01
510 6.919777e-03 5.276661e-01 4.997820e-01
511 5.565051e-03 1.957760e-01 4.984120e-01
512 6.303498e-03 1.326937e-01 5.040710e-01
513 6.863027e-03 8.876487e-02 5.337190e-01
514 4.708829e-03 3.138845e-01 5.220630e-01
515 4.826777e-03 2.504828e-02 5.315520e-01
516 7.363303e-03 5.255113e-01 5.238670e-01
517 5.723531e-03 2.226951e-01 5.241970e-01
518 4.628031e-03 1.914029e-01 5.172940e-01
519 5.692877e-03 2.300862e-01 5.122390e-01
520 4.536643e-03 2.031019e-01 5.312170e-01
521 6.402547e-03 4.112961e-01 5.198560e-01
522 5.870208e-03 8.314488e-02 5.104450e-01
523 4.330678e-03 2.622616e-01 5.059810e-01
524 4.252998e-03 1.793708e-02 5.242270e-01
525 3.938125e-03 7.403568e-02 5.075790e-01
526 5.093935e-03 2.934926e-01 5.102540e-01
527 4.643286e-03 8.846776e-02 5.153880e-01
528 3.749105e-03 1.925750e-01 5.301690e-01
529 3.793365e-03 1.180534e-02 5.118310e-01
530 3.362716e-03 1.135270e-01 5.099300e-01
531 3.669546e-03 9.124486e-02 5.237760e-01
532 3.354192e-03 8.593819e-02 5.259570e-01
533 3.239373e-03 3.423162e-02 5.165460e-01
534 3.611707e-03 1.149403e-01 5.075240e-01
535 2.912861e-03 1.934947e-01 5.023130e-01
536 2.702380e-03 7.225927e-02 5.038200e-01
537 3.883739e-03 4.371552e-01 5.202700e-01
538 5.588846e-03 4.390375e-01 5.038660e-01
539 3.760418e-03 3.271567e-01 5.077350e-01
540 3.761405e-03 2.627179e-04 5.199170e-01
541 3.520908e-03 6.393813e-02 5.137920e-01
542 2.680537e-03 2.386802e-01 5.125610e-01
543 2.971143e-03 1.084135e-01 5.191430e-01
544 4.226193e-03 4.224130e-01 5.121420e-01
545 6.580854e-03 5.571589e-01 5.104340e-01
546 2.837541e-03 5.688187e-01 5.094130e-01
547 3.662052e-03 2.905722e-01 5.185130e-01
548 3.271446e-03 1.066631e-01 5.434880e-01
549 2.867168e-03 1.235779e-01 5.136470e-01
550 3.993343e-03 3.927833e-01 5.201490e-01
551 3.076115e-03 2.296894e-01 5.429540e-01
552 4.164500e-03 3.538181e-01 5.417960e-01
553 2.791293e-03 3.297411e-01 5.300770e-01
554 2.445662e-03 1.238248e-01 5.195100e-01
555 2.648543e-03 8.295551e-02 5.098560e-01
556 3.005349e-03 1.347179e-01 5.043350e-01
557 2.196302e-03 2.692024e-01 5.014040e-01
558 2.848323e-03 2.968723e-01 5.025940e-01
559 2.319244e-03 1.857512e-01 5.036920e-01
560 2.376814e-03 2.482288e-02 5.034820e-01
561 2.448424e-03 3.012853e-02 4.968170e-01
562 2.344301e-03 4.252635e-02 4.879650e-01
563 2.632512e-03 1.229411e-01 5.216960e-01
564 2.188475e-03 1.686745e-01 4.996780e-01
565 2.357682e-03 7.731747e-02 4.941050e-01
566 2.066245e-03 1.236117e-01 4.894720e-01
567 2.325538e-03 1.254899e-01 5.065850e-01
568 1.979411e-03 1.488373e-01 5.193350e-01
569 1.421098e-03 2.820600e-01 5.024450e-01
570 2.060612e-03 4.500137e-01 5.200160e-01
571 1.627784e-03 2.100483e-01 5.250530e-01
572 1.797853e-03 1.044791e-01 5.467280e-01
573 1.412123e-03 2.145506e-01 5.080160e-01
574 1.453230e-03 2.911035e-02 5.232860e-01
575 1.445772e-03 5.132364e-03 5.202270e-01
576 1.291042e-03 1.070220e-01 5.175620e-01
577 1.243824e-03 3.657404e-02 5.205070e-01
578 1.656259e-03 3.315865e-01 5.434680e-01
579 1.353231e-03 1.829595e-01 5.378800e-01
580 1.014591e-03 2.502450e-01 5.694160e-01
581 9.083814e-04 1.046826e-01 5.502200e-01
582 1.080009e-03 1.889383e-01 5.364690e-01
583 1.039401e-03 3.760001e-02 5.020810e-01
584 8.808757e-04 1.525161e-01 5.002190e-01
585 7.911655e-04 1.018421e-01 4.978140e-01
586 9.703013e-04 2.264202e-01 5.240260e-01
587 7.224771e-04 2.554096e-01 5.125700e-01
588 9.918735e-04 3.728788e-01 4.976890e-01
589 8.975651e-04 9.508109e-02 4.996190e-01
590 8.949987e-04 2.859270e-03 5.138270e-01
591 1.013374e-03 1.322633e-01 5.003170e-01
592 7.873907e-04 2.230010e-01 5.039130e-01
593 1.008030e-03 2.802154e-01 5.001630e-01
594 9.030081e-04 1.041851e-01 5.080850e-01
595 8.318871e-04 7.876003e-02 4.997510e-01
596 7.973726e-04 4.148944e-02 4.979330e-01
597 8.038956e-04 8.180658e-03 4.895330e-01
598 6.976164e-04 1.322052e-01 4.967540e-01
599 9.008128e-04 2.912723e-01 4.797340e-01
600 8.495168e-04 5.694412e-02 5.854680e-01
601 7.305097e-04 1.400879e-01 6.621650e-01
602 4.961352e-04 3.208370e-01 5.178470e-01
603 8.357723e-04 6.845657e-01 5.257960e-01
604 6.513980e-04 2.206034e-01 5.017240e-01
605 6.342059e-04 2.639273e-02 5.041890e-01
606 7.431385e-04 1.717623e-01 4.762060e-01
607 7.495921e-04 8.684168e-03 5.001110e-01
608 5.453751e-04 2.724375e-01 5.001460e-01
609 6.679549e-04 2.247625e-01 5.166190e-01
610 8.599097e-04 2.873768e-01 5.056980e-01
611 6.512535e-04 2.426490e-01 5.015640e-01
612 5.540854e-04 1.492016e-01 5.003860e-01
613 6.283445e-04 1.340209e-01 5.098720e-01
614 5.027947e-04 1.998105e-01 5.095510e-01
615 5.742338e-04 1.420842e-01 5.025960e-01
616 7.346558e-04 2.793670e-01 4.977090e-01
617 5.002478e-04 3.190718e-01 5.017000e-01
618 4.248377e-04 1.507455e-01 4.999020e-01
619 5.347432e-04 2.586999e-01 5.003340e-01
620 4.936875e-04 7.677655e-02 5.060390e-01
621 4.776525e-04 3.247999e-02 5.102090e-01
622 3.982153e-04 1.663074e-01 5.050300e-01
623 3.283388e-04 1.754742e-01 5.022140e-01
624 4.525738e-04 3.783743e-01 4.901280e-01
625 3.558222e-04 2.137808e-01 5.080900e-01
626 4.581848e-04 2.876791e-01 5.095140e-01
627 4.608640e-04 5.847312e-03 5.000850e-01
628 4.084408e-04 1.137497e-01 5.002430e-01
629 3.706744e-04 9.246495e-02 5.041170e-01
630 3.932251e-04 6.083707e-02 5.093200e-01
631 4.368398e-04 1.109154e-01 4.962440e-01
632 4.729601e-04 8.268536e-02 4.944170e-01
633 7.564127e-04 5.993162e-01 5.137370e-01
634 6.423859e-04 1.507468e-01 5.300250e-01
635 6.573219e-04 2.325076e-02 5.032290e-01
636 6.113491e-04 6.993949e-02 5.320000e-01
637 6.160675e-04 7.717966e-03 5.082560e-01
638 5.656835e-04 8.178329e-02 5.038070e-01
639 5.995640e-04 5.989306e-02 4.958710e-01
640 5.742831e-04 4.216553e-02 4.996760e-01
641 5.913686e-04 2.975111e-02 5.101310e-01
642 5.804334e-04 1.849137e-02 5.158880e-01
643 5.767632e-04 6.323281e-03 4.841560e-01
644 5.659845e-04 1.868822e-02 5.121160e-01
645 5.746215e-04 1.526014e-02 5.259110e-01
646 5.746148e-04 1.160391e-05 4.995180e-01
647 5.627995e-04 2.056215e-02 4.958420e-01
648 5.421670e-04 3.666046e-02 5.025890e-01
649 5.570787e-04 2.750388e-02 5.095780e-01
650 5.550319e-04 3.674261e-03 4.958110e-01
651 5.499775e-04 9.106335e-03 4.919580e-01
652 5.059237e-04 8.010125e-02 4.924910e-01
653 4.605283e-04 8.972771e-02 4.999220e-01
654 4.423348e-04 3.950574e-02 4.913040e-01
655 4.519610e-04 2.176223e-02 4.959500e-01
656 4.368720e-04 3.338546e-02 5.000110e-01
657 4.484781e-04 2.656616e-02 5.039270e-01
658 4.497620e-04 2.862782e-03 4.962700e-01
659 4.293850e-04 4.530601e-02 4.997130e-01
660 4.245099e-04 1.135386e-02 4.905050e-01
661 4.273783e-04 6.756993e-03 4.931450e-01
662 4.323839e-04 1.171248e-02 4.987140e-01
663 4.323176e-04 1.533000e-04 4.977920e-01
664 4.327040e-04 8.937004e-04 4.913470e-01
665 4.252555e-04 1.721390e-02 5.019370e-01
666 4.394304e-04 3.333276e-02 4.947970e-01
667 4.210978e-04 4.171913e-02 4.923060e-01
668 4.312426e-04 2.409131e-02 4.938710e-01
669 4.217020e-04 2.212344e-02 5.057180e-01
670 4.250717e-04 7.990730e-03 5.019410e-01
671 4.156628e-04 2.213491e-02 4.948690e-01
672 4.049159e-04 2.585468e-02 4.834600e-01
673 3.961432e-04 2.166548e-02 4.882680e-01
674 3.970754e-04 2.353160e-03 5.013860e-01
675 4.047576e-04 1.934695e-02 5.566750e-01
676 4.052003e-04 1.093729e-03 5.573560e-01
677 4.017709e-04 8.463587e-03 5.523760e-01
678 4.039461e-04 5.414104e-03 5.001630e-01
679 4.116574e-04 1.908980e-02 4.891950e-01
680 4.101424e-04 3.680089e-03 5.025270e-01
681 3.980581e-04 2.946361e-02 5.133380e-01
682 3.905643e-04 1.882589e-02 5.122620e-01
683 4.009468e-04 2.658332e-02 5.054850e-01
684 3.978599e-04 7.699025e-03 5.101660e-01
685 3.874447e-04 2.617805e-02 5.079670e-01
686 3.859183e-04 3.939664e-03 4.900480e-01
687 3.876665e-04 4.529773e-03 5.079250e-01
688 3.880975e-04 1.111956e-03 5.159160e-01
689 3.834692e-04 1.192580e-02 5.041910e-01
690 3.896509e-04 1.612059e-02 4.821120e-01
691 3.841285e-04 1.417274e-02 4.915230e-01
692 3.853698e-04 3.231484e-03 4.958040e-01
693 3.803224e-04 1.309756e-02 5.139830e-01
694 3.825596e-04 5.882312e-03 5.046060e-01
695 3.753778e-04 1.877298e-02 4.994270e-01
696 3.846549e-04 2.471403e-02 5.282990e-01
697 3.751220e-04 2.478292e-02 5.392650e-01
698 3.711295e-04 1.064312e-02 5.504460e-01
699 3.699466e-04 3.187358e-03 5.082870e-01
700 3.767484e-04 1.838574e-02 5.154480e-01
701 4.215063e-04 1.188005e-01 5.123190e-01
702 4.639808e-04 1.007685e-01 5.201670e-01
703 4.523145e-04 2.514396e-02 5.096410e-01
704 2.758276e-04 3.901863e-01 5.033280e-01
705 2.617928e-04 5.088250e-02 4.962320e-01
706 2.308918e-04 1.180360e-01 5.099440e-01
707 2.049123e-04 1.125178e-01 5.039420e-01
708 1.680267e-04 1.800067e-01 5.138970e-01
709 8.010665e-05 5.232506e-01 5.301780e-01
710 7.007669e-05 1.252075e-01 5.158380e-01
711 6.946960e-05 8.663233e-03 5.037090e-01
712 5.966370e-05 1.411539e-01 4.958890e-01
713 4.963234e-05 1.681317e-01 4.988680e-01
714 4.946531e-05 3.365421e-03 4.958070e-01
715 4.495359e-05 9.120973e-02 5.079340e-01
716 4.457105e-05 8.509535e-03 4.958420e-01
717 3.130919e-05 2.975444e-01 5.058960e-01
718 3.892360e-05 2.432005e-01 4.856690e-01
719 3.808897e-05 2.144273e-02 5.016840e-01
720 3.178412e-05 1.655295e-01 4.846990e-01
721 2.470356e-05 2.227703e-01 5.020170e-01
722 2.736361e-05 1.076788e-01 5.135510e-01
723 2.447400e-05 1.056007e-01 5.182630e-01
724 2.055466e-05 1.601429e-01 5.336140e-01
725 2.233560e-05 8.664400e-02 5.176500e-01
726 2.183917e-05 2.222572e-02 5.199580e-01
727 1.872339e-05 1.426693e-01 5.102930e-01
728 2.128670e-05 1.369039e-01 5.239660e-01
729 1.583479e-05 2.561180e-01 5.102360e-01
730 1.948870e-05 2.307518e-01 5.455450e-01
731 1.502592e-05 2.289932e-01 5.236440e-01
732 1.559098e-05 3.760553e-02 5.442060e-01
733 1.517253e-05 2.683935e-02 5.178190e-01
734 1.613776e-05 6.361722e-02 4.960610e-01
735 1.332873e-05 1.740655e-01 5.203190e-01
736 1.647575e-05 2.361079e-01 5.235690e-01
737 1.844989e-05 1.198210e-01 5.217520e-01
738 1.582422e-05 1.423134e-01 5.242850e-01
739 1.520588e-05 3.907563e-02 5.143590e-01
740 1.595509e-05 4.927094e-02 4.933730e-01
741 1.048913e-05 3.425841e-01 5.105690e-01
742 1.460907e-05 3.927822e-01 4.919110e-01
743 9.512361e-06 3.488731e-01 5.036660e-01
744 1.342091e-05 4.108916e-01 4.895960e-01
745 1.244961e-05 7.237208e-02 4.980640e-01
746 1.264624e-05 1.579361e-02 4.978550e-01
747 1.033244e-05 1.829636e-01 5.004450e-01
748 1.315708e-05 2.733768e-01 5.017330e-01
749 8.747683e-06 3.351351e-01 4.936900e-01
750 1.059863e-05 2.115923e-01 5.019030e-01
751 8.884479e-06 1.617329e-01 5.020430e-01
752 1.004681e-05 1.308268e-01 5.100820e-01
753 8.649606e-06 1.390692e-01 5.097810e-01
754 8.399400e-06 2.892680e-02 5.061050e-01
755 7.180330e-06 1.451377e-01 4.905710e-01
756 8.495636e-06 1.831818e-01 5.113290e-01
757 7.778876e-06 8.436798e-02 4.998840e-01
758 6.805751e-06 1.250985e-01 4.919760e-01
759 6.098294e-06 1.039498e-01 5.022710e-01
760 5.987670e-06 1.814031e-02 5.081400e-01
761 7.348879e-06 2.273354e-01 5.000990e-01
762 7.053391e-06 4.020855e-02 4.850660e-01
763 5.555852e-06 2.123148e-01 5.026760e-01
764 9.827308e-06 7.688212e-01 5.196580e-01
765 7.221046e-06 2.652061e-01 4.915870e-01
766 5.319369e-06 2.633520e-01 5.221210e-01
767 4.688906e-06 1.185222e-01 5.140300e-01
768 6.178123e-06 3.176043e-01 5.105740e-01
769 4.266023e-06 3.094953e-01 5.136760e-01
770 4.896846e-06 1.478714e-01 5.335680e-01
771 4.460120e-06 8.918501e-02 5.477380e-01
772 5.813472e-06 3.034338e-01 5.520940e-01
773 5.730267e-06 1.431232e-02 5.100970e-01
774 4.887523e-06 1.470689e-01 5.039110e-01
775 5.126672e-06 4.893046e-02 5.005570e-01
776 6.801400e-06 3.266698e-01 4.794760e-01
777 5.508469e-06 1.900978e-01 4.980830e-01
778 5.820706e-06 5.668304e-02 4.900760e-01
779 4.158853e-06 2.855071e-01 4.998160e-01
780 5.107967e-06 2.282153e-01 5.102500e-01
781 5.260807e-06 2.992186e-02 4.997680e-01
782 5.548412e-06 5.466949e-02 4.915330e-01
783 3.980102e-06 2.826593e-01 5.060880e-01
784 3.551991e-06 1.075629e-01 5.038290e-01
785 4.402854e-06 2.395456e-01 5.002320e-01
786 4.580922e-06 4.044367e-02 5.041160e-01
787 3.612364e-06 2.114331e-01 5.055420e-01
788 3.966570e-06 9.805384e-02 4.882590e-01
789 4.254849e-06 7.267722e-02 4.875150e-01
790 2.804421e-06 3.408883e-01 4.881420e-01
791 3.737465e-06 3.327050e-01 5.002420e-01
792 4.177553e-06 1.177502e-01 4.838970e-01
793 4.371260e-06 4.636869e-02 4.982440e-01
794 3.380424e-06 2.266707e-01 5.217390e-01
795 3.065051e-06 9.329366e-02 5.036790e-01
796 4.159963e-06 3.572245e-01 5.163660e-01
797 4.378299e-06 5.248506e-02 5.336840e-01
798 2.891926e-06 3.394865e-01 5.498770e-01
799 3.128763e-06 8.189613e-02 5.053720e-01
800 3.901624e-06 2.470179e-01 4.847540e-01
801 2.709185e-06 3.056264e-01 4.937650e-01
802 2.813668e-06 3.856616e-02 4.739200e-01
803 3.426575e-06 2.178323e-01 5.013540e-01
804 2.441136e-06 2.875872e-01 4.899240e-01
805 2.259365e-06 7.446167e-02 5.265060e-01
806 2.988808e-06 3.228530e-01 5.118210e-01
807 2.247812e-06 2.479236e-01 5.121510e-01
808 2.257705e-06 4.401353e-03 5.116520e-01
809 2.866342e-06 2.695820e-01 5.233820e-01
810 2.313752e-06 1.927858e-01 5.027700e-01
811 2.508008e-06 8.395734e-02 5.531750e-01
812 2.901835e-06 1.570275e-01 5.237920e-01
813 2.378897e-06 1.802093e-01 5.204050e-01
814 1.947668e-06 1.812727e-01 5.217250e-01
815 2.076247e-06 6.601702e-02 5.138070e-01
816 2.512343e-06 2.100404e-01 5.125460e-01
817 3.066256e-06 2.204766e-01 5.140290e-01
818 2.012733e-06 3.435860e-01 5.036000e-01
819 2.112098e-06 4.936789e-02 5.040270e-01
820 2.789919e-06 3.209231e-01 5.059280e-01
821 1.901138e-06 3.185688e-01 5.059340e-01
822 2.331828e-06 2.265432e-01 5.063150e-01
823 2.450916e-06 5.107089e-02 5.092140e-01
824 1.999190e-06 1.843092e-01 5.180900e-01
825 1.859523e-06 6.986145e-02 5.037490e-01
826 2.426369e-06 3.048337e-01 4.958940e-01
827 1.478311e-06 3.907309e-01 5.003310e-01
828 1.593273e-06 7.776535e-02 5.004800e-01
829 2.154452e-06 3.522177e-01 4.991710e-01
830 1.697477e-06 2.121071e-01 5.263820e-01
831 2.036227e-06 1.995605e-01 4.978280e-01
832 2.125235e-06 4.371251e-02 5.259530e-01
833 1.698210e-06 2.009307e-01 5.277850e-01
834 1.706542e-06 4.906190e-03 5.278590e-01
835 2.127796e-06 2.468463e-01 5.193690e-01
836 1.414484e-06 3.352349e-01 5.082620e-01
837 1.842789e-06 3.027994e-01 4.916670e-01
838 1.969030e-06 6.850504e-02 4.960740e-01
839 1.636678e-06 1.687895e-01 4.856840e-01
840 1.520497e-06 7.098598e-02 4.762990e-01
841 1.962302e-06 2.905664e-01 4.684960e-01
842 1.387227e-06 2.930617e-01 4.732120e-01
843 1.373159e-06 1.014113e-02 4.780060e-01
844 1.764492e-06 2.849877e-01 4.625380e-01
845 1.317932e-06 2.530812e-01 4.618530e-01
846 1.245252e-06 5.514693e-02 4.857510e-01
847 1.667606e-06 3.391709e-01 4.783130e-01
848 1.352561e-06 1.889205e-01 4.751750e-01
849 1.328801e-06 1.756656e-02 4.518590e-01
850 1.155050e-06 1.307577e-01 4.563220e-01
851 1.290834e-06 1.175566e-01 4.718680e-01
852 1.506768e-06 1.672826e-01 4.685410e-01
853 1.624353e-06 7.803789e-02 4.970360e-01
854 1.408666e-06 1.327831e-01 4.985840e-01
855 1.328375e-06 5.699770e-02 5.042320e-01
856 1.612438e-06 2.138419e-01 4.991500e-01
857 1.170728e-06 2.739392e-01 4.860420e-01
858 1.399248e-06 1.951947e-01 4.798770e-01
859 1.506883e-06 7.692407e-02 4.925170e-01
860 1.261703e-06 1.627069e-01 4.798530e-01
861 1.287487e-06 2.043576e-02 4.813200e-01
862 1.472116e-06 1.434026e-01 4.806340e-01
863 1.230219e-06 1.643189e-01 5.001150e-01
864 1.211352e-06 1.533674e-02 4.797750e-01
865 1.166833e-06 3.675125e-02 5.142010e-01
866 1.068851e-06 8.397279e-02 5.219900e-01
867 1.390871e-06 3.012770e-01 5.796900e-01
868 1.308639e-06 5.912257e-02 5.540560e-01
869 1.155123e-06 1.173102e-01 4.958700e-01
870 1.125664e-06 2.550272e-02 4.778210e-01
871 6.724857e-07 4.025875e-01 5.041030e-01
872 1.160746e-06 7.260524e-01 5.102680e-01
873 1.168515e-06 6.693563e-03 5.136000e-01
874 5.769169e-07 5.062820e-01 5.178750e-01
875 1.366040e-06 1.367829e+00 5.147530e-01
876 1.030082e-06 2.459360e-01 5.073180e-01
877 1.297186e-06 2.593039e-01 5.218100e-01
878 9.198848e-07 2.908614e-01 5.103230e-01
879 9.471983e-07 2.969232e-02 5.103870e-01
880 1.168621e-06 2.337659e-01 5.054230e-01
881 8.731534e-07 2.528344e-01 4.857080e-01
882 9.737347e-07 1.151932e-01 5.067820e-01
883 1.171860e-06 2.034697e-01 4.898340e-01
884 1.059279e-06 9.607085e-02 4.857560e-01
885 1.003747e-06 5.242354e-02 4.842410e-01
886 1.161703e-06 1.573658e-01 4.818480e-01
887 7.280159e-07 3.733201e-01 4.916260e-01
888 8.312856e-07 1.418508e-01 4.917820e-01
889 8.180648e-07 1.590396e-02 4.965780e-01
890 9.729051e-07 1.892763e-01 5.151570e-01
891 6.656963e-07 3.157644e-01 5.264640e-01
892 8.940974e-07 3.431010e-01 5.178490e-01
893 9.751334e-07 9.063451e-02 5.038250e-01
894 9.782967e-07 3.243900e-03 5.301210e-01
895 8.200397e-07 1.617679e-01 5.413010e-01
896 7.514225e-07 8.367543e-02 5.498810e-01
897 7.456276e-07 7.711846e-03 5.482920e-01
898 9.332366e-07 2.516121e-01 4.980090e-01
899 7.847840e-07 1.590728e-01 4.881500e-01
900 6.010177e-07 2.341617e-01 4.855270e-01
901 8.318974e-07 3.841480e-01 4.737010e-01
902 8.419399e-07 1.207175e-02 4.824750e-01
903 4.891891e-07 4.189739e-01 4.993090e-01
904 6.512126e-07 3.312084e-01 4.720900e-01
905 8.501523e-07 3.054911e-01 4.838170e-01
906 7.916143e-07 6.885583e-02 4.863590e-01
907 7.400437e-07 6.514611e-02 4.954180e-01
908 6.777689e-07 8.415021e-02 4.860670e-01
909 7.802130e-07 1.511490e-01 4.964890e-01
910 5.490833e-07 2.962392e-01 4.932760e-01
911 5.869516e-07 6.896626e-02 5.199710e-01
912 7.127092e-07 2.142555e-01 4.979850e-01
913 5.813899e-07 1.842536e-01 4.944840e-01
914 6.596074e-07 1.345352e-01 4.740160e-01
915 6.083421e-07 7.772093e-02 4.713780e-01
916 7.594266e-07 2.483546e-01 4.719210e-01
917 6.575699e-07 1.341232e-01 4.643160e-01
918 5.626412e-07 1.443628e-01 4.813880e-01
919 5.879856e-07 4.504540e-02 5.018480e-01
920 6.303634e-07 7.207280e-02 4.824650e-01
921 3.282772e-07 4.792255e-01 5.024330e-01
922 4.879425e-07 4.863737e-01 4.861100e-01
923 5.380163e-07 1.026224e-01 4.978550e-01
924 4.621687e-07 1.409765e-01 4.928300e-01
925 4.788296e-07 3.604942e-02 4.772460e-01
926 4.607038e-07 3.785434e-02 4.761510e-01
927 5.585782e-07 2.124454e-01 4.880330e-01
928 4.655494e-07 1.665458e-01 5.037810e-01
929 3.862280e-07 1.703824e-01 4.744610e-01
930 5.417406e-07 4.026446e-01 4.977380e-01
931 5.373897e-07 8.031208e-03 4.780610e-01
932 4.327026e-07 1.948067e-01 4.755540e-01
933 4.086711e-07 5.553828e-02 4.882360e-01
934 4.276763e-07 4.650491e-02 5.017690e-01
935 5.279466e-07 2.344539e-01 5.132400e-01
936 4.315806e-07 1.825299e-01 4.917580e-01
937 3.702427e-07 1.421238e-01 4.937370e-01
938 5.503089e-07 4.863463e-01 4.901650e-01
939 5.038883e-07 8.435379e-02 5.062260e-01
940 5.174256e-07 2.686568e-02 4.960160e-01
941 3.327422e-07 3.569274e-01 4.941730e-01
942 3.491279e-07 4.924422e-02 4.979460e-01
943 4.398604e-07 2.598834e-01 4.770620e-01
944 4.802390e-07 9.179861e-02 4.668390e-01
945 3.460802e-07 2.793584e-01 4.612420e-01
946 5.426889e-07 5.681016e-01 4.504280e-01
947 4.964651e-07 8.517555e-02 4.641720e-01
948 3.357657e-07 3.236871e-01 4.772150e-01
949 3.439288e-07 2.431187e-02 4.743770e-01
950 3.571340e-07 3.839503e-02 4.675270e-01
951 3.991058e-07 1.175241e-01 4.760670e-01
952 3.204561e-07 1.970647e-01 4.783340e-01
953 3.242888e-07 1.196009e-02 4.861560e-01
954 3.245137e-07 6.936069e-04 4.819200e-01
955 3.964613e-07 2.217089e-01 4.714880e-01
956 2.113499e-07 4.669091e-01 4.979800e-01
957 4.713090e-07 1.229994e+00 4.878630e-01
958 3.307207e-07 2.982933e-01 4.755780e-01
959 2.962182e-07 1.043251e-01 4.727620e-01
960 2.868567e-07 3.160367e-02 5.280310e-01
961 4.183006e-07 4.582217e-01 5.013990e-01
962 2.855549e-07 3.173452e-01 5.057270e-01
963 2.824476e-07 1.088167e-02 5.266780e-01
964 2.782424e-07 1.488828e-02 4.857450e-01
965 3.395189e-07 2.202268e-01 4.932740e-01
966 1.963695e-07 4.216242e-01 4.970500e-01
967 2.896527e-07 4.750389e-01 4.954500e-01
968 3.223916e-07 1.130282e-01 4.959740e-01
969 2.186456e-07 3.218011e-01 4.978080e-01
970 2.834710e-07 2.964862e-01 5.019120e-01
971 3.016182e-07 6.401762e-02 4.778940e-01
972 3.323887e-07 1.020181e-01 5.054900e-01
973 1.865695e-07 4.387007e-01 4.744230e-01
974 3.460025e-07 8.545502e-01 4.700590e-01
975 3.398268e-07 1.784873e-02 4.672190e-01
976 2.236762e-07 3.417937e-01 4.686720e-01
977 2.683714e-07 1.998213e-01 4.701440e-01
978 2.701387e-07 6.585439e-03 4.757850e-01
979 2.352223e-07 1.292536e-01 4.871330e-01
980 2.359197e-07 2.964751e-03 5.022600e-01
981 2.073687e-07 1.210199e-01 4.860600e-01
982 2.847499e-07 3.731576e-01 4.999100e-01
983 2.326294e-07 1.830396e-01 4.880090e-01
984 1.931007e-07 1.699213e-01 4.996580e-01
985 2.721573e-07 4.094058e-01 4.965500e-01
986 2.028113e-07 2.548010e-01 4.981120e-01
987 2.510213e-07 2.377085e-01 4.980850e-01
988 2.529935e-07 7.856443e-03 4.920920e-01
989 1.145003e-07 5.474180e-01 4.966870e-01
990 1.906557e-07 6.651113e-01 4.956410e-01
991 2.106297e-07 1.047649e-01 4.940400e-01
992 2.218706e-07 5.336796e-02 5.001980e-01
993 1.552733e-07 3.001630e-01 5.076020e-01
994 2.087396e-07 3.443372e-01 4.954320e-01
995 2.171030e-07 4.006634e-02 4.844790e-01
996 1.738366e-07 1.992897e-01 5.299320e-01
997 2.635888e-07 5.163015e-01 5.035010e-01
998 2.299297e-07 1.276953e-01 4.956860e-01
999 1.869708e-07 1.868350e-01 5.804580e-01
1000 2.108353e-07 1.276375e-01 4.979590e-01
1001 2.029078e-07 3.760050e-02 5.041010e-01
1002 2.447791e-07 2.063562e-01 5.033320e-01
1003 1.882780e-07 2.308247e-01 5.024940e-01
1004 1.817002e-07 3.493659e-02 5.080090e-01
1005 2.007752e-07 1.049806e-01 5.031000e-01
1006 1.240636e-07 3.820772e-01 4.881630e-01
1007 1.541516e-07 2.425208e-01 4.860570e-01
1008 1.831346e-07 1.880162e-01 5.003310e-01
1009 2.283212e-07 2.467400e-01 5.376060e-01
1010 1.520239e-07 3.341665e-01 5.077100e-01
1011 1.170668e-07 2.299447e-01 5.178680e-01
1012 2.486560e-07 1.124052e+00 5.245500e-01
1013 2.084699e-07 1.616136e-01 5.151060e-01
1014 1.536389e-07 2.630160e-01 4.888400e-01
1015 1.341699e-07 1.267196e-01 4.897720e-01
1016 1.483961e-07 1.060315e-01 4.957770e-01
1017 1.802051e-07 2.143519e-01 4.719740e-01
1018 1.370591e-07 2.394272e-01 4.678000e-01
1019 1.366405e-07 3.054427e-03 4.621010e-01
1020 1.453397e-07 6.366536e-02 4.641210e-01
1021 1.641598e-07 1.294901e-01 4.682840e-01
1022 8.887055e-08 4.586338e-01 4.777010e-01
1023 1.249103e-07 4.055304e-01 4.636430e-01
1024 1.332823e-07 6.702454e-02 4.759470e-01
1025 1.331621e-07 9.021638e-04 4.998220e-01
1026 1.077036e-07 1.911842e-01 5.046330e-01
1027 1.282074e-07 1.903730e-01 4.955510e-01
1028 1.295961e-07 1.083118e-02 4.935750e-01
1029 7.651598e-08 4.095811e-01 4.802790e-01
1030 1.238883e-07 6.191168e-01 4.703830e-01
1031 1.278077e-07 3.163640e-02 4.831110e-01
1032 1.509145e-07 1.807933e-01 4.803050e-01
1033 1.033112e-07 3.154323e-01 4.901860e-01
1034 1.118438e-07 8.259156e-02 4.954720e-01
1035 1.332943e-07 1.917895e-01 5.167720e-01
1036 1.215069e-07 8.843137e-02 4.797660e-01
1037 1.169633e-07 3.739363e-02 4.877890e-01
1038 1.296205e-07 1.082152e-01 4.680920e-01
1039 1.051458e-07 1.888182e-01 4.641080e-01
1040 1.009768e-07 3.964956e-02 4.712040e-01
1041 1.925203e-07 9.065795e-01 4.739300e-01
1042 1.468081e-07 2.374410e-01 4.646520e-01
1043 1.102375e-07 2.491044e-01 4.658760e-01
1044 1.062729e-07 3.596435e-02 4.496310e-01
1045 1.141588e-07 7.420417e-02 4.601200e-01
1046 1.037857e-07 9.086526e-02 4.495260e-01
1047 1.042581e-07 4.551237e-03 4.502510e-01
1048 1.265668e-07 2.139761e-01 4.421450e-01
1049 9.286396e-08 2.662852e-01 4.459100e-01
1050 1.178687e-07 2.692624e-01 4.635530e-01
1051 8.534817e-08 2.759049e-01 4.563260e-01
1052 8.189538e-08 4.045537e-02 4.475880e-01
1053 1.605283e-07 9.601625e-01 4.584300e-01
1054 1.307405e-07 1.855606e-01 5.016210e-01
1055 7.704400e-08 4.107107e-01 5.340930e-01
1056 8.970923e-08 1.643896e-01 5.302070e-01
1057 1.113438e-07 2.411629e-01 5.550280e-01
1058 5.384830e-08 5.163780e-01 5.200620e-01
1059 1.114694e-07 1.070063e+00 5.056240e-01
1060 6.866721e-08 3.839814e-01 4.621580e-01
1061 5.606633e-08 1.835065e-01 4.600640e-01
1062 6.453917e-08 1.511217e-01 4.754530e-01
1063 7.719378e-08 1.960764e-01 4.681550e-01
1064 7.297056e-08 5.470932e-02 4.716080e-01
1065 6.659462e-08 8.737693e-02 4.704070e-01
1066 7.584734e-08 1.389409e-01 4.683570e-01
1067 6.614010e-08 1.279839e-01 4.657110e-01
1068 7.609575e-08 1.505235e-01 4.542140e-01
1069 6.935254e-08 8.861471e-02 4.580090e-01
1070 7.157497e-08 3.204537e-02 4.592160e-01
1071 7.486335e-08 4.594312e-02 4.724230e-01
1072 5.768236e-08 2.294979e-01 4.638910e-01
1073 6.618475e-08 1.474001e-01 4.697710e-01
1074 7.395517e-08 1.174050e-01 4.805390e-01
1075 6.888521e-08 6.855446e-02 4.872940e-01
1076 7.638135e-08 1.088207e-01 4.860320e-01
1077 7.917612e-08 3.658971e-02 4.821080e-01
1078 5.605228e-08 2.920557e-01 4.734890e-01
1079 6.867902e-08 2.252670e-01 4.761550e-01
1080 4.877304e-08 2.898407e-01 4.664960e-01
1081 5.745533e-08 1.780140e-01 4.578460e-01
1082 6.970383e-08 2.131831e-01 4.653770e-01
1083 8.665342e-08 2.431658e-01 4.921650e-01
1084 8.285819e-08 4.379784e-02 4.819500e-01
1085 7.993778e-08 3.524582e-02 4.802790e-01
1086 6.581984e-08 1.766117e-01 4.778750e-01
1087 7.761951e-08 1.792723e-01 4.802190e-01
1088 6.265547e-08 1.927870e-01 4.837670e-01
1089 6.263534e-08 3.212703e-04 4.718330e-01
1090 6.348982e-08 1.364214e-02 4.737990e-01
1091 6.129269e-08 3.460616e-02 5.141790e-01
1092 5.809363e-08 5.219306e-02 4.839720e-01
1093 5.286924e-08 8.993057e-02 4.740720e-01
1094 5.042146e-08 4.629867e-02 4.862420e-01
1095 4.479664e-08 1.115562e-01 4.635430e-01
1096 5.433246e-08 2.128691e-01 4.702220e-01
1097 6.030907e-08 1.100007e-01 4.578680e-01
1098 5.746649e-08 4.713349e-02 4.902350e-01
1099 6.612605e-08 1.506889e-01 5.130370e-01
1100 4.866366e-08 2.640773e-01 5.666940e-01
1101 5.645367e-08 1.600785e-01 4.980840e-01
1102 5.672475e-08 4.801795e-03 4.857160e-01
1103 4.772509e-08 1.586548e-01 4.861120e-01
1104 5.146841e-08 7.843494e-02 4.913890e-01
1105 5.165108e-08 3.549202e-03 4.743320e-01
1106 4.363589e-08 1.551795e-01 4.661680e-01
1107 5.081026e-08 1.644144e-01 4.640630e-01
1108 2.856788e-08 4.377537e-01 4.695460e-01
1109 5.498042e-08 9.245536e-01 4.637170e-01
1110 3.747420e-08 3.184083e-01 4.643240e-01
1111 4.528197e-08 2.083506e-01 4.717500e-01
1112 4.401845e-08 2.790337e-02 4.763240e-01
1113 4.210639e-08 4.343780e-02 4.799420e-01
1114 4.718844e-08 1.206956e-01 4.617540e-01
1115 3.840002e-08 1.862411e-01 4.516770e-01
1116 3.224026e-08 1.604104e-01 4.423120e-01
1117 3.751363e-08 1.635650e-01 4.440760e-01
1118 4.393791e-08 1.712517e-01 4.492550e-01
1119 5.042575e-08 1.476594e-01 4.487490e-01
1120 4.574829e-08 9.275944e-02 4.512900e-01
1121 5.714413e-08 2.490987e-01 4.559360e-01
1122 5.118396e-08 1.043007e-01 4.898550e-01
1123 3.786465e-08 2.602242e-01 4.660070e-01
1124 3.070742e-08 1.890215e-01 4.602910e-01
1125 4.514328e-08 4.701099e-01 4.803790e-01
1126 3.687099e-08 1.832451e-01 5.529600e-01
1127 3.732681e-08 1.236241e-02 5.096320e-01
1128 3.799991e-08 1.803275e-02 5.042830e-01
1129 3.597638e-08 5.325102e-02 5.062030e-01
1130 4.115471e-08 1.439368e-01 4.796030e-01
1131 3.569079e-08 1.327654e-01 4.861410e-01
1132 3.502215e-08 1.873404e-02 4.802410e-01
1133 4.080409e-08 1.650937e-01 4.777310e-01
1134 4.058064e-08 5.476260e-03 5.060840e-01
1135 3.874883e-08 4.513999e-02 4.773650e-01
1136 2.723076e-08 2.972494e-01 4.778880e-01
1137 3.179682e-08 1.676803e-01 5.002160e-01
1138 3.498666e-08 1.003193e-01 4.825740e-01
1139 3.691148e-08 5.501603e-02 4.758920e-01
1140 2.739390e-08 2.578489e-01 4.690970e-01
1141 2.492923e-08 8.997160e-02 4.642250e-01
1142 3.276370e-08 3.142686e-01 4.782790e-01
1143 1.936988e-08 4.088007e-01 4.773810e-01
1144 2.826661e-08 4.593076e-01 4.860010e-01
1145 2.654079e-08 6.105486e-02 4.763850e-01
1146 3.082984e-08 1.616019e-01 4.859600e-01
1147 2.859465e-08 7.250091e-02 4.695700e-01
1148 2.566748e-08 1.023676e-01 5.000880e-01
1149 2.937586e-08 1.444779e-01 5.094860e-01
1150 2.447632e-08 1.667882e-01 5.416550e-01
1151 2.740606e-08 1.196969e-01 4.761200e-01
1152 3.044345e-08 1.108294e-01 4.677390e-01
1153 2.364499e-08 2.233143e-01 4.704220e-01
1154 3.271317e-08 3.835135e-01 4.835670e-01
1155 3.013849e-08 7.870473e-02 4.761220e-01
1156 2.394064e-08 2.056454e-01 4.721020e-01
1157 2.101224e-08 1.223194e-01 4.761690e-01
1158 2.248237e-08 6.996547e-02 4.856090e-01
1159 3.237795e-08 4.401486e-01 4.977200e-01
1160 2.048390e-08 3.673505e-01 4.887440e-01
1161 2.618307e-08 2.782271e-01 4.801470e-01
1162 2.225188e-08 1.501425e-01 4.844940e-01
1163 2.024248e-08 9.030244e-02 4.855830e-01
1164 1.925797e-08 4.863593e-02 4.796460e-01
1165 2.502339e-08 2.993786e-01 4.807440e-01
1166 1.578201e-08 3.693098e-01 4.759710e-01
1167 2.012338e-08 2.750839e-01 4.815650e-01
1168 2.054545e-08 2.097415e-02 4.662790e-01
1169 2.247196e-08 9.376791e-02 4.660810e-01
1170 1.977385e-08 1.200655e-01 4.734180e-01
1171 2.995500e-08 5.148791e-01 4.784330e-01
1172 1.992533e-08 3.348246e-01 4.738540e-01
1173 2.363044e-08 1.859499e-01 4.752230e-01
1174 1.757649e-08 2.561929e-01 4.681690e-01
1175 2.349598e-08 3.367846e-01 4.800570e-01
1176 1.645092e-08 2.998408e-01 4.783680e-01
1177 1.877253e-08 1.411234e-01 4.697530e-01
1178 1.859808e-08 9.293311e-03 4.743340e-01
1179 1.613936e-08 1.322027e-01 5.017940e-01
1180 1.487611e-08 7.827116e-02 4.777090e-01
1181 1.834030e-08 2.328693e-01 4.762720e-01
1182 1.585163e-08 1.356943e-01 4.712420e-01
1183 1.527661e-08 3.627495e-02 4.698310e-01
1184 1.823086e-08 1.933838e-01 4.688090e-01
1185 1.899047e-08 4.166598e-02 4.774990e-01
1186 1.359916e-08 2.838953e-01 4.761630e-01
1187 1.601608e-08 1.777256e-01 4.781880e-01
1188 1.700726e-08 6.188641e-02 4.718130e-01
1189 1.725483e-08 1.455641e-02 4.757470e-01
1190 1.576921e-08 8.609849e-02 4.736170e-01
1191 2.079887e-08 3.189543e-01 4.724310e-01
1192 1.914824e-08 7.936165e-02 5.215530e-01
1193 1.273394e-08 3.349812e-01 5.443970e-01
1194 1.987377e-08 5.606935e-01 5.138180e-01
1195 1.171800e-08 4.103789e-01 5.000580e-01
1196 9.797892e-09 1.638595e-01 5.092490e-01
1197 1.665741e-08 7.001013e-01 5.027440e-01
1198 1.424764e-08 1.446664e-01 4.999700e-01
1199 1.268932e-08 1.093741e-01 5.112310e-01
1200 1.114829e-08 1.214432e-01 5.516920e-01
1201 1.403315e-08 2.587717e-01 5.855700e-01
1202 1.102325e-08 2.144852e-01 5.127620e-01
1203 1.348276e-08 2.231210e-01 5.138650e-01
1204 1.132883e-08 1.597548e-01 4.995740e-01
1205 1.077891e-08 4.854186e-02 5.019300e-01
1206 9.863757e-09 8.490183e-02 4.923550e-01
1207 1.269129e-08 2.866590e-01 5.135680e-01
1208 1.412117e-08 1.126665e-01 4.701220e-01
1209 1.259523e-08 1.080606e-01 4.716980e-01
1210 8.698481e-09 3.093830e-01 4.833490e-01
1211 1.134846e-08 3.046486e-01 4.898910e-01
1212 1.270243e-08 1.193088e-01 4.978450e-01
1213 9.110419e-09 2.827815e-01 4.682880e-01
1214 1.027800e-08 1.281593e-01 5.169660e-01
1215 1.031120e-08 3.229551e-03 5.122530e-01
1216 1.125923e-08 9.194196e-02 5.263110e-01
1217 8.806065e-09 2.178803e-01 5.080530e-01
1218 1.007129e-08 1.436769e-01 5.198680e-01
1219 1.429599e-08 4.194796e-01 5.274170e-01
1220 9.721925e-09 3.199546e-01 5.364410e-01
1221 1.197419e-08 2.316689e-01 5.032910e-01
1222 7.677312e-09 3.588451e-01 4.844300e-01
1223 1.397446e-08 8.202281e-01 4.979940e-01
1224 8.888108e-09 3.639748e-01 4.654960e-01
1225 1.045261e-08 1.760217e-01 4.866750e-01
1226 8.490781e-09 1.876878e-01 4.840020e-01
1227 1.055606e-08 2.432375e-01 5.257690e-01
1228 9.902201e-09 6.194138e-02 5.195860e-01
1229 1.263938e-08 2.764209e-01 5.241040e-01
1230 9.177463e-09 2.738991e-01 5.242220e-01
1231 9.921968e-09 8.112328e-02 5.113050e-01
1232 8.863462e-09 1.066831e-01 4.858780e-01
1233 8.193396e-09 7.559873e-02 5.160390e-01
1234 6.042467e-09 2.625198e-01 4.945830e-01
1235 6.776198e-09 1.214290e-01 4.872860e-01
1236 9.471427e-09 3.977494e-01 5.041800e-01
1237 8.683107e-09 8.323135e-02 4.995960e-01
1238 1.012424e-08 1.659693e-01 4.827540e-01
1239 9.247756e-09 8.657248e-02 5.476190e-01
1240 1.270614e-08 3.739699e-01 5.072790e-01
1241 7.538572e-09 4.066985e-01 5.879020e-01
1242 6.658141e-09 1.167901e-01 5.720060e-01
1243 7.197120e-09 8.095045e-02 5.759520e-01
1244 8.259907e-09 1.476683e-01 5.411260e-01
1245 8.459345e-09 2.414530e-02 5.703920e-01
1246 6.908417e-09 1.833390e-01 5.499930e-01
1247 6.329063e-09 8.386200e-02 5.360360e-01
1248 8.005055e-09 2.648089e-01 5.557190e-01
1249 7.189084e-09 1.019320e-01 5.298290e-01
1250 9.814751e-09 3.652297e-01 5.039250e-01
1251 8.249754e-09 1.594535e-01 5.334970e-01
1252 6.375600e-09 2.271769e-01 4.620840e-01
1253 6.487845e-09 1.760526e-02 4.974400e-01
1254 6.538838e-09 7.859842e-03 4.780240e-01
1255 7.588796e-09 1.605726e-01 4.624600e-01
1256 6.116925e-09 1.939532e-01 4.772210e-01
1257 6.627513e-09 8.347137e-02 4.906780e-01
1258 5.981119e-09 9.753190e-02 4.835470e-01
1259 4.400823e-09 2.642142e-01 4.843640e-01
1260 6.888967e-09 5.653816e-01 5.097460e-01
1261 7.660889e-09 1.120519e-01 5.179910e-01
1262 6.951149e-09 9.264458e-02 5.072130e-01
1263 6.974976e-09 3.427818e-03 4.821540e-01
1264 4.523631e-09 3.514486e-01 4.898690e-01
1265 4.855995e-09 7.347285e-02 5.279750e-01
1266 5.511053e-09 1.348967e-01 5.076300e-01
1267 5.676807e-09 3.007664e-02 5.116760e-01
1268 4.786407e-09 1.568487e-01 5.202220e-01
1269 4.961777e-09 3.663916e-02 4.918370e-01
1270 4.391568e-09 1.149203e-01 4.960130e-01
1271 5.243623e-09 1.940207e-01 5.117050e-01
1272 5.528063e-09 5.424494e-02 5.056830e-01
1273 6.625404e-09 1.985037e-01 5.003060e-01
1274 5.299878e-09 2.000672e-01 5.035550e-01
1275 4.912249e-09 7.313916e-02 4.764630e-01
1276 4.338940e-09 1.167102e-01 4.555690e-01
1277 3.400357e-09 2.163161e-01 4.583830e-01
1278 4.832276e-09 4.211086e-01 4.640610e-01
1279 4.757044e-09 1.556884e-02 4.604210e-01
1280 5.175018e-09 8.786428e-02 4.600390e-01
1281 4.772712e-09 7.773989e-02 5.117940e-01
1282 4.637653e-09 2.829832e-02 4.636840e-01
1283 2.666299e-09 4.250757e-01 4.718820e-01
1284 3.677268e-09 3.791654e-01 4.680920e-01
1285 3.891836e-09 5.835003e-02 4.838990e-01
1286 3.864319e-09 7.070638e-03 4.703140e-01
1287 5.425597e-09 4.040243e-01 4.739850e-01
1288 3.727920e-09 3.129014e-01 4.697020e-01
1289 4.435540e-09 1.898163e-01 5.019520e-01
1290 3.068643e-09 3.081692e-01 4.976420e-01
1291 3.737953e-09 2.181125e-01 4.927550e-01
1292 4.162832e-09 1.136662e-01 4.875960e-01
1293 3.365915e-09 1.914362e-01 4.840620e-01
1294 4.247233e-09 2.618361e-01 4.816290e-01
1295 3.707564e-09 1.270637e-01 4.760610e-01
1296 4.145789e-09 1.181976e-01 4.719690e-01
1297 2.284705e-09 4.489094e-01 4.721610e-01
1298 4.885311e-09 1.138267e+00 4.678050e-01
1299 2.932434e-09 3.997447e-01 4.979860e-01
1300 3.498300e-09 1.929680e-01 5.034730e-01
1301 3.846345e-09 9.948974e-02 5.227780e-01
1302 3.870329e-09 6.235656e-03 4.756490e-01
1303 3.666558e-09 5.264950e-02 4.662400e-01
1304 4.184366e-09 1.412245e-01 4.656300e-01
1305 2.358167e-09 4.364338e-01 4.660480e-01
1306 3.106022e-09 3.171339e-01 4.776270e-01
1307 3.060332e-09 1.471035e-02 4.683800e-01
1308 4.067306e-09 3.290411e-01 4.641190e-01
1309 2.787655e-09 3.146188e-01 4.773890e-01
1310 3.136701e-09 1.252112e-01 4.657610e-01
1311 3.182707e-09 1.466707e-02 4.723570e-01
1312 2.843593e-09 1.065490e-01 4.636500e-01
1313 2.974872e-09 4.616655e-02 4.564580e-01
1314 3.370890e-09 1.331212e-01 4.778480e-01
1315 3.253487e-09 3.482851e-02 4.758730e-01
1316 2.685207e-09 1.746680e-01 4.775020e-01
1317 2.452522e-09 8.665444e-02 4.765310e-01
1318 4.726013e-09 9.270015e-01 4.715420e-01
1319 3.062218e-09 3.520504e-01 4.756260e-01
1320 3.168486e-09 3.470276e-02 4.684500e-01
1321 4.083892e-09 2.889096e-01 4.738420e-01
1322 2.130727e-09 4.782608e-01 4.698680e-01
1323 4.189590e-09 9.662727e-01 4.738760e-01
1324 3.048974e-09 2.722500e-01 4.622540e-01
1325 1.558434e-09 4.888661e-01 4.741290e-01
1326 3.113828e-09 9.980494e-01 4.730930e-01
1327 2.561371e-09 1.774204e-01 4.681380e-01
1328 1.433000e-09 4.405339e-01 4.584200e-01
1329 2.440949e-09 7.033830e-01 4.696510e-01
1330 1.301751e-09 4.667027e-01 4.701290e-01
1331 3.506930e-09 1.694009e+00 4.555410e-01
1332 2.240873e-09 3.610158e-01 4.606930e-01
1333 1.722817e-09 2.311848e-01 4.697960e-01
1334 2.720856e-09 5.793063e-01 4.979350e-01
1335 2.577069e-09 5.284623e-02 5.294920e-01
1336 2.932911e-09 1.380802e-01 5.304460e-01
1337 2.419247e-09 1.751379e-01 5.077890e-01
1338 1.686285e-09 3.029714e-01 5.061300e-01
1339 2.335547e-09 3.850250e-01 4.679500e-01
1340 2.372932e-09 1.600705e-02 4.618260e-01
1341 2.100504e-09 1.148064e-01 4.616720e-01
1342 2.570884e-09 2.239368e-01 4.676610e-01
1343 2.128654e-09 1.720149e-01 4.622580e-01
1344 2.498409e-09 1.737037e-01 4.615930e-01
1345 2.262459e-09 9.444021e-02 4.685650e-01
1346 2.427331e-09 7.287289e-02 4.714740e-01
1347 2.070042e-09 1.471942e-01 4.658730e-01
1348 1.987534e-09 3.985787e-02 4.745590e-01
1349 1.501373e-09 2.446052e-01 4.736460e-01
1350 1.823275e-09 2.144053e-01 4.758140e-01
1351 2.430767e-09 3.331869e-01 4.802990e-01
1352 2.040427e-09 1.605829e-01 4.835280e-01
1353 1.614615e-09 2.086878e-01 4.720020e-01
1354 2.019830e-09 2.509668e-01 4.803230e-01
1355 1.647414e-09 1.843799e-01 4.738190e-01
1356 1.122100e-09 3.188719e-01 4.643980e-01
1357 1.204591e-09 7.351477e-02 4.678570e-01
1358 1.605774e-09 3.330453e-01 4.594130e-01
1359 1.325122e-09 1.747768e-01 4.620080e-01
1360 1.430905e-09 7.982900e-02 4.620170e-01
1361 1.539298e-09 7.575125e-02 4.564220e-01
1362 1.374245e-09 1.072264e-01 4.637110e-01
1363 1.992187e-09 4.496593e-01 4.617320e-01
1364 1.197074e-09 3.991157e-01 4.724090e-01
1365 2.194576e-09 8.332839e-01 4.832890e-01
1366 2.146250e-09 2.202066e-02 4.740390e-01
1367 1.361080e-09 3.658334e-01 4.822240e-01
1368 1.784142e-09 3.108284e-01 4.778000e-01
1369 1.671560e-09 6.310169e-02 4.742080e-01
1370 1.502737e-09 1.009970e-01 4.732800e-01
1371 1.664031e-09 1.073337e-01 4.745130e-01
1372 1.930388e-09 1.600671e-01 5.012590e-01
1373 1.156595e-09 4.008484e-01 4.681470e-01
1374 1.526073e-09 3.194527e-01 4.701070e-01
1375 1.669626e-09 9.406714e-02 4.802020e-01
1376 1.666473e-09 1.888201e-03 4.719190e-01
1377 1.169043e-09 2.984927e-01 4.736160e-01
1378 1.503297e-09 2.859206e-01 4.744070e-01
1379 1.172666e-09 2.199370e-01 4.675050e-01
1380 1.337898e-09 1.409027e-01 4.683600e-01
1381 1.287395e-09 3.774764e-02 4.679330e-01
1382 1.154172e-09 1.034833e-01 4.620730e-01
1383 1.131417e-09 1.971517e-02 4.760780e-01
1384 1.191220e-09 5.285668e-02 4.670830e-01
1385 1.117299e-09 6.205477e-02 4.764410e-01
1386 1.193915e-09 6.857226e-02 4.615090e-01
1387 8.644186e-10 2.759795e-01 4.736770e-01
1388 1.590879e-09 8.404037e-01 4.861600e-01
1389 1.222149e-09 2.317774e-01 4.597190e-01
1390 1.150178e-09 5.888886e-02 4.557010e-01
1391 1.053484e-09 8.406936e-02 4.643430e-01
1392 7.853207e-10 2.545487e-01 4.739950e-01
1393 1.383987e-09 7.623207e-01 4.714720e-01
1394 9.066283e-10 3.449155e-01 4.668580e-01
1395 1.015363e-09 1.199328e-01 4.677920e-01
1396 9.707836e-10 4.390473e-02 4.819220e-01
1397 8.439269e-10 1.306745e-01 5.017660e-01
1398 1.090506e-09 2.921804e-01 5.634460e-01
1399 8.656872e-10 2.061599e-01 4.761060e-01
1400 1.060013e-09 2.244752e-01 4.438640e-01
1401 1.022935e-09 3.497873e-02 4.415670e-01
1402 1.229407e-09 2.018431e-01 4.425650e-01
1403 9.697969e-10 2.111669e-01 4.442300e-01
1404 9.207365e-10 5.058835e-02 4.476140e-01
1405 7.582136e-10 1.765140e-01 4.623080e-01
1406 8.831900e-10 1.648300e-01 4.611010e-01
1407 9.300015e-10 5.300282e-02 4.578360e-01
1408 8.497902e-10 8.624855e-02 4.625870e-01
1409 7.854836e-10 7.567358e-02 4.634630e-01
1410 7.733899e-10 1.539645e-02 4.698960e-01
1411 9.667707e-10 2.500430e-01 4.681030e-01
1412 6.310953e-10 3.472130e-01 4.765600e-01
1413 7.194146e-10 1.399461e-01 4.676600e-01
1414 7.846337e-10 9.065572e-02 4.820870e-01
1415 8.082978e-10 3.015939e-02 4.732970e-01
1416 8.285357e-10 2.503771e-02 4.677060e-01
1417 7.827452e-10 5.526676e-02 4.667500e-01
1418 7.581752e-10 3.138954e-02 4.819380e-01
1419 5.955576e-10 2.144855e-01 4.736760e-01
1420 1.078715e-09 8.112682e-01 4.739320e-01
1421 8.426865e-10 2.188050e-01 4.759250e-01
1422 6.771917e-10 1.963894e-01 4.720600e-01
1423 8.081287e-10 1.933528e-01 4.777770e-01
1424 7.721030e-10 4.457907e-02 4.701500e-01
1425 7.715418e-10 7.268690e-04 4.716140e-01
1426 7.551166e-10 2.128879e-02 4.702130e-01
1427 8.058231e-10 6.715047e-02 5.081080e-01
1428 7.006179e-10 1.305562e-01 4.960710e-01
1429 7.453975e-10 6.391447e-02 5.232510e-01
1430 5.022611e-10 3.261835e-01 4.752680e-01
1431 6.581058e-10 3.102862e-01 4.766320e-01
1432 5.702329e-10 1.335240e-01 4.655800e-01
1433 6.345318e-10 1.127590e-01 4.804080e-01
1434 5.461825e-10 1.392353e-01 4.863870e-01
1435 5.522609e-10 1.112881e-02 4.876440e-01
1436 7.485460e-10 3.554210e-01 4.806890e-01
1437 5.294808e-10 2.926543e-01 4.740580e-01
1438 6.336923e-10 1.968183e-01 4.719000e-01
1439 4.045386e-10 3.616167e-01 4.754110e-01
1440 7.294360e-10 8.031306e-01 4.716790e-01
1441 4.337992e-10 4.052950e-01 4.645500e-01
1442 5.722367e-10 3.191280e-01 4.656110e-01
1443 5.930973e-10 3.645458e-02 4.683690e-01
1444 5.869457e-10 1.037205e-02 4.573700e-01
1445 7.799907e-10 3.288976e-01 4.525560e-01
1446 3.555033e-10 5.442211e-01 4.555350e-01
1447 6.138915e-10 7.268236e-01 4.756290e-01
1448 4.855207e-10 2.091099e-01 4.639900e-01
1449 7.815213e-10 6.096559e-01 4.604360e-01
1450 4.089707e-10 4.766992e-01 4.733990e-01
1451 5.118019e-10 2.514390e-01 4.740110e-01
1452 3.966548e-10 2.249837e-01 4.746460e-01
1453 4.237789e-10 6.838208e-02 4.691360e-01
1454 4.132551e-10 2.483324e-02 4.526340e-01
1455 4.428913e-10 7.171402e-02 4.660960e-01
1456 3.756929e-10 1.517265e-01 4.530740e-01
1457 4.964431e-10 3.214066e-01 4.663130e-01
1458 2.698859e-10 4.563609e-01 4.620850e-01
1459 6.026100e-10 1.232832e+00 4.947350e-01
1460 5.063402e-10 1.597547e-01 4.806670e-01
1461 5.943348e-10 1.737856e-01 4.739820e-01
1462 4.212476e-10 2.912285e-01 4.786300e-01
1463 4.915767e-10 1.669543e-01 4.680350e-01
1464 4.453251e-10 9.408819e-02 4.737280e-01
1465 4.357775e-10 2.143958e-02 4.618730e-01
1466 3.978581e-10 8.701561e-02 4.717010e-01
1467 3.535756e-10 1.113022e-01 4.761210e-01
1468 3.508968e-10 7.576476e-03 4.718610e-01
1469 4.970895e-10 4.166260e-01 4.683440e-01
1470 4.282623e-10 1.384603e-01 4.672390e-01
1471 4.997006e-10 1.668097e-01 4.588190e-01
1472 2.526858e-10 4.943257e-01 4.634650e-01
1473 5.304328e-10 1.099180e+00 4.676290e-01
1474 3.499744e-10 3.402098e-01 4.519860e-01
1475 4.096434e-10 1.704955e-01 4.605730e-01
1476 2.176632e-10 4.686520e-01 4.674530e-01
1477 4.395201e-10 1.019267e+00 4.799660e-01
1478 3.494234e-10 2.049888e-01 4.695720e-01
1479 3.870816e-10 1.077724e-01 4.708220e-01
1480 2.096517e-10 4.583784e-01 4.715770e-01
1481 3.110429e-10 4.836169e-01 4.798370e-01
1482 2.276438e-10 2.681272e-01 4.761200e-01
1483 5.236941e-10 1.300498e+00 4.742420e-01
1484 3.464694e-10 3.384126e-01 4.733570e-01
1485 4.327073e-10 2.489048e-01 4.678170e-01
1486 2.461198e-10 4.312095e-01 4.698820e-01
1487 4.217049e-10 7.134132e-01 4.741660e-01
1488 3.318643e-10 2.130413e-01 4.623350e-01
1489 2.701467e-10 1.859725e-01 4.556070e-01
1490 2.898973e-10 7.311082e-02 4.558720e-01
1491 3.321694e-10 1.458174e-01 4.502260e-01
1492 2.610481e-10 2.141116e-01 4.621480e-01
1493 3.183998e-10 2.196978e-01 4.456820e-01
1494 3.230688e-10 1.466409e-02 4.283240e-01
1495 3.392979e-10 5.023428e-02 4.720910e-01
1496 3.319002e-10 2.180311e-02 4.958730e-01
1497 2.230462e-10 3.279719e-01 5.257420e-01
1498 3.233760e-10 4.498159e-01 4.801490e-01
1499 3.171042e-10 1.939464e-02 4.632490e-01
1500 2.630257e-10 1.705386e-01 4.506990e-01
1501 2.338492e-10 1.109266e-01 4.556590e-01
1502 2.911978e-10 2.452379e-01 4.342670e-01
1503 2.754378e-10 5.412149e-02 4.432290e-01
1504 2.499699e-10 9.246317e-02 4.348260e-01
1505 2.976192e-10 1.906198e-01 4.246800e-01
1506 2.900057e-10 2.558123e-02 4.339710e-01
1507 2.252990e-10 2.231221e-01 4.418560e-01
1508 2.416575e-10 7.260782e-02 4.481820e-01
1509 2.017451e-10 1.651611e-01 4.716280e-01
1510 2.727856e-10 3.521301e-01 4.875640e-01
1511 3.248100e-10 1.907153e-01 4.735490e-01
1512 2.806699e-10 1.358949e-01 4.719480e-01
1513 2.145688e-10 2.355120e-01 4.489550e-01
1514 2.223576e-10 3.629964e-02 2.156540e-01
1515 2.405323e-10 8.173629e-02 1.979400e-01
1516 2.114127e-10 1.210632e-01 2.182900e-01
1517 2.507058e-10 1.858598e-01 2.308330e-01
1518 2.540376e-10 1.328960e-02 2.247640e-01
1519 2.158340e-10 1.503854e-01 2.175670e-01
1520 2.269781e-10 5.163267e-02 2.072320e-01
1521 2.341868e-10 3.175935e-02 2.129190e-01
1522 2.113375e-10 9.756861e-02 2.149200e-01
1523 2.459000e-10 1.635416e-01 2.300280e-01
1524 1.828432e-10 2.564327e-01 2.025260e-01
1525 1.928554e-10 5.475847e-02 2.021970e-01
1526 1.739653e-10 9.794961e-02 1.983240e-01
1527 2.038422e-10 1.717405e-01 1.978730e-01
1528 1.371591e-10 3.271311e-01 1.944520e-01
1529 2.069738e-10 5.090054e-01 1.959650e-01
1530 1.608285e-10 2.229525e-01 1.904760e-01
1531 2.171123e-10 3.499621e-01 1.890900e-01
1532 1.465942e-10 3.248003e-01 1.944100e-01
1533 1.956445e-10 3.345994e-01 1.929940e-01
1534 2.003768e-10 2.418839e-02 1.908510e-01
1535 2.412283e-10 2.038730e-01 1.861260e-01
1536 1.456998e-10 3.960086e-01 1.934060e-01
1537 2.044583e-10 4.032851e-01 1.974450e-01
1538 1.849815e-10 9.526080e-02 1.933940e-01
1539 1.624355e-10 1.218823e-01 1.973460e-01
1540 1.739224e-10 7.071682e-02 1.977500e-01
1541 2.011743e-10 1.566898e-01 2.046740e-01
1542 1.923238e-10 4.399407e-02 2.042820e-01
1543 1.397295e-10 2.734678e-01 2.037360e-01
1544 1.308881e-10 6.327494e-02 1.969610e-01
1545 1.634854e-10 2.490477e-01 1.992330e-01
1546 1.687471e-10 3.218439e-02 2.033440e-01
1547 1.368374e-10 1.890977e-01 1.961530e-01
1548 1.412591e-10 3.231342e-02 1.943860e-01
1549 1.440139e-10 1.950172e-02 1.984920e-01
1550 1.538187e-10 6.808248e-02 1.952190e-01
1551 1.084255e-10 2.951087e-01 1.958310e-01
1552 1.469426e-10 3.552401e-01 1.874350e-01
1553 1.327131e-10 9.683720e-02 1.827440e-01
1554 1.394060e-10 5.043196e-02 1.832960e-01
1555 1.731326e-10 2.419305e-01 1.779580e-01
1556 1.193543e-10 3.106192e-01 1.786890e-01
1557 1.209401e-10 1.328685e-02 1.865040e-01
1558 9.450762e-11 2.185587e-01 1.859020e-01
