1 7.937139e-01 1.000000e+00 3.687189e+00
2 7.910260e-01 3.386540e-03 3.678981e+00
3 7.909647e-01 7.746039e-05 3.832486e+00
4 7.909462e-01 2.342015e-05 3.767008e+00
5 7.909299e-01 2.062792e-05 4.079158e+00
6 7.901558e-01 9.786513e-04 3.719584e+00
7 7.901446e-01 1.422047e-05 3.695629e+00
8 7.901423e-01 2.826103e-06 3.743738e+00
9 7.900921e-01 6.355272e-05 3.679295e+00
10 7.900823e-01 1.247818e-05 3.727898e+00
11 7.900808e-01 1.914593e-06 3.694843e+00
12 7.900776e-01 3.967133e-06 3.854712e+00
13 7.900764e-01 1.519743e-06 3.639661e+00
14 7.900665e-01 1.251027e-05 3.712199e+00
15 7.900662e-01 4.210845e-07 3.759765e+00
16 7.900643e-01 2.409936e-06 3.794591e+00
17 7.900348e-01 3.733682e-05 3.663916e+00
18 7.900305e-01 5.475894e-06 3.631844e+00
19 7.900147e-01 1.998631e-05 3.686749e+00
20 7.898984e-01 1.471505e-04 3.686675e+00
21 7.898485e-01 6.317670e-05 3.710320e+00
22 7.898463e-01 2.804775e-06 3.575338e+00
23 7.898343e-01 1.515550e-05 3.552281e+00
24 7.898325e-01 2.389922e-06 3.502485e+00
25 7.898325e-01 4.262879e-09 3.663928e+00
26 7.898203e-01 1.541752e-05 3.598068e+00
27 7.898198e-01 6.397341e-07 3.774968e+00
28 7.898139e-01 7.480418e-06 3.479870e+00
29 7.898125e-01 1.708424e-06 3.439248e+00
30 7.898111e-01 1.735412e-06 3.551877e+00
31 7.898069e-01 5.376285e-06 3.567509e+00
32 7.898048e-01 2.620082e-06 3.512001e+00
33 7.898028e-01 2.627343e-06 3.839806e+00
34 7.898021e-01 8.126220e-07 3.423515e+00
35 7.738755e-01 2.016533e-02 3.446698e+00
36 7.738748e-01 9.540234e-07 3.407686e+00
37 7.738740e-01 9.574260e-07 3.447613e+00
38 7.654730e-01 1.085583e-02 3.869446e+00
39 7.575161e-01 1.039466e-02 3.862407e+00
40 7.575152e-01 1.257658e-06 3.727609e+00
41 7.329193e-01 3.246922e-02 3.478947e+00
42 5.839077e-01 2.033123e-01 3.495091e+00
43 4.451302e-02 9.237670e-01 3.480068e+00
44 3.428847e-02 2.296979e-01 3.479270e+00
45 3.424289e-02 1.329269e-03 3.456035e+00
46 2.147443e-02 3.728791e-01 3.415389e+00
47 2.069274e-02 3.640138e-02 3.367307e+00
48 2.068710e-02 2.721736e-04 3.632262e+00
49 2.068650e-02 2.894689e-05 3.407201e+00
50 1.727343e-02 1.649905e-01 3.448503e+00
51 1.347859e-02 2.196925e-01 3.511125e+00
52 1.340758e-02 5.268334e-03 3.487687e+00
53 1.155445e-02 1.382148e-01 3.567841e+00
54 7.900851e-03 3.162071e-01 3.503614e+00
55 6.434827e-03 1.855527e-01 3.480079e+00
56 6.433483e-03 2.088681e-04 3.342889e+00
57 6.433086e-03 6.170998e-05 3.439313e+00
58 6.432910e-03 2.744521e-05 3.423891e+00
59 6.433049e-03 2.166555e-05 3.391387e+00
60 6.431142e-03 2.964986e-04 3.429757e+00
61 6.431968e-03 1.285080e-04 3.583660e+00
62 6.430830e-03 1.769569e-04 3.640697e+00
63 6.429897e-03 1.451396e-04 3.373987e+00
64 6.429602e-03 4.588206e-05 3.575419e+00
65 6.432838e-03 5.033442e-04 3.757148e+00
66 6.431338e-03 2.331546e-04 3.511014e+00
67 6.428879e-03 3.822999e-04 3.712035e+00
68 6.183352e-03 3.819127e-02 3.576011e+00
69 6.175991e-03 1.190463e-03 3.367477e+00
70 6.174930e-03 1.718165e-04 3.487274e+00
71 6.169242e-03 9.211806e-04 3.575728e+00
72 6.169496e-03 4.116211e-05 3.455474e+00
73 6.168846e-03 1.052768e-04 3.399245e+00
74 6.169081e-03 3.812053e-05 3.311856e+00
75 6.170717e-03 2.651476e-04 3.399599e+00
76 5.918771e-03 4.082926e-02 3.887357e+00
77 5.914420e-03 7.352172e-04 3.496475e+00
78 5.914048e-03 6.290854e-05 3.494383e+00
79 5.913069e-03 1.655662e-04 3.525334e+00
80 5.913182e-03 1.927561e-05 3.383335e+00
81 5.913147e-03 5.931392e-06 3.207725e+00
82 5.915329e-03 3.690022e-04 3.311806e+00
83 5.914713e-03 1.041359e-04 3.213899e+00
84 5.915149e-03 7.369979e-05 3.336319e+00
85 5.913691e-03 2.464735e-04 3.327394e+00
86 5.913164e-03 8.910681e-05 3.310480e+00
87 5.913103e-03 1.039116e-05 3.367720e+00
88 5.911557e-03 2.615123e-04 3.318610e+00
89 5.912224e-03 1.129461e-04 3.343034e+00
90 5.911654e-03 9.639715e-05 3.223024e+00
91 5.911370e-03 4.813594e-05 3.279459e+00
92 5.910517e-03 1.442137e-04 3.312550e+00
93 5.911207e-03 1.166765e-04 3.366650e+00
94 5.910117e-03 1.844073e-04 3.294743e+00
95 5.911538e-03 2.404784e-04 3.231615e+00
96 5.911439e-03 1.680047e-05 3.320052e+00
97 5.911281e-03 2.675787e-05 3.375931e+00
98 5.911140e-03 2.374478e-05 3.295391e+00
99 5.910197e-03 1.595311e-04 3.463896e+00
100 5.909482e-03 1.210654e-04 3.415754e+00
101 5.909975e-03 8.349891e-05 3.399689e+00
102 5.908892e-03 1.832905e-04 3.623990e+00
103 5.910447e-03 2.632356e-04 3.670705e+00
104 5.681307e-03 3.876869e-02 4.006326e+00
105 5.681532e-03 3.960253e-05 3.287077e+00
106 5.681451e-03 1.423235e-05 3.407865e+00
107 5.680480e-03 1.710047e-04 3.351506e+00
108 5.679647e-03 1.466060e-04 3.359898e+00
109 5.680568e-03 1.621399e-04 3.407533e+00
110 5.679363e-03 2.121603e-04 3.311717e+00
111 5.680216e-03 1.502138e-04 3.352217e+00
112 5.680070e-03 2.558083e-05 3.279445e+00
113 5.678996e-03 1.890975e-04 3.479546e+00
114 5.679247e-03 4.413223e-05 3.303846e+00
115 5.680026e-03 1.371278e-04 3.596611e+00
116 5.679665e-03 6.342542e-05 3.239627e+00
117 5.679530e-03 2.378156e-05 3.343920e+00
118 5.679127e-03 7.106071e-05 3.198912e+00
119 5.679297e-03 2.995236e-05 3.207283e+00
120 5.679123e-03 3.059741e-05 3.247666e+00
121 5.678991e-03 2.334954e-05 3.335567e+00
122 5.678637e-03 6.221883e-05 3.199975e+00
123 5.679993e-03 2.386941e-04 3.230749e+00
124 5.678816e-03 2.071953e-04 3.279808e+00
125 5.678964e-03 2.605573e-05 3.224158e+00
126 5.678615e-03 6.144726e-05 3.231503e+00
127 5.678348e-03 4.702296e-05 3.239905e+00
128 5.678809e-03 8.119856e-05 3.399393e+00
129 5.678869e-03 1.052034e-05 3.055402e+00
130 5.678634e-03 4.124736e-05 3.136571e+00
131 5.678869e-03 4.133197e-05 3.512047e+00
132 5.678631e-03 4.187296e-05 4.305490e+00
133 5.678795e-03 2.876357e-05 3.387688e+00
134 5.678568e-03 3.991132e-05 3.272117e+00
135 5.678524e-03 7.670920e-06 3.287798e+00
136 5.678381e-03 2.525055e-05 3.415858e+00
137 5.679506e-03 1.981085e-04 3.239456e+00
138 5.679552e-03 8.059931e-06 3.392170e+00
139 5.679288e-03 4.638229e-05 3.431673e+00
140 5.678377e-03 1.604955e-04 3.071924e+00
141 5.678559e-03 3.205439e-05 3.063675e+00
142 5.678530e-03 5.131253e-06 3.151647e+00
143 5.678052e-03 8.406203e-05 3.325874e+00
144 5.678475e-03 7.453265e-05 3.055604e+00
145 5.678153e-03 5.680018e-05 3.223274e+00
146 5.678123e-03 5.197898e-06 3.448571e+00
147 5.259292e-03 7.376227e-02 3.487230e+00
148 5.258082e-03 2.300420e-04 3.606516e+00
149 5.257740e-03 6.512422e-05 3.344733e+00
150 5.257440e-03 5.700810e-05 3.311546e+00
151 5.257278e-03 3.084290e-05 3.367335e+00
152 5.257300e-03 4.217979e-06 3.247764e+00
153 5.257179e-03 2.312390e-05 3.288089e+00
154 5.257449e-03 5.144335e-05 3.295717e+00
155 5.257421e-03 5.347184e-06 3.255421e+00
156 5.257238e-03 3.481127e-05 3.407974e+00
157 5.257362e-03 2.367289e-05 3.247462e+00
158 5.257115e-03 4.699686e-05 3.375820e+00
159 5.257484e-03 7.017879e-05 3.343814e+00
160 5.257308e-03 3.356231e-05 3.487659e+00
161 5.257526e-03 4.148781e-05 3.263047e+00
162 5.257460e-03 1.254755e-05 3.287665e+00
163 5.257355e-03 1.991048e-05 3.056177e+00
164 5.257076e-03 5.313863e-05 3.263314e+00
165 5.257102e-03 4.933608e-06 3.335718e+00
166 5.257365e-03 5.000518e-05 3.343949e+00
167 4.781017e-03 9.060576e-02 3.199091e+00
168 4.780196e-03 1.717407e-04 3.247752e+00
169 4.779647e-03 1.148150e-04 3.183244e+00
170 4.779658e-03 2.304820e-06 3.319487e+00
171 4.779434e-03 4.692591e-05 3.408294e+00
172 4.779824e-03 8.168184e-05 3.295593e+00
173 4.779386e-03 9.163833e-05 3.414192e+00
174 3.932440e-03 1.772082e-01 3.312513e+00
175 3.931417e-03 2.601039e-04 3.464298e+00
176 3.929747e-03 4.247652e-04 3.311230e+00
177 3.846203e-03 2.125933e-02 3.391991e+00
178 3.845825e-03 9.836758e-05 3.263494e+00
179 3.845330e-03 1.288113e-04 3.199932e+00
180 3.733158e-03 2.917092e-02 3.247627e+00
181 3.732164e-03 2.663412e-04 3.335616e+00
182 3.648929e-03 2.230194e-02 3.351275e+00
183 3.648451e-03 1.309820e-04 3.494632e+00
184 3.619781e-03 7.858230e-03 3.352102e+00
185 3.180221e-03 1.214326e-01 3.608310e+00
186 3.180291e-03 2.209391e-05 3.239023e+00
187 1.870454e-03 4.118608e-01 3.335869e+00
188 1.676861e-03 1.035004e-01 3.351973e+00
189 1.676925e-03 3.809573e-05 3.199413e+00
190 1.676817e-03 6.439899e-05 3.216193e+00
191 1.676750e-03 4.024910e-05 3.294590e+00
192 1.676675e-03 4.447266e-05 3.184141e+00
193 1.676643e-03 1.917750e-05 3.439994e+00
194 1.676635e-03 4.867732e-06 3.405690e+00
195 1.548124e-03 7.664803e-02 3.655187e+00
196 1.472693e-03 4.872400e-02 3.359621e+00
197 9.301356e-04 3.684118e-01 3.376204e+00
198 9.245444e-04 6.011202e-03 3.287614e+00
199 9.241188e-04 4.602751e-04 3.263117e+00
200 8.641404e-04 6.490341e-02 3.335657e+00
201 8.558046e-04 9.646315e-03 3.527870e+00
202 7.724077e-04 9.744848e-02 3.640128e+00
203 5.615853e-04 2.729419e-01 3.303324e+00
204 5.435443e-04 3.212515e-02 3.207380e+00
205 5.432520e-04 5.377122e-04 3.533246e+00
206 5.392567e-04 7.354408e-03 3.575895e+00
207 5.392906e-04 6.280272e-05 3.548283e+00
208 5.390475e-04 4.508291e-04 3.327866e+00
209 5.312194e-04 1.452208e-02 3.408281e+00
210 5.306947e-04 9.877464e-04 3.199957e+00
211 5.306362e-04 1.102305e-04 3.359298e+00
212 5.305444e-04 1.729771e-04 3.296242e+00
213 5.270377e-04 6.609581e-03 3.295822e+00
214 5.269724e-04 1.238952e-04 3.375033e+00
215 4.824856e-04 8.441960e-02 3.303623e+00
216 4.790172e-04 7.188686e-03 3.312031e+00
217 4.786608e-04 7.440033e-04 3.455744e+00
218 4.786045e-04 1.175776e-04 3.783547e+00
219 3.908448e-04 1.833658e-01 3.462940e+00
220 3.889986e-04 4.723479e-03 3.376260e+00
221 1.600811e-04 5.884790e-01 3.423384e+00
222 1.523997e-04 4.798474e-02 3.231319e+00
223 1.449124e-04 4.912908e-02 3.280585e+00
224 1.444807e-04 2.979288e-03 3.318654e+00
225 1.442300e-04 1.735207e-03 3.255997e+00
226 1.441245e-04 7.314185e-04 3.247398e+00
227 1.441165e-04 5.507969e-05 3.184311e+00
228 1.438430e-04 1.898405e-03 3.278752e+00
229 1.308105e-04 9.060162e-02 3.239921e+00
230 1.296440e-04 8.917770e-03 3.471644e+00
231 1.257131e-04 3.032097e-02 3.591288e+00
232 1.255392e-04 1.383374e-03 3.295397e+00
233 1.102220e-04 1.220114e-01 3.264082e+00
234 1.085015e-04 1.560864e-02 3.230919e+00
235 1.083546e-04 1.354095e-03 3.271084e+00
236 1.080464e-04 2.844123e-03 3.272104e+00
237 1.026690e-04 4.976940e-02 3.408253e+00
238 7.819631e-05 2.383653e-01 3.357544e+00
239 7.688269e-05 1.679896e-02 3.479971e+00
240 7.663103e-05 3.273230e-03 3.351731e+00
241 5.393278e-05 2.962018e-01 3.223545e+00
242 1.294849e-05 7.599142e-01 3.495922e+00
243 8.491456e-06 3.442129e-01 3.750029e+00
244 6.364000e-06 2.505407e-01 3.471345e+00
245 5.771389e-06 9.311925e-02 3.472402e+00
246 4.242451e-06 2.649168e-01 3.367785e+00
247 4.072048e-06 4.016611e-02 3.519224e+00
248 2.863478e-06 2.967966e-01 3.328335e+00
249 2.189346e-06 2.354242e-01 3.479408e+00
250 2.078104e-06 5.081075e-02 3.327631e+00
251 2.570614e-06 2.369997e-01 3.280449e+00
252 1.759768e-06 3.154289e-01 3.295381e+00
253 1.678670e-06 4.608471e-02 3.231979e+00
254 2.186327e-06 3.024165e-01 3.399317e+00
255 1.982656e-06 9.315677e-02 3.399966e+00
256 1.307762e-06 3.403988e-01 3.287767e+00
257 1.338807e-06 2.373884e-02 3.167946e+00
258 1.986106e-06 4.834894e-01 3.407081e+00
259 1.015483e-06 4.887064e-01 3.280278e+00
260 8.457505e-07 1.671447e-01 3.231639e+00
261 8.383781e-07 8.717041e-03 3.288160e+00
262 6.485560e-07 2.264158e-01 3.271243e+00
263 7.890217e-07 2.165822e-01 3.596190e+00
264 8.185452e-07 3.741791e-02 3.559648e+00
265 6.081477e-07 2.570384e-01 3.319252e+00
266 1.355035e-06 1.228134e+00 3.309144e+00
267 8.293552e-07 3.879454e-01 3.222861e+00
268 6.552045e-07 2.099832e-01 3.319422e+00
269 5.871753e-07 1.038290e-01 3.216380e+00
270 6.425110e-07 9.424055e-02 3.207841e+00
271 5.719620e-07 1.098020e-01 3.263711e+00
272 1.238628e-06 1.165578e+00 3.222641e+00
273 5.740516e-07 5.365424e-01 3.271887e+00
274 5.704650e-07 6.247850e-03 3.327012e+00
275 5.009989e-07 1.217711e-01 3.303888e+00
276 3.960851e-07 2.094092e-01 3.248221e+00
277 4.391225e-07 1.086570e-01 3.270101e+00
278 9.335701e-07 1.125990e+00 3.319455e+00
279 3.577130e-07 6.168333e-01 3.208448e+00
280 5.212636e-07 4.572121e-01 3.231738e+00
281 3.863180e-07 2.588817e-01 3.287474e+00
282 4.854063e-07 2.564940e-01 3.279851e+00
283 4.867711e-07 2.811774e-03 3.423520e+00
284 3.553645e-07 2.699557e-01 3.471355e+00
285 3.885799e-07 9.346871e-02 3.399892e+00
286 3.059975e-07 2.125236e-01 3.279527e+00
287 4.934265e-07 6.125180e-01 3.327014e+00
288 2.270501e-07 5.398502e-01 3.288118e+00
289 1.272305e-07 4.396370e-01 3.327647e+00
290 1.631541e-07 2.823504e-01 3.255643e+00
291 2.488642e-07 5.253327e-01 3.247382e+00
292 3.884245e-07 5.607886e-01 3.256185e+00
293 1.721618e-07 5.567690e-01 3.247839e+00
294 1.863809e-07 8.259141e-02 3.231199e+00
295 1.532182e-07 1.779293e-01 3.287590e+00
296 1.313776e-07 1.425462e-01 3.375285e+00
297 1.311622e-07 1.638927e-03 3.524538e+00
298 1.239368e-07 5.508815e-02 3.398353e+00
299 2.438997e-07 9.679371e-01 3.271085e+00
300 1.327650e-07 4.556573e-01 3.271680e+00
301 1.523988e-07 1.478834e-01 3.239027e+00
302 1.734512e-07 1.381401e-01 3.263498e+00
303 1.558908e-07 1.012412e-01 3.295964e+00
304 1.906915e-07 2.232376e-01 3.215009e+00
305 1.488990e-07 2.191629e-01 3.280271e+00
306 1.508353e-07 1.300430e-02 3.199435e+00
307 1.203544e-07 2.020805e-01 3.256232e+00
308 1.635091e-07 3.585635e-01 3.463197e+00
309 1.303916e-07 2.025424e-01 3.695987e+00
310 1.629296e-07 2.495405e-01 3.475967e+00
311 1.227253e-07 2.467583e-01 3.256253e+00
312 1.358807e-07 1.071931e-01 3.335638e+00
313 9.799130e-08 2.788429e-01 3.207736e+00
314 8.049533e-08 1.785461e-01 3.303981e+00
315 1.238216e-07 5.382463e-01 3.263039e+00
316 1.457643e-07 1.772119e-01 3.223758e+00
317 6.019230e-08 5.870574e-01 3.240108e+00
318 8.427404e-08 4.000801e-01 3.223620e+00
319 1.180941e-07 4.013104e-01 3.272206e+00
320 5.514150e-08 5.330715e-01 3.319405e+00
321 7.420053e-08 3.456387e-01 3.239697e+00
322 5.153454e-08 3.054694e-01 3.247828e+00
323 4.244715e-08 1.763359e-01 3.280023e+00
324 6.292247e-08 4.823720e-01 3.287208e+00
325 6.278660e-08 2.159288e-03 3.264310e+00
326 8.036950e-08 2.800421e-01 3.247188e+00
327 5.594251e-08 3.039335e-01 3.376103e+00
328 7.224702e-08 2.914510e-01 3.344253e+00
329 6.428696e-08 1.101784e-01 3.223498e+00
330 6.626612e-08 3.078646e-02 3.271819e+00
331 4.806291e-08 2.746986e-01 3.255177e+00
332 6.961894e-08 4.484961e-01 3.336440e+00
333 3.592614e-08 4.839603e-01 3.239020e+00
334 5.751359e-08 6.008844e-01 3.320502e+00
335 3.514337e-08 3.889554e-01 3.375146e+00
336 3.269462e-08 6.967880e-02 3.399364e+00
337 3.120699e-08 4.550102e-02 3.207554e+00
338 4.132377e-08 3.241832e-01 3.287779e+00
339 2.158467e-08 4.776694e-01 3.311918e+00
340 2.537350e-08 1.755334e-01 3.207367e+00
341 2.095363e-08 1.741924e-01 3.256642e+00
342 2.855821e-08 3.629244e-01 3.206084e+00
343 1.969774e-08 3.102600e-01 3.191739e+00
344 2.545923e-08 2.924952e-01 3.271922e+00
345 2.219411e-08 1.282491e-01 3.263458e+00
346 3.279165e-08 4.774936e-01 3.287828e+00
347 1.698610e-08 4.819994e-01 3.207396e+00
348 2.846855e-08 6.759912e-01 3.303778e+00
349 2.369034e-08 1.678417e-01 3.231952e+00
350 1.818628e-08 2.323336e-01 3.271855e+00
351 1.907234e-08 4.872152e-02 3.199939e+00
352 2.058066e-08 7.908386e-02 3.541549e+00
353 2.023130e-08 1.697499e-02 3.343081e+00
354 2.493982e-08 2.327346e-01 3.399863e+00
355 2.012254e-08 1.931563e-01 3.311894e+00
356 2.027307e-08 7.480491e-03 3.367522e+00
357 2.354819e-08 1.615507e-01 3.231421e+00
358 1.768402e-08 2.490285e-01 3.256060e+00
359 2.040216e-08 1.537058e-01 3.207551e+00
360 1.558534e-08 2.360937e-01 3.278719e+00
361 1.696137e-08 8.829001e-02 3.280163e+00
362 1.937089e-08 1.420593e-01 3.199560e+00
363 1.043632e-08 4.612370e-01 3.240344e+00
364 1.383821e-08 3.259665e-01 3.214348e+00
365 1.145517e-08 1.722074e-01 3.332539e+00
366 1.090745e-08 4.781399e-02 3.592499e+00
367 9.064418e-09 1.689701e-01 3.407964e+00
368 9.404224e-09 3.748792e-02 3.360508e+00
369 1.204677e-08 2.809951e-01 3.214475e+00
370 1.065493e-08 1.155362e-01 3.319702e+00
371 9.380002e-09 1.196560e-01 3.191906e+00
372 9.705886e-09 3.474235e-02 3.231160e+00
373 7.150095e-09 2.633237e-01 3.247697e+00
374 8.501880e-09 1.890583e-01 3.238668e+00
375 7.565620e-09 1.101239e-01 3.247513e+00
376 7.525256e-09 5.335237e-03 3.191958e+00
377 6.801417e-09 9.618793e-02 3.263487e+00
378 8.391351e-09 2.337650e-01 3.231571e+00
379 5.835516e-09 3.045796e-01 3.199645e+00
380 7.754119e-09 3.287804e-01 3.288205e+00
381 7.690208e-09 8.242255e-03 3.287107e+00
382 8.117606e-09 5.557688e-02 3.263416e+00
383 5.667883e-09 3.017790e-01 3.231708e+00
384 6.045812e-09 6.667903e-02 3.191944e+00
385 5.213474e-09 1.376719e-01 3.223783e+00
386 6.119026e-09 1.736946e-01 3.311018e+00
387 4.203222e-09 3.130897e-01 3.199835e+00
388 5.541904e-09 3.184895e-01 3.184281e+00
389 4.101240e-09 2.599582e-01 3.343556e+00
390 6.072706e-09 4.806999e-01 3.375623e+00
391 5.248138e-09 1.357826e-01 3.524136e+00
392 6.131425e-09 1.683047e-01 3.415088e+00
393 4.362420e-09 2.885145e-01 3.224053e+00
394 4.868966e-09 1.161158e-01 3.191728e+00
395 3.582700e-09 2.641764e-01 3.231233e+00
396 4.246322e-09 1.852295e-01 3.215996e+00
397 3.931302e-09 7.418636e-02 3.216226e+00
398 4.544754e-09 1.560429e-01 3.303175e+00
399 3.556325e-09 2.174879e-01 3.144101e+00
400 4.072938e-09 1.452660e-01 3.271960e+00
401 3.361105e-09 1.747714e-01 3.247318e+00
402 3.820571e-09 1.367010e-01 3.407676e+00
403 2.944285e-09 2.293600e-01 3.496489e+00
404 3.800794e-09 2.909056e-01 3.382881e+00
405 2.815775e-09 2.591614e-01 3.240379e+00
406 3.484913e-09 2.376388e-01 3.213931e+00
407 2.694987e-09 2.266701e-01 3.248326e+00
408 5.064078e-09 8.790731e-01 3.255305e+00
409 3.630817e-09 2.830250e-01 3.240072e+00
410 3.159275e-09 1.298723e-01 3.247419e+00
411 3.707908e-09 1.736580e-01 3.256083e+00
412 4.172404e-09 1.252718e-01 3.319919e+00
413 3.480080e-09 1.659293e-01 3.295787e+00
414 3.359578e-09 3.462636e-02 3.304694e+00
415 2.944146e-09 1.236558e-01 3.319483e+00
416 3.927409e-09 3.339721e-01 3.462824e+00
417 3.053590e-09 2.224925e-01 3.215073e+00
418 3.662088e-09 1.992731e-01 3.239984e+00
419 3.089895e-09 1.562478e-01 3.263947e+00
420 3.534148e-09 1.437761e-01 3.551734e+00
421 2.666989e-09 2.453657e-01 3.263215e+00
422 2.750371e-09 3.126416e-02 3.335720e+00
423 2.589902e-09 5.834433e-02 3.317674e+00
424 2.631139e-09 1.592219e-02 3.263895e+00
425 2.363660e-09 1.016591e-01 3.287651e+00
426 2.525919e-09 6.864740e-02 3.392420e+00
427 2.469047e-09 2.251548e-02 3.406530e+00
428 2.627575e-09 6.420615e-02 3.581733e+00
429 2.017240e-09 2.322808e-01 3.674515e+00
430 2.423018e-09 2.011555e-01 3.248363e+00
431 1.823637e-09 2.473696e-01 3.343141e+00
432 2.310586e-09 2.670204e-01 3.214793e+00
433 2.105675e-09 8.868357e-02 3.271017e+00
434 2.078729e-09 1.279685e-02 3.279832e+00
435 1.825024e-09 1.220480e-01 3.279202e+00
436 2.162218e-09 1.847612e-01 3.256249e+00
437 1.806102e-09 1.646994e-01 3.215547e+00
438 1.858100e-09 2.879047e-02 3.254997e+00
439 1.580518e-09 1.493904e-01 3.263855e+00
440 1.814455e-09 1.480132e-01 3.264078e+00
441 1.631120e-09 1.010415e-01 3.232159e+00
442 1.942921e-09 1.911574e-01 3.215645e+00
443 1.362730e-09 2.986177e-01 3.231036e+00
444 2.150067e-09 5.777642e-01 3.248656e+00
445 1.797328e-09 1.640594e-01 3.271325e+00
446 1.774306e-09 1.280921e-02 3.263799e+00
447 1.925634e-09 8.528891e-02 3.199960e+00
448 1.717311e-09 1.081842e-01 3.271332e+00
449 1.625470e-09 5.347946e-02 3.231717e+00
450 1.481457e-09 8.859796e-02 3.263607e+00
451 1.369727e-09 7.541927e-02 3.248206e+00
452 1.348552e-09 1.545877e-02 3.239080e+00
453 1.200283e-09 1.099473e-01 3.248220e+00
454 1.111672e-09 7.382494e-02 3.279561e+00
455 1.298660e-09 1.682046e-01 3.223781e+00
456 1.137318e-09 1.242374e-01 3.255343e+00
457 1.217271e-09 7.029974e-02 3.255933e+00
458 1.470407e-09 2.079537e-01 3.271219e+00
459 1.271001e-09 1.356126e-01 3.192143e+00
460 1.529635e-09 2.034877e-01 3.191216e+00
461 1.440560e-09 5.823248e-02 3.191893e+00
462 9.888834e-10 3.135424e-01 3.207232e+00
463 1.076678e-09 8.878183e-02 3.263775e+00
464 1.414279e-09 3.135578e-01 3.240021e+00
465 1.120970e-09 2.073911e-01 3.223911e+00
466 1.378713e-09 2.299286e-01 3.255141e+00
467 1.100289e-09 2.019448e-01 3.239959e+00
468 7.791597e-10 2.918592e-01 3.271772e+00
469 1.055345e-09 3.544656e-01 3.287447e+00
470 9.222916e-10 1.260758e-01 3.360486e+00
471 1.111152e-09 2.047725e-01 3.543978e+00
472 6.565929e-10 4.090879e-01 3.255984e+00
473 9.169029e-10 3.964557e-01 3.255472e+00
474 1.036171e-09 1.300777e-01 3.238560e+00
475 9.255137e-10 1.067949e-01 3.207293e+00
476 4.963655e-10 4.636865e-01 3.223083e+00
477 8.816067e-10 7.761240e-01 3.223598e+00
478 1.067337e-09 2.106720e-01 3.287611e+00
479 7.646854e-10 2.835574e-01 3.256060e+00
480 9.846823e-10 2.876960e-01 3.256401e+00
481 8.294712e-10 1.576256e-01 3.262569e+00
482 6.283296e-10 2.424937e-01 3.239654e+00
483 8.066210e-10 2.837545e-01 3.351800e+00
484 4.963725e-10 3.846273e-01 3.327785e+00
485 6.746680e-10 3.591970e-01 3.359394e+00
486 8.224195e-10 2.189988e-01 3.511643e+00
487 7.916174e-10 3.745294e-02 3.287431e+00
488 4.535399e-10 4.270719e-01 3.248711e+00
489 5.329464e-10 1.750816e-01 3.255318e+00
490 3.556135e-10 3.327405e-01 3.200247e+00
491 6.076135e-10 7.086344e-01 3.247699e+00
492 7.439683e-10 2.244104e-01 3.255575e+00
493 7.882904e-10 5.957525e-02 3.294162e+00
494 3.459729e-10 5.611098e-01 3.335840e+00
495 6.124893e-10 7.703388e-01 3.287750e+00
496 2.963396e-10 5.161717e-01 3.376108e+00
497 7.436363e-10 1.509405e+00 3.336186e+00
498 3.996217e-10 4.626114e-01 3.710972e+00
499 5.975812e-10 4.953674e-01 3.223224e+00
500 6.877064e-10 1.508167e-01 3.279446e+00
501 7.104561e-10 3.308053e-02 3.224284e+00
502 6.964419e-10 1.972569e-02 3.439150e+00
503 4.353556e-10 3.748859e-01 3.311748e+00
504 2.832516e-10 3.493787e-01 3.296063e+00
505 6.121549e-10 1.161170e+00 3.303096e+00
506 6.692485e-10 9.326670e-02 3.384057e+00
507 5.048606e-10 2.456306e-01 3.278938e+00
508 6.624661e-10 3.121762e-01 3.287536e+00
509 7.167497e-10 8.194167e-02 3.240386e+00
510 3.071102e-10 5.715237e-01 3.383191e+00
511 5.314792e-10 7.305812e-01 3.262099e+00
512 3.545462e-10 3.329068e-01 3.239069e+00
513 4.439010e-10 2.520260e-01 3.255186e+00
514 2.016048e-10 5.458338e-01 3.639551e+00
515 6.759147e-10 2.352671e+00 3.256182e+00
516 7.471975e-10 1.054613e-01 3.240009e+00
517 5.471622e-10 2.677141e-01 3.319409e+00
518 3.315436e-10 3.940671e-01 3.335600e+00
519 4.781369e-10 4.421539e-01 3.279404e+00
520 2.508773e-10 4.753023e-01 3.240087e+00
521 6.704464e-10 1.672407e+00 3.279476e+00
522 3.695685e-10 4.487725e-01 3.272198e+00
523 3.720270e-10 6.652293e-03 3.359563e+00
524 1.691455e-10 5.453408e-01 3.719114e+00
525 3.413270e-10 1.017949e+00 3.543876e+00
526 5.240121e-10 5.352202e-01 3.351840e+00
527 4.772385e-10 8.926051e-02 3.319414e+00
528 2.077090e-10 5.647690e-01 3.279714e+00
529 2.156472e-10 3.821793e-02 3.239922e+00
530 2.163630e-10 3.319644e-03 3.295354e+00
531 3.148967e-10 4.554088e-01 3.287712e+00
532 2.021253e-10 3.581218e-01 3.207619e+00
533 1.758318e-10 1.300853e-01 3.272291e+00
534 2.133711e-10 2.134955e-01 3.262980e+00
535 3.369354e-10 5.791050e-01 3.247881e+00
536 4.191776e-10 2.440890e-01 3.440363e+00
537 2.956910e-10 2.945925e-01 3.447101e+00
538 1.765262e-10 4.030044e-01 3.319960e+00
539 2.140311e-10 2.124607e-01 3.335150e+00
540 1.484151e-10 3.065726e-01 3.335934e+00
541 1.712486e-10 1.538490e-01 3.247291e+00
542 1.080556e-10 3.690133e-01 3.352089e+00
543 3.302777e-10 2.056554e+00 3.246995e+00
544 1.737288e-10 4.739917e-01 3.295652e+00
545 1.690662e-10 2.683840e-02 3.328018e+00
546 2.600886e-10 5.383832e-01 3.254887e+00
547 2.392835e-10 7.999249e-02 3.304114e+00
548 1.449283e-10 3.943239e-01 3.343253e+00
549 2.072821e-10 4.302389e-01 3.310627e+00
550 1.407333e-10 3.210541e-01 3.352455e+00
551 1.790371e-10 2.721730e-01 3.269594e+00
552 1.262084e-10 2.950714e-01 3.312390e+00
553 1.221889e-10 3.184774e-02 3.278462e+00
554 2.102646e-10 7.208154e-01 3.237800e+00
555 2.782619e-10 3.233891e-01 3.247210e+00
556 1.453599e-10 4.776145e-01 3.183774e+00
557 1.469012e-10 1.060273e-02 3.207882e+00
558 1.998461e-10 3.604123e-01 3.263371e+00
559 1.041359e-10 4.789195e-01 3.263151e+00
560 9.705559e-11 6.799130e-02 3.335567e+00
