1 9.984284e-01 1.000000e+00 3.831439e+00
2 9.978095e-01 6.198240e-04 3.567395e+00
3 9.972851e-01 5.255466e-04 3.711591e+00
4 9.914545e-01 5.846547e-03 3.840252e+00
5 9.859363e-01 5.565722e-03 3.847701e+00
6 9.545030e-01 3.188163e-02 3.719805e+00
7 9.384996e-01 1.676626e-02 4.245544e+00
8 9.350934e-01 3.629433e-03 4.596566e+00
9 9.137754e-01 2.279774e-02 3.520243e+00
10 9.028841e-01 1.191895e-02 4.103559e+00
11 9.015442e-01 1.484021e-03 3.711395e+00
12 8.928892e-01 9.600231e-03 3.752375e+00
13 8.804745e-01 1.390399e-02 3.759041e+00
14 8.834177e-01 3.342809e-03 3.703568e+00
15 8.559263e-01 3.111937e-02 3.751461e+00
16 8.534127e-01 2.936721e-03 3.743848e+00
17 8.499818e-01 4.020228e-03 3.648016e+00
18 8.459237e-01 4.774333e-03 3.631863e+00
19 8.417257e-01 4.962633e-03 3.622802e+00
20 8.420750e-01 4.150341e-04 4.047935e+00
21 8.396678e-01 2.858639e-03 3.925053e+00
22 8.372549e-01 2.873656e-03 3.663710e+00
23 8.371976e-01 6.850427e-05 3.655464e+00
24 8.369143e-01 3.383667e-04 3.687217e+00
25 8.354556e-01 1.742930e-03 3.662954e+00
26 8.338643e-01 1.904744e-03 3.658490e+00
27 8.374427e-01 4.291346e-03 3.823928e+00
28 8.340054e-01 4.104445e-03 3.711725e+00
29 8.243469e-01 1.158090e-02 3.776375e+00
30 8.236091e-01 8.950327e-04 3.991722e+00
31 8.213817e-01 2.704424e-03 3.934883e+00
32 8.240712e-01 3.274347e-03 4.054694e+00
33 8.209204e-01 3.823404e-03 3.743628e+00
34 8.157642e-01 6.281084e-03 3.839688e+00
35 8.157446e-01 2.392211e-05 3.719775e+00
36 8.110131e-01 5.800228e-03 3.591897e+00
37 8.087514e-01 2.788774e-03 3.616619e+00
38 8.093590e-01 7.513252e-04 3.950360e+00
39 7.933898e-01 1.973073e-02 3.694686e+00
40 7.901252e-01 4.114725e-03 3.583137e+00
41 7.901626e-01 4.733645e-05 3.648624e+00
42 7.859818e-01 5.291139e-03 4.326923e+00
43 7.867943e-01 1.033807e-03 4.006672e+00
44 7.952924e-01 1.080087e-02 3.832050e+00
45 7.917770e-01 4.420183e-03 3.519660e+00
46 7.864332e-01 6.749185e-03 3.576010e+00
47 7.933666e-01 8.816299e-03 3.735062e+00
48 7.858658e-01 9.454373e-03 3.639742e+00
49 7.840344e-01 2.330493e-03 3.888098e+00
50 7.832431e-01 1.009197e-03 3.815348e+00
51 7.834850e-01 3.088269e-04 3.576044e+00
52 7.822545e-01 1.570516e-03 3.943355e+00
53 7.814691e-01 1.004054e-03 3.632079e+00
54 7.808981e-01 7.306468e-04 3.712111e+00
55 7.831147e-01 2.838491e-03 3.919064e+00
56 7.795360e-01 4.569794e-03 3.631568e+00
57 7.803397e-01 1.030972e-03 3.879624e+00
58 7.803199e-01 2.545536e-05 3.631832e+00
59 7.806959e-01 4.818986e-04 3.679716e+00
60 7.802035e-01 6.307427e-04 3.760451e+00
61 7.802315e-01 3.591695e-05 3.654861e+00
62 7.796300e-01 7.709642e-04 3.840274e+00
63 7.785396e-01 1.398528e-03 3.901321e+00
64 7.791275e-01 7.550953e-04 3.750877e+00
65 7.768222e-01 2.958801e-03 3.743561e+00
66 7.775798e-01 9.751853e-04 3.720570e+00
67 7.767141e-01 1.113288e-03 3.743611e+00
68 7.764749e-01 3.079223e-04 3.671322e+00
69 7.763144e-01 2.067071e-04 3.655818e+00
70 7.766941e-01 4.890843e-04 3.775420e+00
71 7.757107e-01 1.266178e-03 3.791280e+00
72 7.757102e-01 5.660998e-07 3.792352e+00
73 7.768839e-01 1.512987e-03 3.863150e+00
74 7.756083e-01 1.641937e-03 3.894909e+00
75 7.758320e-01 2.884484e-04 3.623851e+00
76 7.657142e-01 1.304126e-02 3.719480e+00
77 7.435883e-01 2.889568e-02 3.846730e+00
78 7.420152e-01 2.115603e-03 3.647956e+00
79 7.404768e-01 2.073262e-03 3.584019e+00
80 7.408304e-01 4.774626e-04 3.551457e+00
81 7.408862e-01 7.541990e-05 3.431850e+00
82 7.407829e-01 1.394738e-04 3.631736e+00
83 7.403425e-01 5.945446e-04 3.462892e+00
84 7.230764e-01 2.332177e-02 4.454182e+00
85 6.799925e-01 5.958414e-02 3.987297e+00
86 6.051268e-01 1.100979e-01 3.511537e+00
87 5.933019e-01 1.954107e-02 3.479648e+00
88 5.078766e-01 1.439829e-01 3.519311e+00
89 4.898400e-01 3.551378e-02 3.471444e+00
90 4.554566e-01 7.019321e-02 3.551621e+00
91 4.509881e-01 9.810983e-03 3.511694e+00
92 4.475519e-01 7.619340e-03 3.503438e+00
93 4.468968e-01 1.463587e-03 3.487742e+00
94 4.458169e-01 2.416508e-03 3.487075e+00
95 4.454791e-01 7.576900e-04 3.953250e+00
96 4.175114e-01 6.278123e-02 4.525110e+00
97 4.140263e-01 8.347253e-03 3.560646e+00
98 3.557765e-01 1.406912e-01 3.527255e+00
99 3.510245e-01 1.335657e-02 3.484912e+00
100 3.595091e-01 2.417083e-02 3.519787e+00
101 3.373484e-01 6.164154e-02 3.584053e+00
102 3.194247e-01 5.313115e-02 3.519252e+00
103 3.156988e-01 1.166420e-02 3.574459e+00
104 3.144934e-01 3.818273e-03 3.536197e+00
105 3.157435e-01 3.974943e-03 3.583169e+00
106 3.157571e-01 4.317581e-05 3.720175e+00
107 3.147140e-01 3.303619e-03 4.567561e+00
108 2.545899e-01 1.910436e-01 3.407582e+00
109 2.381907e-01 6.441405e-02 3.375302e+00
110 2.321836e-01 2.521974e-02 3.519569e+00
111 2.287566e-01 1.476010e-02 3.567559e+00
112 2.271583e-01 6.986836e-03 3.447624e+00
113 2.265496e-01 2.679757e-03 3.542747e+00
114 2.165114e-01 4.430906e-02 3.620909e+00
115 1.767899e-01 1.834615e-01 3.575308e+00
116 1.650916e-01 6.617045e-02 3.423682e+00
117 1.584209e-01 4.040611e-02 3.455415e+00
118 1.371126e-01 1.345042e-01 3.640509e+00
119 9.468542e-02 3.094332e-01 3.615278e+00
120 7.890323e-02 1.666803e-01 3.551716e+00
121 9.331199e-02 1.826131e-01 3.662154e+00
122 1.141500e-01 2.233156e-01 3.551766e+00
123 6.594749e-02 4.222735e-01 3.447518e+00
124 7.510307e-02 1.388313e-01 3.527345e+00
125 5.304803e-02 2.936636e-01 3.640214e+00
126 5.140356e-02 3.099973e-02 3.559497e+00
127 4.540030e-02 1.167867e-01 3.519897e+00
128 4.460842e-02 1.744237e-02 3.559893e+00
129 4.366476e-02 2.115422e-02 3.639686e+00
130 4.751116e-02 8.808932e-02 3.543037e+00
131 6.712195e-02 4.127618e-01 3.495682e+00
132 5.795517e-02 1.365691e-01 3.503849e+00
133 5.248225e-02 9.443363e-02 3.527848e+00
134 4.731741e-02 9.841128e-02 3.696058e+00
135 5.591042e-02 1.816037e-01 3.751654e+00
136 3.586986e-02 3.584405e-01 3.814201e+00
137 4.737350e-02 3.207048e-01 3.495652e+00
138 3.561023e-02 2.483091e-01 3.422831e+00
139 4.243086e-02 1.915358e-01 3.447874e+00
140 3.378338e-02 2.038017e-01 3.439627e+00
141 4.159834e-02 2.313257e-01 3.399168e+00
142 2.810528e-02 3.243655e-01 3.351574e+00
143 3.734361e-02 3.287045e-01 3.352091e+00
144 2.991242e-02 1.989950e-01 3.375729e+00
145 3.632848e-02 2.144949e-01 3.335540e+00
146 2.425856e-02 3.322441e-01 3.376096e+00
147 3.131341e-02 2.908190e-01 3.376291e+00
148 2.280068e-02 2.718555e-01 3.286933e+00
149 3.104562e-02 3.616094e-01 3.320349e+00
150 2.369570e-02 2.367458e-01 3.311582e+00
151 2.918902e-02 2.318277e-01 3.351324e+00
152 2.158980e-02 2.603453e-01 3.304315e+00
153 2.444400e-02 1.322017e-01 3.287235e+00
154 1.822872e-02 2.542661e-01 3.343912e+00
155 1.929571e-02 5.853313e-02 3.391587e+00
156 1.993209e-02 3.298079e-02 3.295991e+00
157 1.619801e-02 1.873405e-01 3.567864e+00
158 1.829122e-02 1.292269e-01 3.989563e+00
159 1.624966e-02 1.116144e-01 3.799785e+00
160 2.268457e-02 3.960029e-01 3.600283e+00
161 1.887940e-02 1.677426e-01 3.535915e+00
162 1.803067e-02 4.495543e-02 3.543086e+00
163 1.514671e-02 1.599476e-01 3.567480e+00
164 1.430600e-02 5.550460e-02 3.488101e+00
165 1.242546e-02 1.314511e-01 3.520004e+00
166 1.230636e-02 9.584661e-03 3.495297e+00
167 2.220011e-02 8.039540e-01 3.615534e+00
168 1.401827e-02 3.685495e-01 3.624130e+00
169 1.438438e-02 2.611661e-02 3.664130e+00
170 1.321755e-02 8.111842e-02 3.770215e+00
171 1.258562e-02 4.780931e-02 3.447535e+00
172 1.358979e-02 7.978672e-02 3.613890e+00
173 1.517077e-02 1.163359e-01 3.551101e+00
174 1.294030e-02 1.470242e-01 3.392583e+00
175 1.144043e-02 1.159070e-01 3.455379e+00
176 1.818124e-02 5.892094e-01 3.399623e+00
177 1.174036e-02 3.542597e-01 3.423532e+00
178 1.105985e-02 5.796305e-02 3.479969e+00
179 9.238149e-03 1.647130e-01 3.512159e+00
180 1.237108e-02 3.391294e-01 3.551530e+00
181 1.512275e-02 2.224281e-01 3.543599e+00
182 1.040958e-02 3.116612e-01 3.751861e+00
183 1.028622e-02 1.185049e-02 3.495788e+00
184 8.761672e-03 1.482124e-01 3.495744e+00
185 1.066894e-02 2.176837e-01 3.479214e+00
186 1.034256e-02 3.059252e-02 3.560331e+00
187 9.298899e-03 1.009089e-01 3.543981e+00
188 9.977652e-03 7.299280e-02 3.447491e+00
189 1.048366e-02 5.071404e-02 3.527042e+00
190 1.046005e-02 2.252318e-03 3.352242e+00
191 9.434516e-03 9.804262e-02 3.535019e+00
192 9.801525e-03 3.890069e-02 3.536559e+00
193 1.528742e-02 5.596978e-01 3.686655e+00
194 1.210871e-02 2.079298e-01 3.472628e+00
195 1.328634e-02 9.725481e-02 3.511740e+00
196 1.154623e-02 1.309701e-01 3.342821e+00
197 1.440929e-02 2.479657e-01 3.400087e+00
198 8.723431e-03 3.945969e-01 3.536245e+00
199 9.361207e-03 7.311070e-02 3.559263e+00
200 8.168333e-03 1.274274e-01 3.504095e+00
201 9.823192e-03 2.025945e-01 3.535530e+00
202 1.200099e-02 2.216993e-01 3.511726e+00
203 7.820685e-03 3.483298e-01 3.615503e+00
204 8.860150e-03 1.329123e-01 3.687047e+00
205 1.328280e-02 4.991617e-01 3.743391e+00
206 7.756841e-03 4.160235e-01 3.495350e+00
207 1.062254e-02 3.694410e-01 3.495434e+00
208 1.066639e-02 4.128528e-03 3.452324e+00
209 1.285300e-02 2.050001e-01 3.408046e+00
210 1.050278e-02 1.828540e-01 3.495747e+00
211 9.313734e-03 1.132126e-01 3.568151e+00
212 1.148193e-02 2.327960e-01 3.607430e+00
213 1.277917e-02 1.129808e-01 3.591156e+00
214 9.605524e-03 2.483454e-01 3.520188e+00
215 6.308471e-03 3.432455e-01 3.407206e+00
216 5.563204e-03 1.181375e-01 3.623396e+00
217 5.601706e-03 6.920752e-03 3.471281e+00
218 5.158871e-03 7.905349e-02 3.488108e+00
219 6.256870e-03 2.128371e-01 3.479132e+00
220 5.803870e-03 7.240048e-02 3.447787e+00
221 6.674248e-03 1.499651e-01 3.448010e+00
222 5.741884e-03 1.396957e-01 3.488105e+00
223 9.700472e-03 6.894231e-01 3.590355e+00
224 8.142786e-03 1.605784e-01 3.551616e+00
225 5.592229e-03 3.132290e-01 3.543858e+00
226 7.366713e-03 3.173125e-01 3.631138e+00
227 6.151171e-03 1.650046e-01 3.791960e+00
228 5.031699e-03 1.819934e-01 3.512153e+00
229 9.707569e-03 9.292825e-01 3.439386e+00
230 6.681144e-03 3.117593e-01 3.383915e+00
231 5.742128e-03 1.405471e-01 3.486695e+00
232 5.546615e-03 3.404887e-02 3.375828e+00
233 1.091843e-02 9.684853e-01 3.392072e+00
234 6.854218e-03 3.722342e-01 3.446691e+00
235 5.673772e-03 1.722218e-01 3.456281e+00
236 4.646579e-03 1.810424e-01 3.487393e+00
237 4.936262e-03 6.234338e-02 3.559425e+00
238 9.808226e-03 9.869744e-01 3.528283e+00
239 6.080542e-03 3.800569e-01 3.781572e+00
240 1.074644e-02 7.673498e-01 3.463334e+00
241 6.776225e-03 3.694449e-01 3.486442e+00
242 5.048984e-03 2.548973e-01 3.381197e+00
243 4.931073e-03 2.335343e-02 3.400197e+00
244 5.981509e-03 2.130238e-01 3.495337e+00
245 4.312069e-03 2.791001e-01 3.527606e+00
246 7.136582e-03 6.550252e-01 3.384138e+00
247 4.553756e-03 3.619136e-01 3.407446e+00
248 5.848721e-03 2.843728e-01 3.399964e+00
249 4.326426e-03 2.602782e-01 3.383622e+00
250 1.028497e-02 1.377244e+00 3.415652e+00
251 9.444806e-03 8.168883e-02 3.631768e+00
252 6.148603e-03 3.489963e-01 3.783405e+00
253 7.669360e-03 2.473337e-01 3.574596e+00
254 5.137675e-03 3.301038e-01 3.303428e+00
255 3.620275e-03 2.953475e-01 3.199533e+00
256 5.312921e-03 4.675461e-01 3.271696e+00
257 3.791946e-03 2.862786e-01 3.311797e+00
258 5.497238e-03 4.497145e-01 3.351267e+00
259 5.501258e-03 7.311313e-04 3.319917e+00
260 4.824702e-03 1.229820e-01 3.264473e+00
261 4.909117e-03 1.749640e-02 3.272148e+00
262 3.577208e-03 2.713134e-01 3.223952e+00
263 3.510909e-03 1.853374e-02 3.455754e+00
264 3.507372e-03 1.007333e-03 3.567676e+00
265 3.540120e-03 9.336843e-03 3.715446e+00
266 3.246070e-03 8.306197e-02 3.390756e+00
267 6.172913e-03 9.016572e-01 3.464237e+00
268 3.641014e-03 4.101627e-01 3.495761e+00
269 4.469388e-03 2.275117e-01 3.470944e+00
270 3.884858e-03 1.307853e-01 3.528030e+00
271 3.206240e-03 1.746829e-01 3.488272e+00
272 2.928233e-03 8.670811e-02 3.415577e+00
273 2.947309e-03 6.514593e-03 3.439350e+00
274 3.223343e-03 9.365618e-02 3.448398e+00
275 3.326060e-03 3.186678e-02 3.399737e+00
276 3.115689e-03 6.324920e-02 3.375341e+00
277 3.434552e-03 1.023410e-01 3.479411e+00
278 3.140827e-03 8.552056e-02 3.496120e+00
279 2.776770e-03 1.159113e-01 3.552044e+00
280 2.936967e-03 5.769183e-02 3.320576e+00
281 2.786354e-03 5.128173e-02 3.462185e+00
282 3.152712e-03 1.314828e-01 3.456035e+00
283 2.791760e-03 1.144892e-01 3.438508e+00
284 7.200457e-03 1.579182e+00 3.191491e+00
285 3.905337e-03 4.576265e-01 3.167152e+00
286 2.933376e-03 2.488802e-01 3.190361e+00
287 2.818383e-03 3.920156e-02 3.535368e+00
288 2.916160e-03 3.469272e-02 3.494757e+00
289 2.882893e-03 1.140779e-02 3.447850e+00
290 2.942149e-03 2.055431e-02 3.512258e+00
291 2.499880e-03 1.503217e-01 3.391496e+00
292 3.647113e-03 4.589149e-01 3.399285e+00
293 2.675203e-03 2.664874e-01 3.463645e+00
294 2.506507e-03 6.305914e-02 3.455925e+00
295 4.459665e-03 7.792350e-01 3.639166e+00
296 5.566545e-03 2.481978e-01 3.504280e+00
297 3.693746e-03 3.364383e-01 3.531456e+00
298 2.521807e-03 3.172767e-01 3.383973e+00
299 2.645117e-03 4.889778e-02 3.471758e+00
300 2.028001e-03 2.333040e-01 3.583156e+00
301 2.174271e-03 7.212519e-02 3.472218e+00
302 4.232524e-03 9.466407e-01 3.559034e+00
303 2.493131e-03 4.109587e-01 3.471963e+00
304 3.828240e-03 5.355146e-01 3.448465e+00
305 2.620697e-03 3.154302e-01 3.439288e+00
306 2.801971e-03 6.916988e-02 3.495359e+00
307 2.401120e-03 1.430603e-01 3.327762e+00
308 2.497158e-03 3.999734e-02 3.392490e+00
309 2.163913e-03 1.334498e-01 3.367666e+00
310 2.195316e-03 1.451187e-02 3.495276e+00
311 2.246264e-03 2.320786e-02 3.223966e+00
312 1.990577e-03 1.138279e-01 3.423870e+00
313 2.514933e-03 2.634196e-01 3.495649e+00
314 1.951857e-03 2.238931e-01 3.453771e+00
315 2.289799e-03 1.731386e-01 3.415310e+00
316 1.841342e-03 1.958501e-01 3.472264e+00
317 1.791373e-03 2.713696e-02 3.509715e+00
318 1.880054e-03 4.950432e-02 3.727089e+00
319 1.727616e-03 8.108186e-02 3.599440e+00
320 1.949453e-03 1.284064e-01 3.639509e+00
321 1.902771e-03 2.394598e-02 3.717880e+00
322 1.785397e-03 6.168611e-02 3.486618e+00
323 5.815051e-03 2.257008e+00 3.623851e+00
324 3.104401e-03 4.661439e-01 3.495418e+00
325 2.261263e-03 2.715942e-01 3.503776e+00
326 2.155290e-03 4.686475e-02 3.479980e+00
327 1.888150e-03 1.239461e-01 3.456048e+00
328 1.736283e-03 8.043162e-02 3.471138e+00
329 1.860646e-03 7.162587e-02 3.645564e+00
330 1.697296e-03 8.779179e-02 4.709719e+00
331 1.633096e-03 3.782542e-02 3.768758e+00
332 1.665481e-03 1.983089e-02 3.440159e+00
333 1.472868e-03 1.156500e-01 3.376194e+00
334 1.643618e-03 1.159302e-01 3.359477e+00
335 1.495728e-03 8.997873e-02 3.407902e+00
336 1.561441e-03 4.393391e-02 3.359429e+00
337 1.534247e-03 1.741586e-02 3.399301e+00
338 1.440044e-03 6.139979e-02 3.359634e+00
339 1.441475e-03 9.936824e-04 3.462962e+00
340 1.464267e-03 1.581148e-02 3.392558e+00
341 5.067638e-03 2.460869e+00 3.519449e+00
342 2.747339e-03 4.578659e-01 3.535938e+00
343 2.166888e-03 2.112775e-01 3.555656e+00
344 1.986215e-03 8.337915e-02 3.410398e+00
345 1.649454e-03 1.695488e-01 3.422844e+00
346 1.729274e-03 4.839172e-02 3.391594e+00
347 4.218918e-03 1.439705e+00 3.231566e+00
348 2.370313e-03 4.381705e-01 3.248282e+00
349 1.756551e-03 2.589371e-01 3.198694e+00
350 1.572819e-03 1.045983e-01 3.423753e+00
351 2.237337e-03 4.225015e-01 3.396311e+00
352 1.404125e-03 3.724125e-01 3.392266e+00
353 1.332654e-03 5.090045e-02 3.519743e+00
354 1.345838e-03 9.892727e-03 3.391418e+00
355 4.669545e-03 2.469619e+00 3.486237e+00
356 2.935612e-03 3.713281e-01 3.351864e+00
357 2.258497e-03 2.306554e-01 3.351584e+00
358 1.603716e-03 2.899188e-01 3.432284e+00
359 1.683755e-03 4.990816e-02 3.391297e+00
360 1.379556e-03 1.806670e-01 3.399822e+00
361 1.255309e-03 9.006287e-02 3.295586e+00
362 1.225665e-03 2.361505e-02 3.247700e+00
363 1.268018e-03 3.455548e-02 3.230892e+00
364 1.217129e-03 4.013261e-02 3.216128e+00
365 1.226255e-03 7.497894e-03 3.263732e+00
366 1.176929e-03 4.022485e-02 4.143473e+00
367 2.882170e-03 1.448890e+00 3.865359e+00
368 1.930557e-03 3.301724e-01 3.384254e+00
369 1.549293e-03 1.974894e-01 3.391829e+00
370 1.721592e-03 1.112115e-01 3.503526e+00
371 1.414164e-03 1.785715e-01 3.431527e+00
372 3.195482e-03 1.259625e+00 3.367969e+00
373 2.381264e-03 2.548028e-01 3.375524e+00
374 1.584965e-03 3.344018e-01 3.431437e+00
375 1.519386e-03 4.137579e-02 3.423816e+00
376 1.354832e-03 1.083027e-01 3.184546e+00
377 1.257889e-03 7.155338e-02 3.343265e+00
378 2.882710e-03 1.291704e+00 3.615532e+00
379 2.875059e-03 2.654149e-03 3.439988e+00
380 1.937785e-03 3.260017e-01 3.626627e+00
381 1.768251e-03 8.748826e-02 3.383780e+00
382 1.648259e-03 6.785928e-02 3.408026e+00
383 2.837996e-03 7.218144e-01 3.408018e+00
384 1.946119e-03 3.142629e-01 3.368026e+00
385 1.956210e-03 5.185068e-03 3.391297e+00
386 1.330586e-03 3.198146e-01 3.328339e+00
387 1.328505e-03 1.563348e-03 3.454850e+00
388 1.098536e-03 1.731036e-01 3.567197e+00
389 1.101113e-03 2.345488e-03 3.408067e+00
390 1.032360e-03 6.243899e-02 3.567580e+00
391 1.149980e-03 1.139328e-01 3.703549e+00
392 1.104080e-03 3.991405e-02 3.720113e+00
393 1.083412e-03 1.871959e-02 3.494984e+00
394 9.412789e-04 1.311902e-01 3.511708e+00
395 1.006209e-03 6.898062e-02 3.599421e+00
396 9.454676e-04 6.036643e-02 3.584042e+00
397 9.984429e-04 5.603072e-02 3.520144e+00
398 2.653053e-03 1.657191e+00 3.527414e+00
399 2.293869e-03 1.353851e-01 3.408120e+00
400 1.635088e-03 2.871921e-01 3.479316e+00
401 1.806586e-03 1.048860e-01 3.351987e+00
402 1.476056e-03 1.829585e-01 3.599501e+00
403 1.519284e-03 2.928667e-02 3.849773e+00
404 1.674801e-03 1.023620e-01 3.467702e+00
405 2.769606e-03 6.536919e-01 3.399794e+00
406 2.360401e-03 1.477482e-01 3.415519e+00
407 1.415326e-03 4.003874e-01 3.367859e+00
408 1.218527e-03 1.390486e-01 3.351980e+00
409 1.290554e-03 5.910974e-02 3.367726e+00
410 1.374699e-03 6.520064e-02 3.383251e+00
411 1.255142e-03 8.696949e-02 3.456466e+00
412 1.192362e-03 5.001881e-02 3.415179e+00
413 1.044981e-03 1.236035e-01 3.336053e+00
414 1.319798e-03 2.629872e-01 3.399838e+00
415 2.316397e-03 7.551144e-01 3.399719e+00
416 1.877999e-03 1.892584e-01 3.375274e+00
417 1.329549e-03 2.920395e-01 3.391880e+00
418 1.204011e-03 9.442147e-02 3.399733e+00
419 1.019493e-03 1.532531e-01 3.464349e+00
420 1.029973e-03 1.027985e-02 3.447469e+00
421 8.821723e-04 1.434996e-01 3.384019e+00
422 9.326611e-04 5.723246e-02 3.383931e+00
423 9.741004e-04 4.443125e-02 3.572908e+00
424 8.325955e-04 1.452673e-01 3.390840e+00
425 1.890736e-03 1.270894e+00 3.519891e+00
426 2.282602e-03 2.072558e-01 3.359736e+00
427 1.612929e-03 2.933812e-01 3.407944e+00
428 1.298620e-03 1.948686e-01 3.375305e+00
429 1.083816e-03 1.654096e-01 3.439279e+00
430 9.425678e-04 1.303247e-01 3.712027e+00
431 9.400265e-04 2.696157e-03 3.463878e+00
432 1.029898e-03 9.560495e-02 3.391980e+00
433 1.178826e-03 1.446052e-01 3.566905e+00
434 1.087369e-03 7.758303e-02 3.695674e+00
435 2.363877e-03 1.173941e+00 3.399803e+00
436 1.526081e-03 3.544158e-01 3.344036e+00
437 1.120465e-03 2.657895e-01 3.415344e+00
438 9.689605e-04 1.352158e-01 3.391822e+00
439 9.281196e-04 4.214921e-02 3.335267e+00
440 8.382372e-04 9.684351e-02 3.511113e+00
441 8.406820e-04 2.916589e-03 3.399817e+00
442 1.046618e-03 2.449628e-01 3.407522e+00
443 7.826193e-04 2.522397e-01 3.376422e+00
444 7.036357e-04 1.009221e-01 3.455785e+00
445 7.016526e-04 2.818381e-03 4.223211e+00
446 1.049027e-03 4.950804e-01 4.095551e+00
447 9.274500e-04 1.158950e-01 3.367495e+00
448 1.762036e-03 8.998712e-01 3.367721e+00
449 2.186514e-03 2.409025e-01 3.415811e+00
450 1.231206e-03 4.369093e-01 3.303970e+00
451 1.149737e-03 6.616988e-02 3.391782e+00
452 1.127563e-03 1.928612e-02 3.310417e+00
453 9.531997e-04 1.546374e-01 3.351175e+00
454 8.194176e-04 1.403505e-01 3.327584e+00
455 8.765429e-04 6.971446e-02 3.343863e+00
456 9.334710e-04 6.494620e-02 3.343911e+00
457 7.910382e-04 1.525841e-01 3.415749e+00
458 8.697269e-04 9.947521e-02 3.360106e+00
459 7.405360e-04 1.485419e-01 3.383713e+00
460 7.639049e-04 3.155668e-02 3.383776e+00
461 1.337014e-03 7.502359e-01 3.383604e+00
462 1.038955e-03 2.229288e-01 3.328154e+00
463 1.841335e-03 7.722952e-01 3.470924e+00
464 1.284330e-03 3.025006e-01 3.376682e+00
465 1.532975e-03 1.935992e-01 3.486425e+00
466 1.889629e-03 2.326547e-01 3.375147e+00
467 1.227959e-03 3.501587e-01 3.527945e+00
468 1.486108e-03 2.102259e-01 3.335428e+00
469 1.187787e-03 2.007399e-01 3.327801e+00
470 1.312257e-03 1.047918e-01 3.415710e+00
471 1.002748e-03 2.358602e-01 3.376284e+00
472 8.631101e-04 1.392551e-01 3.367303e+00
473 8.133956e-04 5.759927e-02 3.375651e+00
474 1.494383e-03 8.372156e-01 3.391982e+00
475 8.876184e-04 4.060302e-01 3.543617e+00
476 1.033841e-03 1.647358e-01 3.629180e+00
477 8.023180e-04 2.239445e-01 3.383348e+00
478 6.753308e-04 1.582754e-01 3.303992e+00
479 7.774913e-04 1.512747e-01 3.335712e+00
480 7.533552e-04 3.104354e-02 3.351624e+00
481 7.235662e-04 3.954168e-02 3.326485e+00
482 6.157653e-04 1.489856e-01 3.432300e+00
483 6.353720e-04 3.184119e-02 3.455265e+00
484 5.891357e-04 7.277052e-02 3.400410e+00
485 1.523196e-03 1.585476e+00 3.391658e+00
486 8.442004e-04 4.457704e-01 3.439907e+00
487 1.420344e-03 6.824726e-01 3.655093e+00
488 1.517481e-03 6.838940e-02 3.711543e+00
489 8.545332e-04 4.368737e-01 3.552211e+00
490 7.439833e-04 1.293688e-01 3.399709e+00
491 1.335027e-03 7.944315e-01 3.391763e+00
492 9.379552e-04 2.974261e-01 3.350957e+00
493 1.165658e-03 2.427649e-01 3.439874e+00
494 7.107051e-04 3.902969e-01 3.399685e+00
495 6.619731e-04 6.856855e-02 3.455315e+00
496 8.658474e-04 3.079798e-01 3.439616e+00
497 8.435427e-04 2.576062e-02 3.359758e+00
498 6.882167e-04 1.841353e-01 3.408423e+00
499 9.015861e-04 3.100323e-01 3.326946e+00
500 6.626980e-04 2.649643e-01 3.400605e+00
501 6.901164e-04 4.137399e-02 3.391189e+00
502 6.039185e-04 1.249035e-01 3.463903e+00
503 9.587678e-04 5.875782e-01 3.701796e+00
504 6.494857e-04 3.225829e-01 3.408165e+00
505 4.661346e-04 2.823020e-01 3.399791e+00
506 4.345432e-04 6.777317e-02 3.351880e+00
507 8.394970e-04 9.319070e-01 3.398883e+00
508 4.169708e-04 5.033087e-01 3.368003e+00
509 3.593209e-04 1.382588e-01 3.287799e+00
510 2.995422e-04 1.663659e-01 3.392378e+00
511 2.861292e-04 4.477819e-02 3.351097e+00
512 2.634389e-04 7.930094e-02 3.831799e+00
513 2.584958e-04 1.876387e-02 3.335235e+00
514 2.523204e-04 2.388971e-02 3.519703e+00
515 2.342439e-04 7.164103e-02 3.488281e+00
516 5.362124e-04 1.289120e+00 3.587518e+00
517 7.304228e-04 3.621894e-01 3.368055e+00
518 3.714428e-04 4.914688e-01 3.351574e+00
519 3.708412e-04 1.619797e-03 3.319475e+00
520 2.800317e-04 2.448744e-01 3.375591e+00
521 2.722215e-04 2.789014e-02 3.375451e+00
522 8.372028e-04 2.075446e+00 3.383901e+00
523 6.476767e-04 2.263802e-01 3.349765e+00
524 3.031594e-04 5.319278e-01 3.383525e+00
525 2.889074e-04 4.701181e-02 3.375406e+00
526 2.166751e-04 2.500189e-01 3.552053e+00
527 5.261662e-04 1.428365e+00 3.399300e+00
528 8.447679e-04 6.055154e-01 3.614898e+00
529 6.001546e-04 2.895627e-01 3.423636e+00
530 3.452409e-04 4.247468e-01 3.367377e+00
531 4.135550e-04 1.978738e-01 3.383635e+00
532 2.790244e-04 3.253029e-01 3.359858e+00
533 4.432180e-04 5.884564e-01 3.383798e+00
534 2.863694e-04 3.538860e-01 3.414992e+00
535 2.777996e-04 2.992550e-02 3.376422e+00
536 2.678311e-04 3.588375e-02 3.335416e+00
537 2.449484e-04 8.543719e-02 3.399767e+00
538 2.076640e-04 1.522134e-01 3.631489e+00
539 4.394749e-04 1.116279e+00 3.519741e+00
540 2.648725e-04 3.972978e-01 3.670744e+00
541 2.220905e-04 1.615191e-01 3.327444e+00
542 2.056460e-04 7.404404e-02 3.319683e+00
543 4.349782e-04 1.115179e+00 3.311680e+00
544 3.902690e-04 1.027850e-01 3.360165e+00
545 3.256591e-04 1.655521e-01 3.495659e+00
546 3.576800e-04 9.832632e-02 3.415075e+00
547 3.354441e-04 6.216697e-02 3.424282e+00
548 1.824932e-04 4.559655e-01 3.375267e+00
549 4.192684e-04 1.297447e+00 3.423746e+00
550 1.811460e-04 5.679475e-01 3.360355e+00
551 2.756164e-04 5.215156e-01 3.391750e+00
552 2.107148e-04 2.354782e-01 3.495439e+00
553 3.948707e-04 8.739582e-01 3.399555e+00
554 1.854124e-04 5.304478e-01 3.400128e+00
555 2.849347e-04 5.367620e-01 3.400158e+00
556 5.403114e-04 8.962638e-01 3.415648e+00
557 2.964128e-04 4.514037e-01 3.455665e+00
558 2.097422e-04 2.923983e-01 3.352813e+00
559 3.160522e-04 5.068601e-01 3.550604e+00
560 4.338144e-04 3.726036e-01 3.511679e+00
561 2.830736e-04 3.474777e-01 3.576409e+00
562 1.989985e-04 2.970079e-01 3.319641e+00
563 2.774805e-04 3.943851e-01 3.431800e+00
564 2.315195e-04 1.656369e-01 3.471721e+00
565 3.642338e-04 5.732315e-01 3.596331e+00
566 3.682082e-04 1.091184e-02 3.399228e+00
567 3.008283e-04 1.829940e-01 3.456071e+00
568 1.647803e-04 4.522447e-01 3.359138e+00
569 2.640947e-04 6.027076e-01 3.432115e+00
570 2.435988e-04 7.760813e-02 3.359737e+00
571 1.935589e-04 2.054191e-01 3.455171e+00
572 1.716661e-04 1.131069e-01 3.368097e+00
573 2.618839e-04 5.255425e-01 3.399905e+00
574 1.674345e-04 3.606538e-01 3.415606e+00
575 2.214904e-04 3.228482e-01 3.519401e+00
576 2.352799e-04 6.225776e-02 3.527107e+00
577 1.674854e-04 2.881438e-01 3.754089e+00
578 1.951436e-04 1.651379e-01 3.621301e+00
579 1.761221e-04 9.747423e-02 3.278335e+00
580 1.640200e-04 6.871417e-02 3.311595e+00
581 1.644639e-04 2.706296e-03 3.367770e+00
582 2.026950e-04 2.324584e-01 3.336210e+00
583 1.265971e-04 3.754304e-01 3.391703e+00
584 1.976364e-04 5.611446e-01 3.359953e+00
585 1.540898e-04 2.203367e-01 3.335791e+00
586 1.769444e-04 1.483196e-01 3.367037e+00
587 1.217055e-04 3.121822e-01 3.440404e+00
588 1.039767e-04 1.456693e-01 3.566531e+00
589 7.806710e-05 2.491869e-01 3.590032e+00
590 1.005424e-04 2.878977e-01 3.320624e+00
591 9.956500e-05 9.721578e-03 3.375842e+00
592 9.759352e-05 1.980096e-02 3.439339e+00
593 1.139574e-04 1.676737e-01 3.461681e+00
594 1.053890e-04 7.518940e-02 3.352030e+00
595 1.084595e-04 2.913474e-02 3.343976e+00
596 9.715794e-05 1.042006e-01 3.367216e+00
597 9.918960e-05 2.091092e-02 3.336396e+00
598 8.207872e-05 1.725068e-01 3.399183e+00
599 8.260148e-05 6.368936e-03 3.487421e+00
600 1.033069e-04 2.506664e-01 4.296037e+00
601 1.087773e-04 5.295274e-02 3.804777e+00
602 1.066581e-04 1.948176e-02 3.264255e+00
603 7.416839e-05 3.046155e-01 3.311917e+00
604 8.750644e-05 1.798348e-01 3.303974e+00
605 7.895757e-05 9.769421e-02 3.335342e+00
606 9.500722e-05 2.032693e-01 3.344238e+00
607 6.847159e-05 2.793011e-01 3.462227e+00
608 4.455991e-05 3.492205e-01 3.352053e+00
609 8.420979e-05 8.898108e-01 3.375659e+00
610 5.336715e-05 3.662596e-01 3.359718e+00
611 7.371832e-05 3.813427e-01 3.447958e+00
612 5.031481e-05 3.174722e-01 3.511431e+00
613 6.757197e-05 3.429838e-01 3.567636e+00
614 5.764787e-05 1.468672e-01 3.367962e+00
615 8.190678e-05 4.208121e-01 3.343275e+00
616 5.954908e-05 2.729653e-01 3.399791e+00
617 7.472201e-05 2.547971e-01 3.391468e+00
618 7.651967e-05 2.405803e-02 3.295565e+00
619 6.703742e-05 1.239191e-01 3.360110e+00
620 5.622575e-05 1.612782e-01 3.351866e+00
621 8.305241e-05 4.771241e-01 3.440252e+00
622 6.225447e-05 2.504195e-01 3.367698e+00
623 5.362655e-05 1.385911e-01 3.327867e+00
624 6.172018e-05 1.509258e-01 3.575346e+00
625 4.787018e-05 2.243998e-01 3.432333e+00
626 5.109715e-05 6.741069e-02 3.559161e+00
627 4.933908e-05 3.440644e-02 3.440409e+00
628 4.001316e-05 1.890168e-01 3.431472e+00
629 5.417211e-05 3.538571e-01 3.344069e+00
630 3.389901e-05 3.742349e-01 3.439713e+00
631 4.367503e-05 2.883866e-01 3.391628e+00
632 3.769751e-05 1.368637e-01 3.335968e+00
633 4.633079e-05 2.290146e-01 3.359506e+00
634 3.164922e-05 3.168859e-01 3.335566e+00
635 3.264275e-05 3.139208e-02 3.383467e+00
636 2.965264e-05 9.160096e-02 3.455861e+00
637 2.704990e-05 8.777440e-02 3.431223e+00
638 2.417379e-05 1.063260e-01 3.537907e+00
639 2.864235e-05 1.848515e-01 3.319713e+00
640 2.651423e-05 7.430001e-02 3.375461e+00
641 3.024016e-05 1.405258e-01 3.399449e+00
642 2.250383e-05 2.558296e-01 3.407670e+00
643 2.206739e-05 1.939426e-02 3.352180e+00
644 2.588182e-05 1.728540e-01 3.415349e+00
645 2.876660e-05 1.114596e-01 3.343798e+00
646 2.305637e-05 1.985020e-01 3.463374e+00
647 3.162353e-05 3.715745e-01 3.351785e+00
648 2.060140e-05 3.485421e-01 3.368464e+00
649 2.121657e-05 2.986068e-02 3.375027e+00
650 2.637826e-05 2.432858e-01 3.623645e+00
651 2.466004e-05 6.513773e-02 3.328309e+00
652 2.040205e-05 1.726676e-01 3.471808e+00
653 1.997713e-05 2.082745e-02 3.453832e+00
654 1.377478e-05 3.104725e-01 3.359017e+00
655 2.099031e-05 5.238220e-01 3.535382e+00
656 1.537611e-05 2.674665e-01 3.488089e+00
657 1.541797e-05 2.722315e-03 3.611973e+00
658 1.534719e-05 4.590172e-03 3.440335e+00
659 1.667265e-05 8.636496e-02 3.432019e+00
660 1.671335e-05 2.440815e-03 3.367597e+00
661 1.360082e-05 1.862299e-01 3.359962e+00
662 1.957535e-05 4.392770e-01 3.311417e+00
663 1.591307e-05 1.870864e-01 3.319394e+00
664 1.628606e-05 2.343891e-02 3.335604e+00
665 1.574829e-05 3.302003e-02 3.311797e+00
666 1.011562e-05 3.576685e-01 3.368596e+00
667 1.619687e-05 6.011738e-01 3.478539e+00
668 1.339075e-05 1.732509e-01 3.407338e+00
669 1.240175e-05 7.385694e-02 3.424075e+00
670 1.502599e-05 2.116026e-01 3.399951e+00
671 1.150581e-05 2.342729e-01 3.375099e+00
672 1.809778e-05 5.729255e-01 3.327989e+00
673 1.099259e-05 3.925998e-01 3.439380e+00
674 1.008998e-05 8.211077e-02 3.487087e+00
675 1.060049e-05 5.059514e-02 3.604157e+00
676 1.040202e-05 1.872285e-02 3.375328e+00
677 1.034252e-05 5.719597e-03 3.360127e+00
678 1.664487e-05 6.093627e-01 3.375504e+00
679 1.324903e-05 2.040172e-01 3.344024e+00
680 1.074718e-05 1.888325e-01 3.319594e+00
681 9.568431e-06 1.096799e-01 3.359016e+00
682 1.062285e-05 1.101979e-01 3.336016e+00
683 1.035062e-05 2.562706e-02 3.351483e+00
684 8.452865e-06 1.833469e-01 3.288317e+00
685 7.709705e-06 8.791815e-02 3.399146e+00
686 1.012629e-05 3.134466e-01 3.439802e+00
687 7.430349e-06 2.662316e-01 3.599631e+00
688 9.151550e-06 2.316447e-01 3.311369e+00
689 8.043507e-06 1.210771e-01 3.343770e+00
690 5.303534e-06 3.406440e-01 3.447296e+00
691 8.301869e-06 5.653466e-01 3.303219e+00
692 6.754742e-06 1.863589e-01 3.383278e+00
693 7.200722e-06 6.602468e-02 3.279444e+00
694 5.671977e-06 2.123045e-01 3.535862e+00
695 4.719230e-06 1.679744e-01 3.335279e+00
696 4.909175e-06 4.024924e-02 3.375445e+00
697 4.893320e-06 3.229582e-03 3.535716e+00
698 4.586964e-06 6.260702e-02 3.480658e+00
699 4.762909e-06 3.835762e-02 3.591166e+00
700 5.188818e-06 8.942190e-02 3.311968e+00
701 3.706620e-06 2.856524e-01 3.479046e+00
702 4.082334e-06 1.013632e-01 3.311637e+00
703 4.478696e-06 9.709204e-02 3.312288e+00
704 3.732086e-06 1.667026e-01 3.375286e+00
705 4.079210e-06 9.301078e-02 3.296405e+00
706 4.524109e-06 1.090649e-01 3.327445e+00
707 4.397526e-06 2.797970e-02 3.359259e+00
708 2.467515e-06 4.388855e-01 3.360090e+00
709 3.973620e-06 6.103730e-01 3.350408e+00
710 2.676671e-06 3.263897e-01 3.559209e+00
711 3.346493e-06 2.502443e-01 3.439584e+00
712 2.655888e-06 2.063669e-01 3.951459e+00
713 2.928398e-06 1.026062e-01 3.271815e+00
714 2.604528e-06 1.105964e-01 3.414955e+00
715 2.896577e-06 1.121314e-01 3.310412e+00
716 2.214134e-06 2.356034e-01 3.408447e+00
717 2.117340e-06 4.371646e-02 3.343388e+00
718 2.186923e-06 3.286369e-02 3.287867e+00
719 2.508768e-06 1.471678e-01 3.335035e+00
720 1.804762e-06 2.806182e-01 3.359639e+00
721 2.434038e-06 3.486751e-01 3.400543e+00
722 1.582539e-06 3.498296e-01 3.535676e+00
723 2.147194e-06 3.568031e-01 3.647161e+00
724 1.785253e-06 1.685647e-01 3.429981e+00
725 1.820564e-06 1.977922e-02 3.279116e+00
726 1.686330e-06 7.373239e-02 3.296068e+00
727 1.750185e-06 3.786644e-02 3.439503e+00
728 1.962862e-06 1.215168e-01 3.303805e+00
729 1.610993e-06 1.792632e-01 3.320272e+00
730 1.420745e-06 1.180937e-01 3.303366e+00
731 1.210762e-06 1.477981e-01 3.239652e+00
732 1.690641e-06 3.963451e-01 3.383464e+00
733 1.261724e-06 2.537008e-01 3.336517e+00
734 1.375705e-06 9.033752e-02 3.470220e+00
735 1.301503e-06 5.393706e-02 4.096330e+00
736 1.525475e-06 1.720869e-01 3.279749e+00
737 1.117592e-06 2.673812e-01 3.271187e+00
738 1.300813e-06 1.639429e-01 3.406192e+00
739 1.271128e-06 2.282018e-02 3.344107e+00
740 9.319422e-07 2.668386e-01 3.343354e+00
741 1.460597e-06 5.672614e-01 3.455527e+00
742 1.026017e-06 2.975360e-01 3.479420e+00
743 1.191995e-06 1.617691e-01 3.295242e+00
744 8.977034e-07 2.468898e-01 3.318833e+00
745 1.031823e-06 1.494034e-01 3.440369e+00
746 8.161178e-07 2.090528e-01 3.575596e+00
747 8.828070e-07 8.171522e-02 4.440022e+00
748 9.731293e-07 1.023126e-01 3.607500e+00
749 8.319541e-07 1.450734e-01 3.294715e+00
750 8.785814e-07 5.604550e-02 3.326847e+00
751 7.466834e-07 1.501261e-01 3.312356e+00
752 6.375427e-07 1.461673e-01 3.296014e+00
753 6.408933e-07 5.255516e-03 3.343039e+00
754 6.856815e-07 6.988386e-02 3.303900e+00
755 5.744549e-07 1.622131e-01 3.286559e+00
756 7.354557e-07 2.802671e-01 3.384407e+00
757 6.169195e-07 1.611739e-01 3.463193e+00
758 5.891311e-07 4.504388e-02 3.302192e+00
759 5.670543e-07 3.747348e-02 3.296153e+00
760 6.787041e-07 1.968945e-01 3.295677e+00
761 5.446698e-07 1.974856e-01 3.319277e+00
762 5.441700e-07 9.177087e-04 3.351832e+00
763 4.893073e-07 1.008190e-01 3.351805e+00
764 6.221609e-07 2.715136e-01 3.296232e+00
765 4.560045e-07 2.670634e-01 3.463368e+00
766 5.392707e-07 1.825995e-01 3.207597e+00
767 4.744321e-07 1.202337e-01 3.320153e+00
768 5.347399e-07 1.271157e-01 3.239752e+00
769 5.207171e-07 2.622369e-02 3.399463e+00
770 4.289170e-07 1.762954e-01 3.559399e+00
771 3.461810e-07 1.928951e-01 3.612391e+00
772 3.932588e-07 1.359918e-01 3.287744e+00
773 3.420902e-07 1.301142e-01 3.287624e+00
774 4.181477e-07 2.223315e-01 3.279722e+00
775 2.958818e-07 2.923989e-01 3.367790e+00
776 3.467074e-07 1.717769e-01 3.287289e+00
777 2.607195e-07 2.480128e-01 3.311980e+00
778 4.071387e-07 5.615965e-01 3.423798e+00
779 3.033025e-07 2.550389e-01 3.367952e+00
780 3.353421e-07 1.056359e-01 3.279612e+00
781 2.747766e-07 1.806082e-01 3.272401e+00
782 3.152247e-07 1.472037e-01 3.454953e+00
783 1.979668e-07 3.719820e-01 3.384348e+00
784 2.479782e-07 2.526251e-01 3.574334e+00
785 2.823642e-07 1.386655e-01 3.367634e+00
786 2.372087e-07 1.599194e-01 3.359535e+00
787 2.632531e-07 1.097952e-01 3.327745e+00
788 1.664176e-07 3.678418e-01 3.495301e+00
789 1.793474e-07 7.769487e-02 3.351787e+00
790 2.289588e-07 2.766217e-01 3.312287e+00
791 2.332220e-07 1.861996e-02 3.351084e+00
792 1.907605e-07 1.820646e-01 3.240385e+00
793 1.909736e-07 1.116962e-03 3.270800e+00
794 2.049433e-07 7.315008e-02 3.327768e+00
795 2.448791e-07 1.948624e-01 3.398981e+00
796 1.842191e-07 2.477140e-01 3.464516e+00
797 2.735236e-07 4.847738e-01 3.383718e+00
798 1.817304e-07 3.355951e-01 3.159951e+00
799 1.945900e-07 7.076174e-02 3.199744e+00
800 1.689467e-07 1.317810e-01 3.333148e+00
801 1.949877e-07 1.541371e-01 3.351460e+00
802 1.351804e-07 3.067234e-01 3.519444e+00
803 1.053747e-07 2.204882e-01 3.375776e+00
804 1.872612e-07 7.770977e-01 3.568026e+00
805 1.154044e-07 3.837252e-01 3.774964e+00
806 1.808835e-07 5.673885e-01 3.359970e+00
807 1.347798e-07 2.548803e-01 3.367556e+00
808 1.433430e-07 6.353461e-02 3.423704e+00
809 9.632445e-08 3.280143e-01 3.272215e+00
810 9.748844e-08 1.208399e-02 3.183729e+00
811 1.063864e-07 9.127244e-02 3.279008e+00
812 1.303889e-07 2.256161e-01 3.424311e+00
813 1.102046e-07 1.548013e-01 3.271880e+00
814 9.420668e-08 1.451653e-01 3.214937e+00
815 1.477023e-07 5.678533e-01 3.224504e+00
816 9.338161e-08 3.677713e-01 3.455911e+00
817 1.294295e-07 3.860272e-01 3.367544e+00
818 1.495985e-07 1.558308e-01 3.431723e+00
819 1.153939e-07 2.286432e-01 3.271230e+00
820 9.098009e-08 2.115690e-01 3.240663e+00
821 7.597862e-08 1.648874e-01 3.319055e+00
822 1.417135e-07 8.651755e-01 3.351673e+00
823 1.326270e-07 6.411861e-02 3.191641e+00
824 1.093120e-07 1.757940e-01 3.224030e+00
825 9.728490e-08 1.100250e-01 3.215904e+00
826 1.206431e-07 2.401005e-01 3.151174e+00
827 9.355108e-08 2.245631e-01 3.224636e+00
828 8.151177e-08 1.286924e-01 3.303528e+00
829 1.081047e-07 3.262464e-01 3.455677e+00
830 8.304977e-08 2.317653e-01 3.555277e+00
831 8.676693e-08 4.475823e-02 3.279724e+00
832 6.636226e-08 2.351664e-01 3.335708e+00
833 9.228235e-08 3.905847e-01 3.206266e+00
834 7.645246e-08 1.715375e-01 3.172768e+00
835 7.656739e-08 1.503218e-03 3.111726e+00
836 5.872632e-08 2.330113e-01 3.143854e+00
837 8.491889e-08 4.460108e-01 3.175709e+00
838 5.937691e-08 3.007809e-01 3.256075e+00
839 5.356095e-08 9.794990e-02 3.263872e+00
840 4.143659e-08 2.263656e-01 3.239710e+00
841 5.414055e-08 3.065879e-01 3.359723e+00
842 3.827454e-08 2.930522e-01 3.367802e+00
843 3.513421e-08 8.204765e-02 3.543150e+00
844 3.546495e-08 9.413617e-03 3.263178e+00
845 3.638104e-08 2.583101e-02 3.320785e+00
846 4.329377e-08 1.900090e-01 3.503577e+00
847 2.773073e-08 3.594753e-01 3.231463e+00
848 3.558917e-08 2.833837e-01 3.253825e+00
849 2.957988e-08 1.688515e-01 3.344106e+00
850 3.151120e-08 6.529151e-02 3.263143e+00
851 2.892232e-08 8.215755e-02 3.303610e+00
852 2.826151e-08 2.284747e-02 3.247799e+00
853 3.209108e-08 1.355048e-01 3.407732e+00
854 3.033745e-08 5.464538e-02 3.495695e+00
855 2.930206e-08 3.412930e-02 3.734740e+00
856 3.084314e-08 5.259300e-02 3.726828e+00
857 2.611655e-08 1.532462e-01 3.382718e+00
858 2.218146e-08 1.506743e-01 3.310984e+00
859 1.926647e-08 1.314155e-01 3.319944e+00
860 2.131649e-08 1.064036e-01 3.359722e+00
861 1.928130e-08 9.547493e-02 3.224204e+00
862 2.535371e-08 3.149376e-01 3.135807e+00
863 2.592686e-08 2.260609e-02 3.095817e+00
864 1.773525e-08 3.159507e-01 3.144461e+00
865 2.171756e-08 2.245425e-01 3.135058e+00
866 1.532769e-08 2.942262e-01 3.664629e+00
867 1.990916e-08 2.989017e-01 3.119792e+00
868 1.497256e-08 2.479560e-01 3.446109e+00
869 2.055456e-08 3.728152e-01 3.135737e+00
870 1.569598e-08 2.363749e-01 3.111603e+00
871 2.129805e-08 3.569108e-01 3.128039e+00
872 1.597149e-08 2.500961e-01 3.263149e+00
873 1.958062e-08 2.259737e-01 3.168392e+00
874 1.470637e-08 2.489326e-01 3.158104e+00
875 1.738279e-08 1.819908e-01 3.216208e+00
876 1.159832e-08 3.327700e-01 3.367435e+00
877 1.644654e-08 4.180106e-01 3.167940e+00
878 1.362557e-08 1.715234e-01 3.183184e+00
879 1.233402e-08 9.478906e-02 3.327228e+00
880 1.030611e-08 1.644156e-01 3.448335e+00
881 1.700895e-08 6.503749e-01 3.277690e+00
882 9.652456e-09 4.325073e-01 3.351060e+00
883 7.122026e-09 2.621540e-01 3.360163e+00
884 1.044122e-08 4.660460e-01 3.263827e+00
885 1.288633e-08 2.341784e-01 3.119299e+00
886 1.059681e-08 1.776700e-01 3.207821e+00
887 1.059710e-08 2.759629e-05 3.301939e+00
888 8.627594e-09 1.858537e-01 3.342543e+00
889 1.552623e-08 7.996011e-01 3.207199e+00
890 1.008238e-08 3.506226e-01 3.184554e+00
891 7.698040e-09 2.364859e-01 3.031759e+00
892 4.678304e-09 3.922734e-01 3.111747e+00
893 9.604032e-09 1.052888e+00 3.168671e+00
894 8.173379e-09 1.489638e-01 3.215779e+00
895 1.060350e-08 2.973216e-01 3.143620e+00
896 9.442047e-09 1.095349e-01 3.167587e+00
897 7.375145e-09 2.189040e-01 3.039648e+00
898 7.130325e-09 3.319529e-02 3.095138e+00
899 1.143935e-08 6.043239e-01 3.159755e+00
900 5.334443e-09 5.336761e-01 3.208192e+00
901 7.611236e-09 4.268100e-01 3.879950e+00
902 5.332157e-09 2.994361e-01 3.733198e+00
903 5.302828e-09 5.500356e-03 3.032085e+00
904 3.936499e-09 2.576604e-01 3.079633e+00
905 6.786898e-09 7.240949e-01 3.199570e+00
906 4.647542e-09 3.152185e-01 3.127638e+00
907 5.645934e-09 2.148213e-01 3.215638e+00
908 4.406559e-09 2.195163e-01 3.112021e+00
909 5.622432e-09 2.759233e-01 3.048122e+00
910 4.769846e-09 1.516401e-01 3.183009e+00
911 5.135272e-09 7.661161e-02 3.119740e+00
912 4.112278e-09 1.992092e-01 3.031331e+00
913 6.862750e-09 6.688437e-01 3.151026e+00
914 4.883035e-09 2.884725e-01 3.208146e+00
915 5.066711e-09 3.761510e-02 3.430177e+00
916 4.147619e-09 1.813983e-01 3.071477e+00
917 5.001916e-09 2.059730e-01 3.135626e+00
918 6.500392e-09 2.995803e-01 3.008363e+00
919 3.815413e-09 4.130487e-01 3.135920e+00
920 4.024443e-09 5.478559e-02 2.983338e+00
921 4.218707e-09 4.827093e-02 2.943391e+00
922 3.947592e-09 6.426480e-02 3.135645e+00
923 4.052544e-09 2.658615e-02 3.262601e+00
924 3.757389e-09 7.283193e-02 3.095676e+00
925 2.890096e-09 2.308232e-01 3.071639e+00
926 3.130087e-09 8.303876e-02 3.031899e+00
927 2.656623e-09 1.512621e-01 3.295995e+00
928 3.122319e-09 1.752960e-01 3.350776e+00
929 3.043495e-09 2.524518e-02 3.487289e+00
930 3.098171e-09 1.796492e-02 3.039669e+00
931 3.725871e-09 2.026034e-01 3.119704e+00
932 3.472140e-09 6.809982e-02 3.016168e+00
933 2.818765e-09 1.881766e-01 3.079874e+00
934 2.769454e-09 1.749379e-02 3.095791e+00
935 2.358132e-09 1.485209e-01 3.175651e+00
936 2.477690e-09 5.070022e-02 3.048125e+00
937 2.483843e-09 2.483572e-03 3.079211e+00
938 1.928349e-09 2.236430e-01 3.112284e+00
939 2.749452e-09 4.258062e-01 3.119899e+00
940 2.516937e-09 8.456796e-02 3.183019e+00
941 2.685981e-09 6.716251e-02 3.135746e+00
942 1.901548e-09 2.920468e-01 3.183227e+00
943 2.737398e-09 4.395628e-01 3.072666e+00
944 1.984503e-09 2.750404e-01 3.063353e+00
945 2.244620e-09 1.310739e-01 3.047324e+00
946 1.674865e-09 2.538314e-01 3.103462e+00
947 1.792754e-09 7.038732e-02 3.151278e+00
948 1.435909e-09 1.990485e-01 3.119670e+00
949 1.439971e-09 2.828387e-03 3.000362e+00
950 1.306003e-09 9.303489e-02 2.951394e+00
951 1.119537e-09 1.427760e-01 2.888136e+00
952 9.190408e-10 1.790886e-01 2.848037e+00
953 9.520120e-10 3.587564e-02 3.053041e+00
954 1.112740e-09 1.688303e-01 3.911010e+00
955 8.680806e-10 2.198714e-01 3.100750e+00
956 8.073272e-10 6.998590e-02 2.823951e+00
957 8.471978e-10 4.938586e-02 2.799365e+00
958 6.677261e-10 2.118415e-01 2.799913e+00
959 7.818959e-10 1.709830e-01 2.864330e+00
960 6.935300e-10 1.130149e-01 2.847893e+00
961 7.585591e-10 9.376536e-02 2.855366e+00
962 7.978892e-10 5.184842e-02 2.855429e+00
963 8.813937e-10 1.046568e-01 2.872552e+00
964 8.614148e-10 2.266740e-02 2.895221e+00
965 1.046356e-09 2.146948e-01 2.887987e+00
966 8.833224e-10 1.558109e-01 2.887585e+00
967 8.018837e-10 9.219594e-02 2.991684e+00
968 6.909371e-10 1.383575e-01 3.039730e+00
969 6.710617e-10 2.876591e-02 3.150554e+00
970 6.421136e-10 4.313771e-02 2.920217e+00
971 5.679947e-10 1.154296e-01 2.871275e+00
972 7.062730e-10 2.434502e-01 2.784380e+00
973 5.325305e-10 2.459992e-01 2.935773e+00
974 6.808557e-10 2.785291e-01 2.975654e+00
975 4.837181e-10 2.895439e-01 3.000049e+00
976 5.645980e-10 1.672048e-01 2.911468e+00
977 5.304808e-10 6.042753e-02 3.207521e+00
978 4.805789e-10 9.406912e-02 3.191291e+00
979 4.447537e-10 7.454599e-02 3.000134e+00
980 3.214612e-10 2.772152e-01 2.983893e+00
981 3.702502e-10 1.517725e-01 3.159161e+00
982 4.212370e-10 1.377093e-01 3.080219e+00
983 4.442429e-10 5.461490e-02 3.151016e+00
984 3.483199e-10 2.159245e-01 3.199085e+00
985 3.769893e-10 8.230767e-02 3.271638e+00
986 2.965025e-10 2.134990e-01 3.279231e+00
987 3.593105e-10 2.118295e-01 3.023384e+00
988 3.555692e-10 1.041225e-02 3.215439e+00
989 3.101489e-10 1.277398e-01 2.999089e+00
990 3.617631e-10 1.664173e-01 2.904393e+00
991 3.063753e-10 1.531052e-01 2.983694e+00
992 3.256561e-10 6.293197e-02 2.895940e+00
993 3.618003e-10 1.109889e-01 2.983695e+00
994 2.741395e-10 2.422905e-01 3.053557e+00
995 2.547265e-10 7.081441e-02 2.968818e+00
996 2.575383e-10 1.103875e-02 3.014854e+00
997 2.581064e-10 2.205890e-03 2.951967e+00
998 2.902848e-10 1.246709e-01 3.159662e+00
999 1.990923e-10 3.141484e-01 3.256115e+00
1000 2.893505e-10 4.533488e-01 3.358019e+00
1001 1.972421e-10 3.183282e-01 3.351344e+00
1002 2.402010e-10 2.177976e-01 2.927612e+00
1003 2.408371e-10 2.648440e-03 3.046721e+00
1004 1.861662e-10 2.270038e-01 2.975119e+00
1005 2.010097e-10 7.973231e-02 3.007398e+00
1006 1.773534e-10 1.176874e-01 3.040171e+00
1007 1.881741e-10 6.101260e-02 2.895882e+00
1008 1.999765e-10 6.272029e-02 2.823316e+00
1009 1.407257e-10 2.962890e-01 2.839535e+00
1010 1.741067e-10 2.372068e-01 3.015717e+00
1011 1.571555e-10 9.736107e-02 3.064151e+00
1012 1.558187e-10 8.506349e-03 3.103456e+00
1013 1.761213e-10 1.302966e-01 2.983760e+00
1014 1.343610e-10 2.371114e-01 2.951675e+00
1015 1.565824e-10 1.653862e-01 2.904127e+00
1016 1.255244e-10 1.983495e-01 2.903819e+00
1017 1.528035e-10 2.173218e-01 2.903564e+00
1018 1.156916e-10 2.428738e-01 3.071761e+00
1019 1.099016e-10 5.004621e-02 2.911593e+00
1020 1.066851e-10 2.926743e-02 3.223945e+00
1021 1.600672e-10 5.003705e-01 2.983734e+00
1022 1.223309e-10 2.357526e-01 2.943189e+00
1023 1.295819e-10 5.927346e-02 2.992169e+00
1024 8.711376e-11 3.277320e-01 3.031787e+00
