1 9.960023e-01 1.000000e+00 3.831100e+00
2 9.822459e-01 1.381167e-02 3.991522e+00
3 8.799791e-01 1.041153e-01 3.986507e+00
4 8.462698e-01 3.830686e-02 4.126290e+00
5 7.954967e-01 5.999634e-02 4.014836e+00
6 6.769875e-01 1.489751e-01 4.534027e+00
7 6.450223e-01 4.721681e-02 3.693158e+00
8 6.039100e-01 6.373782e-02 3.845032e+00
9 5.722998e-01 5.234255e-02 3.928952e+00
10 5.596845e-01 2.204311e-02 4.245586e+00
11 4.870391e-01 1.297971e-01 3.638561e+00
12 4.276129e-01 1.220153e-01 3.863646e+00
13 3.948334e-01 7.665697e-02 3.878886e+00
14 3.024688e-01 2.339331e-01 4.171452e+00
15 2.848617e-01 5.821111e-02 3.759890e+00
16 2.798469e-01 1.760454e-02 4.165857e+00
17 2.861091e-01 2.237725e-02 3.823346e+00
18 2.204600e-01 2.294547e-01 3.694016e+00
19 2.116082e-01 4.015170e-02 3.918779e+00
20 2.050596e-01 3.094671e-02 3.759940e+00
21 1.831549e-01 1.068209e-01 3.727253e+00
22 1.319538e-01 2.795510e-01 4.015048e+00
23 1.091538e-01 1.727876e-01 3.759898e+00
24 1.063228e-01 2.593633e-02 3.712279e+00
25 9.296502e-02 1.256339e-01 3.814889e+00
26 8.605164e-02 7.436535e-02 3.684283e+00
27 8.075352e-02 6.156917e-02 3.806955e+00
28 8.986498e-02 1.128306e-01 3.935532e+00
29 7.804540e-02 1.315260e-01 3.717873e+00
30 7.531769e-02 3.495022e-02 3.910244e+00
31 8.164291e-02 8.398053e-02 3.963330e+00
32 7.102372e-02 1.300688e-01 3.759521e+00
33 7.292145e-02 2.671970e-02 3.708033e+00
34 6.975680e-02 4.339811e-02 3.670779e+00
35 6.015206e-02 1.376889e-01 3.819792e+00
36 5.984500e-02 5.104687e-03 3.664177e+00
37 7.759041e-02 2.965229e-01 3.839450e+00
38 6.391289e-02 1.762785e-01 3.695415e+00
39 5.505235e-02 1.386346e-01 3.663657e+00
40 5.410269e-02 1.725023e-02 3.783127e+00
41 5.325064e-02 1.574873e-02 3.695656e+00
42 5.516647e-02 3.597757e-02 3.784077e+00
43 6.037393e-02 9.439544e-02 3.847522e+00
44 4.758985e-02 2.117484e-01 3.558712e+00
45 4.503750e-02 5.363222e-02 3.949862e+00
46 4.498040e-02 1.267705e-03 4.891979e+00
47 4.402958e-02 2.113858e-02 3.760425e+00
48 4.551509e-02 3.373882e-02 3.678983e+00
49 4.553614e-02 4.626224e-04 3.677064e+00
50 4.335871e-02 4.781771e-02 3.639316e+00
51 4.349981e-02 3.254180e-03 3.860300e+00
52 4.576456e-02 5.206341e-02 3.655504e+00
53 5.985710e-02 3.079357e-01 3.743767e+00
54 4.779136e-02 2.015758e-01 3.764326e+00
55 5.098817e-02 6.689099e-02 3.699960e+00
56 4.149367e-02 1.862099e-01 4.114666e+00
57 4.084839e-02 1.555129e-02 3.979316e+00
58 3.813693e-02 6.637847e-02 3.867377e+00
59 3.559928e-02 6.654049e-02 3.607477e+00
60 3.504531e-02 1.556139e-02 3.711688e+00
61 3.384617e-02 3.421685e-02 3.671481e+00
62 3.124705e-02 7.679211e-02 3.655930e+00
63 3.127345e-02 8.447609e-04 3.863388e+00
64 2.821324e-02 9.785328e-02 3.869760e+00
65 2.429676e-02 1.388171e-01 3.735775e+00
66 2.162621e-02 1.099136e-01 3.791423e+00
67 2.119774e-02 1.981276e-02 4.477537e+00
68 2.695499e-02 2.715974e-01 4.277787e+00
69 2.045130e-02 2.412795e-01 3.767507e+00
70 2.209837e-02 8.053597e-02 3.711226e+00
71 1.840426e-02 1.671665e-01 3.731622e+00
72 2.050656e-02 1.142288e-01 3.807876e+00
73 1.916409e-02 6.546536e-02 4.012413e+00
74 1.871210e-02 2.358539e-02 3.750598e+00
75 1.597793e-02 1.461174e-01 3.748419e+00
76 1.456865e-02 8.820179e-02 3.711226e+00
77 1.382120e-02 5.130523e-02 3.703425e+00
78 1.467140e-02 6.151430e-02 3.639447e+00
79 1.257395e-02 1.429623e-01 3.719613e+00
80 1.013289e-02 1.941358e-01 3.616082e+00
81 1.031193e-02 1.766880e-02 3.701089e+00
82 7.638363e-03 2.592693e-01 3.636082e+00
83 6.484502e-03 1.510613e-01 3.733669e+00
84 6.243636e-03 3.714487e-02 3.631109e+00
85 7.840500e-03 2.557587e-01 3.706349e+00
86 5.932902e-03 2.433006e-01 3.751308e+00
87 7.513005e-03 2.663288e-01 4.598389e+00
88 5.619387e-03 2.520453e-01 3.765945e+00
89 5.743541e-03 2.209393e-02 3.703854e+00
90 5.850790e-03 1.867286e-02 3.806008e+00
91 4.017382e-03 3.133607e-01 3.808122e+00
92 3.713574e-03 7.562332e-02 3.818264e+00
93 3.850907e-03 3.698128e-02 3.727546e+00
94 4.843928e-03 2.578667e-01 4.090425e+00
95 3.125879e-03 3.546810e-01 3.758853e+00
96 2.957141e-03 5.398086e-02 3.773091e+00
97 4.167445e-03 4.092818e-01 3.813637e+00
98 3.566966e-03 1.440881e-01 4.181897e+00
99 2.672099e-03 2.508763e-01 3.763415e+00
100 3.022036e-03 1.309597e-01 3.567479e+00
101 2.818017e-03 6.751031e-02 3.718824e+00
102 3.069783e-03 8.934129e-02 3.813620e+00
103 2.810846e-03 8.435020e-02 3.718490e+00
104 2.880981e-03 2.495151e-02 3.639764e+00
105 2.545561e-03 1.164255e-01 3.663139e+00
106 3.184084e-03 2.508377e-01 3.783261e+00
107 2.417619e-03 2.407177e-01 3.614517e+00
108 3.717828e-03 5.378058e-01 3.632253e+00
109 3.179708e-03 1.447404e-01 3.767067e+00
110 2.340160e-03 2.640330e-01 3.575171e+00
111 3.076530e-03 3.146666e-01 3.528240e+00
112 2.958468e-03 3.837512e-02 3.686748e+00
113 2.704786e-03 8.574792e-02 3.639068e+00
114 2.706827e-03 7.545643e-04 3.679848e+00
115 2.504606e-03 7.470766e-02 3.655419e+00
116 2.099671e-03 1.616760e-01 3.787712e+00
117 2.639154e-03 2.569366e-01 3.622508e+00
118 2.375780e-03 9.979487e-02 3.687161e+00
119 2.481938e-03 4.468345e-02 4.014467e+00
120 2.317156e-03 6.639243e-02 3.775693e+00
121 2.171453e-03 6.287987e-02 4.138093e+00
122 4.163267e-03 9.172722e-01 3.797995e+00
123 2.618023e-03 3.711614e-01 3.615770e+00
124 2.198294e-03 1.603229e-01 3.717559e+00
125 2.005875e-03 8.753118e-02 3.744099e+00
126 2.124363e-03 5.907080e-02 3.883488e+00
127 1.788807e-03 1.579563e-01 3.716078e+00
128 2.212152e-03 2.366633e-01 3.583459e+00
129 2.301844e-03 4.054542e-02 3.677335e+00
130 2.224148e-03 3.375390e-02 3.643653e+00
131 1.992670e-03 1.040751e-01 3.565756e+00
132 2.249943e-03 1.291096e-01 3.789168e+00
133 1.939896e-03 1.378019e-01 3.574977e+00
134 1.889793e-03 2.582802e-02 3.598758e+00
135 1.948454e-03 3.104143e-02 3.574898e+00
136 2.259374e-03 1.595725e-01 3.760659e+00
137 2.829194e-03 2.522025e-01 3.695248e+00
138 1.932787e-03 3.168420e-01 3.711442e+00
139 2.214261e-03 1.456314e-01 3.791930e+00
140 2.185040e-03 1.319653e-02 3.671141e+00
141 2.120554e-03 2.951254e-02 3.894629e+00
142 2.089889e-03 1.446085e-02 3.864438e+00
143 2.153298e-03 3.034053e-02 3.939789e+00
144 1.736885e-03 1.933838e-01 3.679105e+00
145 2.132491e-03 2.277676e-01 3.680139e+00
146 1.791075e-03 1.601016e-01 3.759641e+00
147 2.090420e-03 1.671314e-01 3.757655e+00
148 1.763306e-03 1.564828e-01 3.709926e+00
149 1.829310e-03 3.743243e-02 3.775526e+00
150 2.087780e-03 1.412935e-01 3.646874e+00
151 2.041166e-03 2.232718e-02 3.745938e+00
152 2.050333e-03 4.491358e-03 3.734566e+00
153 1.768557e-03 1.374297e-01 3.823604e+00
154 1.824743e-03 3.176985e-02 3.854767e+00
155 2.075983e-03 1.376851e-01 3.677595e+00
156 2.058259e-03 8.537744e-03 3.732274e+00
157 2.029508e-03 1.396871e-02 3.709996e+00
158 2.051373e-03 1.077339e-02 3.663812e+00
159 2.042866e-03 4.146791e-03 3.685811e+00
160 2.022437e-03 1.000006e-02 3.670799e+00
161 1.729282e-03 1.449513e-01 3.677198e+00
162 2.003002e-03 1.582849e-01 3.720030e+00
163 1.735574e-03 1.335133e-01 3.885969e+00
164 2.014332e-03 1.606143e-01 3.771737e+00
165 1.994400e-03 9.895086e-03 3.827338e+00
166 1.994205e-03 9.777411e-05 3.702642e+00
167 1.736628e-03 1.291630e-01 3.727453e+00
168 2.006161e-03 1.552052e-01 3.735096e+00
169 1.765480e-03 1.199709e-01 3.802583e+00
170 1.693633e-03 4.069557e-02 3.731210e+00
171 1.966476e-03 1.610991e-01 3.757956e+00
172 1.704182e-03 1.333829e-01 3.766385e+00
173 1.960799e-03 1.505811e-01 3.919491e+00
174 1.701104e-03 1.324437e-01 3.918531e+00
175 1.697677e-03 2.014273e-03 3.726398e+00
176 1.719838e-03 1.305378e-02 3.688089e+00
177 1.674846e-03 2.616079e-02 3.733480e+00
178 1.713358e-03 2.299445e-02 3.679182e+00
179 1.678676e-03 2.024233e-02 3.703154e+00
180 1.697538e-03 1.123632e-02 3.632276e+00
181 1.659586e-03 2.235684e-02 3.671352e+00
182 1.675562e-03 9.626103e-03 3.671691e+00
183 1.687816e-03 7.313551e-03 3.775172e+00
184 1.690487e-03 1.582302e-03 4.134633e+00
185 1.675195e-03 9.045770e-03 3.831519e+00
186 1.663997e-03 6.684728e-03 3.663346e+00
187 1.668103e-03 2.467872e-03 3.814907e+00
188 1.662827e-03 3.163101e-03 3.750971e+00
189 1.671927e-03 5.473007e-03 3.695833e+00
190 1.671380e-03 3.277154e-04 3.661616e+00
191 1.662260e-03 5.456263e-03 3.679802e+00
192 1.673636e-03 6.843658e-03 3.814808e+00
193 1.671988e-03 9.846082e-04 3.696616e+00
194 1.670428e-03 9.332523e-04 3.695275e+00
195 1.661401e-03 5.403800e-03 3.679216e+00
196 1.667351e-03 3.581305e-03 3.727138e+00
197 1.667482e-03 7.833209e-05 3.767199e+00
198 1.662584e-03 2.937357e-03 3.895936e+00
199 1.664778e-03 1.320055e-03 3.960826e+00
200 1.662933e-03 1.108382e-03 3.775339e+00
201 1.662233e-03 4.210360e-04 3.765070e+00
202 1.650800e-03 6.877899e-03 3.527993e+00
203 1.656100e-03 3.210535e-03 3.607403e+00
204 1.648283e-03 4.720400e-03 3.728328e+00
205 1.646946e-03 8.110829e-04 3.695292e+00
206 1.647509e-03 3.415536e-04 3.671771e+00
207 1.652836e-03 3.233970e-03 3.623530e+00
208 1.654861e-03 1.225160e-03 3.654445e+00
209 1.651672e-03 1.927584e-03 3.751028e+00
210 1.645747e-03 3.587128e-03 3.663944e+00
211 1.652424e-03 4.057187e-03 3.751435e+00
212 1.650454e-03 1.192407e-03 3.671448e+00
213 1.644308e-03 3.723397e-03 3.695994e+00
214 1.649195e-03 2.971619e-03 3.688367e+00
215 1.641493e-03 4.669915e-03 3.751667e+00
216 1.642494e-03 6.100510e-04 3.591328e+00
217 1.641108e-03 8.439492e-04 3.670060e+00
218 1.639277e-03 1.115575e-03 3.672029e+00
219 1.642211e-03 1.789390e-03 3.664171e+00
220 1.637636e-03 2.785437e-03 3.799249e+00
221 1.640490e-03 1.742561e-03 3.759257e+00
222 1.639583e-03 5.528648e-04 3.656397e+00
223 1.638792e-03 4.826048e-04 3.687397e+00
224 1.637949e-03 5.144211e-04 4.015787e+00
225 1.636759e-03 7.263013e-04 4.014816e+00
226 1.636219e-03 3.299578e-04 3.935801e+00
227 1.635514e-03 4.309387e-04 3.631545e+00
228 1.635114e-03 2.448402e-04 3.663588e+00
229 1.642775e-03 4.685306e-03 3.759730e+00
230 1.642913e-03 8.437707e-05 3.663435e+00
231 1.641087e-03 1.111462e-03 3.687583e+00
232 1.633782e-03 4.451640e-03 3.711459e+00
233 1.639305e-03 3.380800e-03 3.720088e+00
234 1.633987e-03 3.244145e-03 3.695828e+00
235 1.636225e-03 1.369507e-03 3.710985e+00
236 1.633970e-03 1.377797e-03 3.847933e+00
237 1.630853e-03 1.908030e-03 3.967366e+00
238 1.638943e-03 4.960575e-03 3.671531e+00
239 1.638989e-03 2.823478e-05 3.623832e+00
240 1.632222e-03 4.128469e-03 3.678836e+00
241 1.638778e-03 4.016428e-03 3.744068e+00
242 1.633854e-03 3.004459e-03 3.863876e+00
243 1.635756e-03 1.164085e-03 3.680122e+00
244 1.628946e-03 4.163554e-03 3.598743e+00
245 1.631718e-03 1.701725e-03 3.718039e+00
246 1.635743e-03 2.466739e-03 3.855263e+00
247 1.631574e-03 2.548844e-03 3.829314e+00
248 1.624242e-03 4.493622e-03 3.892144e+00
249 1.631237e-03 4.306705e-03 3.847863e+00
250 1.626840e-03 2.695654e-03 3.802353e+00
251 1.630299e-03 2.126530e-03 3.695796e+00
252 1.627112e-03 1.954902e-03 3.686543e+00
253 1.622864e-03 2.611219e-03 3.863589e+00
254 1.629294e-03 3.962299e-03 3.687405e+00
255 1.628064e-03 7.545233e-04 3.687202e+00
256 1.629639e-03 9.670994e-04 3.688054e+00
257 1.628971e-03 4.101193e-04 3.687499e+00
258 1.632512e-03 2.173749e-03 3.806133e+00
259 1.627764e-03 2.908418e-03 4.030718e+00
260 1.628182e-03 2.567881e-04 3.731833e+00
261 1.629381e-03 7.368293e-04 3.600148e+00
262 1.628239e-03 7.013016e-04 3.677908e+00
263 1.625906e-03 1.432620e-03 3.839544e+00
264 1.627160e-03 7.714195e-04 3.711850e+00
265 1.623887e-03 2.011333e-03 3.726040e+00
266 1.625106e-03 7.505984e-04 3.792683e+00
267 1.625104e-03 1.565878e-06 3.647223e+00
268 1.624334e-03 4.736893e-04 3.775814e+00
269 1.621769e-03 1.579078e-03 3.845930e+00
270 1.624606e-03 1.749385e-03 4.024971e+00
271 1.623181e-03 8.774049e-04 3.415586e+00
272 1.621805e-03 8.472991e-04 3.678163e+00
273 1.620612e-03 7.357676e-04 3.885354e+00
274 1.618792e-03 1.122779e-03 3.676918e+00
275 1.620817e-03 1.250407e-03 3.692335e+00
276 1.620868e-03 3.184240e-05 3.743056e+00
277 1.620422e-03 2.754892e-04 3.583832e+00
278 1.620737e-03 1.947310e-04 3.574655e+00
279 1.619705e-03 6.371179e-04 3.904234e+00
280 1.620594e-03 5.488287e-04 3.957363e+00
281 1.617790e-03 1.729757e-03 3.867836e+00
282 1.620832e-03 1.880001e-03 3.795855e+00
283 1.930878e-03 1.912885e-01 3.732488e+00
284 1.630042e-03 1.558026e-01 3.679251e+00
285 1.507999e-03 7.487136e-02 3.662603e+00
286 2.262422e-03 5.002806e-01 3.555746e+00
287 1.132106e-03 4.996041e-01 3.781333e+00
288 1.918252e-03 6.944099e-01 3.880192e+00
289 1.753799e-03 8.573091e-02 3.606008e+00
290 1.651088e-03 5.856489e-02 3.637608e+00
291 1.801305e-03 9.098085e-02 3.743782e+00
292 1.378500e-03 2.347216e-01 3.667006e+00
293 2.268324e-03 6.455021e-01 3.875906e+00
294 1.791368e-03 2.102682e-01 3.931275e+00
295 1.780120e-03 6.278991e-03 3.663661e+00
296 1.336832e-03 2.490216e-01 3.630945e+00
297 1.945868e-03 4.555821e-01 3.571848e+00
298 1.135793e-03 4.163051e-01 3.690638e+00
299 2.050669e-03 8.054946e-01 3.752233e+00
300 1.804154e-03 1.202119e-01 3.693119e+00
301 1.358842e-03 2.468260e-01 3.611517e+00
302 1.248375e-03 8.129465e-02 3.615407e+00
303 1.190168e-03 4.662675e-02 3.592117e+00
304 1.432430e-03 2.035531e-01 3.781534e+00
305 1.615420e-03 1.277479e-01 3.983030e+00
306 1.383295e-03 1.436935e-01 3.662991e+00
307 1.165786e-03 1.572396e-01 3.662908e+00
308 1.127108e-03 3.317782e-02 3.637891e+00
309 1.109313e-03 1.578800e-02 3.743539e+00
310 1.091668e-03 1.590610e-02 3.631362e+00
311 1.005003e-03 7.938768e-02 3.631529e+00
312 1.016551e-03 1.149015e-02 3.583452e+00
313 1.048013e-03 3.094971e-02 3.679909e+00
314 8.951387e-04 1.458703e-01 3.671506e+00
315 1.382270e-03 5.441964e-01 3.638558e+00
316 8.939828e-04 3.532502e-01 3.695737e+00
317 1.053958e-03 1.789462e-01 3.695956e+00
318 8.978358e-04 1.481292e-01 3.622077e+00
319 1.338925e-03 4.912804e-01 3.642005e+00
320 9.650671e-04 2.792224e-01 3.718903e+00
321 8.782907e-04 8.991745e-02 3.614246e+00
322 9.016413e-04 2.658640e-02 3.711660e+00
323 9.285087e-04 2.979827e-02 3.911324e+00
324 7.264338e-04 2.176338e-01 3.904422e+00
325 1.047730e-03 4.422919e-01 3.881309e+00
326 6.559658e-04 3.739170e-01 3.669196e+00
327 6.928470e-04 5.622436e-02 3.655283e+00
328 8.750681e-04 2.630034e-01 3.648188e+00
329 6.814224e-04 2.212922e-01 3.671464e+00
330 6.568003e-04 3.613345e-02 3.757984e+00
331 6.512647e-04 8.428073e-03 3.715290e+00
332 1.038371e-03 5.943920e-01 3.656025e+00
333 7.144795e-04 3.119229e-01 3.884318e+00
334 4.978454e-04 3.032054e-01 3.700561e+00
335 6.667647e-04 3.393006e-01 3.895361e+00
336 4.421411e-04 3.368858e-01 3.911942e+00
337 4.665361e-04 5.517466e-02 3.734767e+00
338 4.681473e-04 3.453628e-03 3.731940e+00
339 6.509100e-04 3.903955e-01 3.723771e+00
340 5.932417e-04 8.859638e-02 3.661188e+00
341 5.106819e-04 1.391672e-01 3.663097e+00
342 4.579234e-04 1.033099e-01 3.618515e+00
343 5.368472e-04 1.723514e-01 3.709445e+00
344 4.738776e-04 1.172952e-01 3.716570e+00
345 4.027295e-04 1.501402e-01 3.645823e+00
346 5.212777e-04 2.943618e-01 4.091877e+00
347 4.685706e-04 1.011113e-01 3.714837e+00
348 4.862927e-04 3.782166e-02 4.007406e+00
349 3.462264e-04 2.880288e-01 3.780153e+00
350 3.877087e-04 1.198127e-01 3.673534e+00
351 3.609710e-04 6.896333e-02 3.717729e+00
352 5.085744e-04 4.089065e-01 3.603077e+00
353 4.701720e-04 7.550984e-02 3.630913e+00
354 3.638182e-04 2.262019e-01 3.598814e+00
355 4.262228e-04 1.715270e-01 3.478167e+00
356 3.608944e-04 1.532728e-01 3.662719e+00
357 4.552906e-04 2.615615e-01 3.787781e+00
358 3.050420e-04 3.300060e-01 4.233528e+00
359 3.727564e-04 2.219839e-01 3.711518e+00
360 3.181151e-04 1.465872e-01 3.635092e+00
361 3.481696e-04 9.447677e-02 3.569088e+00
362 3.432150e-04 1.423029e-02 3.488267e+00
363 4.351512e-04 2.678678e-01 3.453025e+00
364 2.890120e-04 3.358355e-01 3.503557e+00
365 3.362559e-04 1.634667e-01 3.535687e+00
366 2.701256e-04 1.966665e-01 3.670336e+00
367 2.915898e-04 7.946019e-02 3.692814e+00
368 3.310793e-04 1.354280e-01 3.687020e+00
369 3.142601e-04 5.080114e-02 3.614535e+00
370 2.232894e-04 2.894756e-01 3.607566e+00
371 4.134950e-04 8.518340e-01 3.724508e+00
372 3.286582e-04 2.051699e-01 3.751369e+00
373 3.100426e-04 5.664147e-02 3.870281e+00
374 2.889268e-04 6.810585e-02 3.679231e+00
375 2.830005e-04 2.051149e-02 3.574845e+00
376 2.313363e-04 1.825589e-01 3.599229e+00
377 3.410252e-04 4.741537e-01 3.605805e+00
378 2.260804e-04 3.370566e-01 3.620265e+00
379 2.773414e-04 2.267380e-01 3.590798e+00
380 2.433633e-04 1.225137e-01 3.633066e+00
381 2.190803e-04 9.978100e-02 3.603867e+00
382 2.372239e-04 8.281727e-02 3.540250e+00
383 1.984739e-04 1.633479e-01 3.483638e+00
384 1.774099e-04 1.061299e-01 3.503069e+00
385 1.554500e-04 1.237802e-01 3.501114e+00
386 1.535480e-04 1.223556e-02 3.527724e+00
387 1.728847e-04 1.259326e-01 3.621047e+00
388 1.821196e-04 5.341648e-02 3.583555e+00
389 1.995070e-04 9.547254e-02 3.758824e+00
390 1.666102e-04 1.648905e-01 3.835024e+00
391 1.723933e-04 3.471046e-02 3.615537e+00
392 1.479513e-04 1.417804e-01 3.622643e+00
393 1.527797e-04 3.263480e-02 3.660876e+00
394 1.356278e-04 1.122656e-01 3.635545e+00
395 1.576762e-04 1.625653e-01 3.742117e+00
396 2.009753e-04 2.746082e-01 3.780337e+00
397 1.695620e-04 1.563043e-01 3.678995e+00
398 1.519608e-04 1.038039e-01 3.660860e+00
399 1.672467e-04 1.005908e-01 3.943834e+00
400 1.477305e-04 1.166912e-01 4.499205e+00
401 1.606368e-04 8.736422e-02 3.860824e+00
402 1.387122e-04 1.364859e-01 3.460626e+00
403 1.564669e-04 1.279966e-01 3.589423e+00
404 1.749656e-04 1.182275e-01 3.719459e+00
405 1.566176e-04 1.048659e-01 3.598543e+00
406 1.389221e-04 1.129858e-01 3.630009e+00
407 1.470654e-04 5.861825e-02 3.569849e+00
408 1.803938e-04 2.266231e-01 3.716578e+00
409 1.628680e-04 9.715336e-02 3.795548e+00
410 1.236924e-04 2.405355e-01 3.692373e+00
411 1.439433e-04 1.637196e-01 3.660882e+00
412 1.722000e-04 1.963044e-01 3.544352e+00
413 1.602038e-04 6.966443e-02 3.623274e+00
414 1.380133e-04 1.385141e-01 3.861714e+00
415 1.615930e-04 1.708508e-01 4.218435e+00
416 1.370119e-04 1.521173e-01 3.707655e+00
417 1.519749e-04 1.092093e-01 3.840759e+00
418 1.306955e-04 1.400191e-01 3.686966e+00
419 1.512612e-04 1.573556e-01 3.661712e+00
420 1.352031e-04 1.061616e-01 3.638356e+00
421 1.519292e-04 1.237113e-01 3.787224e+00
422 1.332668e-04 1.228362e-01 3.637449e+00
423 1.511136e-04 1.339176e-01 3.719028e+00
424 1.290318e-04 1.461271e-01 3.650778e+00
425 1.460122e-04 1.315987e-01 3.806128e+00
426 1.207218e-04 1.732073e-01 3.985916e+00
427 1.425070e-04 1.804574e-01 3.685153e+00
428 1.260035e-04 1.158082e-01 3.629995e+00
429 1.477725e-04 1.727649e-01 3.729656e+00
430 1.183217e-04 1.992978e-01 3.713077e+00
431 1.453450e-04 2.283884e-01 3.723204e+00
432 1.382815e-04 4.859822e-02 3.639141e+00
433 1.563920e-04 1.309681e-01 3.702910e+00
434 1.358596e-04 1.312881e-01 3.682520e+00
435 1.536960e-04 1.312853e-01 3.651580e+00
436 1.316805e-04 1.432406e-01 3.788109e+00
437 1.507014e-04 1.444475e-01 3.910894e+00
438 1.483305e-04 1.573195e-02 3.734471e+00
439 1.435637e-04 3.213689e-02 3.781461e+00
440 1.214341e-04 1.541443e-01 3.683952e+00
441 1.363711e-04 1.230042e-01 3.608941e+00
442 1.616536e-04 1.853956e-01 3.650140e+00
443 1.585641e-04 1.911243e-02 3.822710e+00
444 1.268689e-04 1.998889e-01 3.688109e+00
445 1.453546e-04 1.457073e-01 3.644673e+00
446 1.305237e-04 1.020323e-01 3.668616e+00
447 1.389863e-04 6.483533e-02 3.640720e+00
448 1.137817e-04 1.813454e-01 3.650022e+00
449 1.286798e-04 1.309358e-01 3.580254e+00
450 1.667508e-04 2.958581e-01 3.676013e+00
451 1.513870e-04 9.213645e-02 3.719476e+00
452 1.274204e-04 1.583132e-01 3.758326e+00
453 1.460132e-04 1.459167e-01 3.692179e+00
454 1.284985e-04 1.199532e-01 3.671599e+00
455 1.419192e-04 1.044425e-01 3.686671e+00
456 1.259096e-04 1.128078e-01 3.662068e+00
457 1.390226e-04 1.041465e-01 3.695198e+00
458 1.096877e-04 2.110082e-01 3.629955e+00
459 1.317091e-04 2.007643e-01 3.601257e+00
460 1.479401e-04 1.232343e-01 3.711255e+00
461 1.512983e-04 2.269962e-02 3.689920e+00
462 1.156846e-04 2.353874e-01 3.897421e+00
463 1.407234e-04 2.164398e-01 3.775625e+00
464 1.167807e-04 1.701400e-01 3.774110e+00
465 1.379231e-04 1.810436e-01 3.732981e+00
466 1.182421e-04 1.426956e-01 3.565957e+00
467 1.418545e-04 1.996958e-01 3.659861e+00
468 1.165361e-04 1.784813e-01 3.691136e+00
469 1.375485e-04 1.803079e-01 3.703662e+00
470 1.190729e-04 1.343207e-01 3.644199e+00
471 1.435291e-04 2.053888e-01 3.710374e+00
472 1.178399e-04 1.789828e-01 3.712096e+00
473 1.225431e-04 3.991155e-02 3.703614e+00
474 1.582684e-04 2.915331e-01 3.783587e+00
475 1.482960e-04 6.300927e-02 3.828979e+00
476 1.182201e-04 2.028099e-01 3.902240e+00
477 1.423375e-04 2.040038e-01 3.796324e+00
478 1.177066e-04 1.730455e-01 3.690030e+00
479 1.397105e-04 1.869379e-01 3.746354e+00
480 1.165333e-04 1.658945e-01 3.643132e+00
481 1.405914e-04 2.064487e-01 3.746751e+00
482 1.189096e-04 1.542184e-01 3.676247e+00
483 1.232087e-04 3.615457e-02 3.550645e+00
484 1.066182e-04 1.346539e-01 3.705351e+00
485 1.107442e-04 3.869901e-02 3.756727e+00
486 1.169158e-04 5.572855e-02 4.020491e+00
487 1.235578e-04 5.680963e-02 3.868966e+00
488 1.187362e-04 3.902289e-02 3.525689e+00
489 1.138078e-04 4.150707e-02 3.709813e+00
490 9.701132e-05 1.475866e-01 3.622126e+00
491 1.491123e-04 5.370611e-01 3.630871e+00
492 1.229688e-04 1.753277e-01 3.675146e+00
493 1.374749e-04 1.179660e-01 3.637692e+00
494 1.033901e-04 2.479349e-01 3.736834e+00
495 1.276625e-04 2.347649e-01 3.654060e+00
496 1.032273e-04 1.914049e-01 3.621220e+00
497 1.189129e-04 1.519530e-01 3.766272e+00
498 1.046666e-04 1.198044e-01 3.751371e+00
499 1.029515e-04 1.638668e-02 3.716296e+00
500 9.203421e-05 1.060431e-01 3.751325e+00
501 9.432265e-05 2.486505e-02 3.580441e+00
502 1.036814e-04 9.922106e-02 4.240462e+00
503 1.103366e-04 6.418876e-02 3.881199e+00
504 8.899990e-05 1.933785e-01 3.642439e+00
505 1.111854e-04 2.492756e-01 3.647775e+00
506 9.034424e-05 1.874451e-01 3.798880e+00
507 1.129795e-04 2.505447e-01 3.712052e+00
508 9.537350e-05 1.558337e-01 3.691580e+00
509 9.523182e-05 1.485505e-03 3.705347e+00
510 8.649797e-05 9.171153e-02 3.858204e+00
511 1.122612e-04 2.978479e-01 3.715622e+00
512 9.009991e-05 1.974083e-01 3.700442e+00
513 1.120948e-04 2.441168e-01 3.827802e+00
514 9.111817e-05 1.871331e-01 3.969209e+00
515 1.133488e-04 2.439759e-01 3.690990e+00
516 9.643094e-05 1.492549e-01 3.748801e+00
517 9.644268e-05 1.217200e-04 3.654582e+00
518 8.594503e-05 1.088485e-01 3.702291e+00
519 1.107203e-04 2.882692e-01 3.810816e+00
520 9.520134e-05 1.401639e-01 3.683792e+00
521 1.123313e-04 1.799343e-01 3.627883e+00
522 9.574952e-05 1.476152e-01 3.662692e+00
523 1.135563e-04 1.859721e-01 3.774138e+00
524 9.599364e-05 1.546601e-01 3.724132e+00
525 1.048904e-04 9.268089e-02 3.649915e+00
526 8.555596e-05 1.843300e-01 3.674899e+00
527 1.067190e-04 2.473595e-01 3.759049e+00
528 1.068468e-04 1.197431e-03 3.640278e+00
529 1.150104e-04 7.640443e-02 3.694939e+00
530 9.308295e-05 1.906563e-01 3.717071e+00
531 1.129267e-04 2.131834e-01 3.832312e+00
532 9.503147e-05 1.584676e-01 3.610918e+00
533 9.635058e-05 1.388076e-02 3.692860e+00
534 8.776087e-05 8.915061e-02 3.838802e+00
535 1.108086e-04 2.626195e-01 3.875623e+00
536 9.320331e-05 1.588801e-01 3.730606e+00
537 1.064969e-04 1.426300e-01 3.621992e+00
538 1.058343e-04 6.221658e-03 3.683075e+00
539 1.094469e-04 3.413428e-02 3.667149e+00
540 9.861769e-05 9.894480e-02 3.647848e+00
541 8.820344e-05 1.056023e-01 3.579274e+00
542 9.774471e-05 1.081735e-01 3.625556e+00
543 1.042983e-04 6.704808e-02 3.615035e+00
544 8.974889e-05 1.394981e-01 3.671459e+00
545 1.101423e-04 2.272279e-01 3.718353e+00
546 1.054954e-04 4.219069e-02 3.706523e+00
547 1.076822e-04 2.072954e-02 3.652370e+00
548 1.066502e-04 9.584494e-03 3.791497e+00
549 1.081637e-04 1.419175e-02 3.882575e+00
550 1.059545e-04 2.042471e-02 3.726481e+00
551 9.313674e-05 1.209741e-01 3.606126e+00
552 1.343980e-04 4.430183e-01 3.807099e+00
553 1.205469e-04 1.030607e-01 3.716998e+00
554 9.221737e-05 2.350082e-01 3.705783e+00
555 1.069099e-04 1.593247e-01 3.620156e+00
556 9.019116e-05 1.563814e-01 3.694011e+00
557 1.023597e-04 1.349198e-01 3.637740e+00
558 9.893440e-05 3.346363e-02 3.628384e+00
559 1.058682e-04 7.008481e-02 3.818340e+00
560 9.806177e-05 7.373721e-02 4.420391e+00
561 1.038616e-04 5.914499e-02 3.827929e+00
562 9.867599e-05 4.992837e-02 3.806841e+00
563 8.546036e-05 1.339295e-01 3.646656e+00
564 1.255915e-04 4.695875e-01 4.180581e+00
565 1.111990e-04 1.145973e-01 3.723003e+00
566 9.088147e-05 1.827136e-01 3.608746e+00
567 1.149803e-04 2.651680e-01 3.710150e+00
568 8.940626e-05 2.224212e-01 3.702741e+00
569 1.122920e-04 2.559751e-01 3.625307e+00
570 8.850749e-05 2.118097e-01 3.655961e+00
571 1.069106e-04 2.079268e-01 3.626285e+00
572 9.059808e-05 1.525808e-01 3.671732e+00
573 9.435048e-05 4.141812e-02 3.598196e+00
574 7.590874e-05 1.954599e-01 3.879359e+00
575 1.046588e-04 3.787453e-01 3.691380e+00
576 9.840514e-05 5.975304e-02 3.650573e+00
577 1.032372e-04 4.910372e-02 3.647541e+00
578 8.891245e-05 1.387557e-01 3.877106e+00
579 9.993598e-05 1.239818e-01 3.884107e+00
580 9.787809e-05 2.059209e-02 3.847198e+00
581 1.057376e-04 8.029851e-02 3.547042e+00
582 9.660272e-05 8.639150e-02 3.715291e+00
583 1.032955e-04 6.928147e-02 3.771884e+00
584 9.884022e-05 4.313146e-02 3.716516e+00
585 1.067082e-04 7.960292e-02 3.707516e+00
586 9.722551e-05 8.886552e-02 3.631185e+00
587 8.524379e-05 1.232364e-01 3.613421e+00
588 1.240271e-04 4.549690e-01 3.644224e+00
589 1.095141e-04 1.170149e-01 3.832912e+00
590 7.385078e-05 3.256502e-01 3.858987e+00
591 1.017097e-04 3.772328e-01 3.918333e+00
592 9.778678e-05 3.857000e-02 3.716955e+00
593 1.001825e-04 2.449910e-02 3.683123e+00
594 9.761702e-05 2.560767e-02 3.689539e+00
595 1.019261e-04 4.414242e-02 3.659393e+00
596 9.414596e-05 7.633093e-02 3.671676e+00
597 1.021539e-04 8.505868e-02 3.687008e+00
598 9.274377e-05 9.211712e-02 3.661825e+00
599 1.032781e-04 1.135847e-01 3.668388e+00
600 9.597752e-05 7.068811e-02 3.829398e+00
601 1.012255e-04 5.467894e-02 4.502512e+00
602 9.494197e-05 6.207431e-02 3.557693e+00
603 1.033898e-04 8.897908e-02 3.631865e+00
604 9.375850e-05 9.315540e-02 3.620486e+00
605 8.476918e-05 9.587736e-02 3.678858e+00
606 8.936828e-05 5.425441e-02 3.779375e+00
607 8.874837e-05 6.936591e-03 3.629345e+00
608 7.455903e-05 1.598829e-01 3.703038e+00
609 7.695739e-05 3.216737e-02 3.711075e+00
610 8.879451e-05 1.538139e-01 3.730554e+00
611 9.226692e-05 3.910614e-02 3.861031e+00
612 9.355363e-05 1.394559e-02 3.863177e+00
613 1.005656e-04 7.495136e-02 3.863912e+00
614 8.027433e-05 2.017715e-01 3.689028e+00
615 9.466700e-05 1.792936e-01 3.627435e+00
616 7.381441e-05 2.202731e-01 3.660567e+00
617 8.371438e-05 1.341198e-01 3.675030e+00
618 8.936753e-05 6.752893e-02 3.693882e+00
619 6.845732e-05 2.339799e-01 3.625940e+00
620 8.330888e-05 2.169462e-01 3.614697e+00
621 7.495065e-05 1.003282e-01 3.662023e+00
622 8.227294e-05 9.769484e-02 3.653818e+00
623 7.873994e-05 4.294239e-02 3.692086e+00
624 6.495894e-05 1.750192e-01 3.606588e+00
625 8.235238e-05 2.677605e-01 3.624442e+00
626 7.452544e-05 9.504212e-02 3.590163e+00
627 9.243611e-05 2.403297e-01 3.600787e+00
628 7.667719e-05 1.704845e-01 3.515980e+00
629 8.506902e-05 1.094436e-01 3.479756e+00
630 7.215163e-05 1.518459e-01 3.618944e+00
631 8.181499e-05 1.339312e-01 3.630927e+00
632 8.160659e-05 2.547169e-03 3.669385e+00
633 8.543597e-05 4.692491e-02 3.661611e+00
634 6.869862e-05 1.959052e-01 3.646845e+00
635 9.041938e-05 3.161746e-01 3.661644e+00
636 6.960816e-05 2.301633e-01 3.814249e+00
637 8.864599e-05 2.735000e-01 3.770755e+00
638 6.646335e-05 2.502385e-01 3.636387e+00
639 8.679153e-05 3.058556e-01 3.694086e+00
640 6.450754e-05 2.567530e-01 3.693161e+00
641 8.674024e-05 3.446526e-01 3.592518e+00
642 7.380382e-05 1.491397e-01 3.588901e+00
643 9.281102e-05 2.575367e-01 3.522030e+00
644 7.144986e-05 2.301576e-01 3.441971e+00
645 8.750539e-05 2.247106e-01 3.576082e+00
646 7.321944e-05 1.632579e-01 3.548976e+00
647 7.415374e-05 1.276019e-02 3.972592e+00
648 5.957987e-05 1.965358e-01 3.747933e+00
649 8.424909e-05 4.140529e-01 3.601049e+00
650 6.471050e-05 2.319146e-01 3.467250e+00
651 7.037326e-05 8.750915e-02 3.489794e+00
652 6.236961e-05 1.137314e-01 3.491882e+00
653 7.403583e-05 1.870496e-01 3.482042e+00
654 5.956882e-05 1.954055e-01 3.571245e+00
655 5.827698e-05 2.168643e-02 3.502018e+00
656 7.023573e-05 2.052054e-01 3.482307e+00
657 6.944198e-05 1.130135e-02 3.517453e+00
658 5.663148e-05 1.844777e-01 3.565187e+00
659 7.609126e-05 3.436212e-01 4.155380e+00
660 6.069418e-05 2.023501e-01 3.334022e+00
661 7.702540e-05 2.690739e-01 3.312549e+00
662 6.009871e-05 2.197547e-01 3.406028e+00
663 7.434956e-05 2.371239e-01 3.474447e+00
664 7.879255e-05 5.975814e-02 3.493462e+00
665 8.977614e-05 1.393988e-01 3.445213e+00
666 6.207073e-05 3.086054e-01 3.508093e+00
667 7.832643e-05 2.618899e-01 3.435957e+00
668 6.334703e-05 1.912432e-01 3.503953e+00
669 7.648402e-05 2.073813e-01 3.482249e+00
670 5.696547e-05 2.551978e-01 3.473467e+00
671 7.394694e-05 2.981012e-01 3.470011e+00
672 6.130711e-05 1.709311e-01 3.430128e+00
673 7.778751e-05 2.688172e-01 3.706835e+00
674 6.448799e-05 1.709724e-01 3.974608e+00
675 7.651258e-05 1.864625e-01 3.804862e+00
676 7.596392e-05 7.170901e-03 3.346666e+00
677 8.917770e-05 1.739481e-01 3.316394e+00
678 6.812940e-05 2.360265e-01 3.293956e+00
679 7.886098e-05 1.575175e-01 3.302328e+00
680 6.303180e-05 2.007226e-01 3.346276e+00
681 8.030766e-05 2.740817e-01 3.357641e+00
682 6.313717e-05 2.138089e-01 3.351411e+00
683 7.462949e-05 1.820215e-01 3.318365e+00
684 7.366769e-05 1.288770e-02 3.396666e+00
685 8.087489e-05 9.783394e-02 3.430283e+00
686 6.460931e-05 2.011203e-01 3.460232e+00
687 7.627461e-05 1.805515e-01 3.404957e+00
688 6.498088e-05 1.480667e-01 3.299058e+00
689 7.563377e-05 1.639387e-01 3.405586e+00
690 6.484555e-05 1.426375e-01 3.565121e+00
691 7.446128e-05 1.482865e-01 3.558180e+00
692 7.569962e-05 1.663066e-02 3.765769e+00
693 8.201639e-05 8.344518e-02 3.712524e+00
694 6.538426e-05 2.027903e-01 3.523690e+00
695 7.691580e-05 1.763656e-01 3.566252e+00
696 6.667819e-05 1.331015e-01 3.467333e+00
697 7.828634e-05 1.740922e-01 3.470813e+00
698 6.614703e-05 1.550629e-01 3.584978e+00
699 7.414454e-05 1.209050e-01 3.491829e+00
700 6.431000e-05 1.326400e-01 3.476519e+00
701 7.616163e-05 1.842890e-01 3.484885e+00
702 6.467203e-05 1.508581e-01 3.515686e+00
703 7.521569e-05 1.630327e-01 3.460955e+00
704 6.607865e-05 1.214778e-01 3.548454e+00
705 7.413497e-05 1.219201e-01 3.542160e+00
706 6.512744e-05 1.215018e-01 3.407370e+00
707 7.519319e-05 1.545547e-01 3.390643e+00
708 6.621449e-05 1.194084e-01 3.713447e+00
709 7.372194e-05 1.133807e-01 3.464316e+00
710 7.334944e-05 5.052803e-03 3.460791e+00
711 7.086227e-05 3.390845e-02 3.538301e+00
712 6.842816e-05 3.434985e-02 3.452485e+00
713 7.156598e-05 4.585560e-02 3.324553e+00
714 6.963741e-05 2.694809e-02 3.477010e+00
715 7.298334e-05 4.804793e-02 3.453035e+00
716 7.399826e-05 1.390617e-02 3.606009e+00
717 7.149028e-05 3.389250e-02 3.531077e+00
718 7.433730e-05 3.982397e-02 3.525407e+00
719 7.060414e-05 5.021926e-02 4.185445e+00
720 7.067709e-05 1.033232e-03 3.436906e+00
721 7.507356e-05 6.220497e-02 3.413301e+00
722 6.111015e-05 1.859963e-01 3.522380e+00
723 7.150656e-05 1.701257e-01 3.531942e+00
724 6.172547e-05 1.367860e-01 3.528920e+00
725 7.160619e-05 1.600752e-01 3.485154e+00
726 6.244399e-05 1.279526e-01 3.453888e+00
727 7.187027e-05 1.509559e-01 3.483716e+00
728 6.136388e-05 1.461856e-01 3.439527e+00
729 7.194373e-05 1.724117e-01 3.493092e+00
730 6.195364e-05 1.388598e-01 4.144302e+00
731 6.317004e-05 1.963412e-02 3.780441e+00
732 5.794748e-05 8.267464e-02 3.403805e+00
733 7.229531e-05 2.476005e-01 3.252488e+00
734 6.012098e-05 1.683973e-01 3.306962e+00
735 7.093535e-05 1.798769e-01 3.381298e+00
736 5.954461e-05 1.605792e-01 3.452071e+00
737 7.092758e-05 1.911671e-01 3.265657e+00
738 6.125281e-05 1.364036e-01 3.459281e+00
739 7.131603e-05 1.642900e-01 3.405675e+00
740 6.114969e-05 1.425534e-01 3.451156e+00
741 6.074238e-05 6.660890e-03 3.611494e+00
742 5.076659e-05 1.642311e-01 4.609304e+00
743 6.433638e-05 2.672977e-01 3.370334e+00
744 5.672879e-05 1.182471e-01 3.379194e+00
745 6.862501e-05 2.097034e-01 3.493736e+00
746 6.347526e-05 7.504189e-02 3.428067e+00
747 6.501143e-05 2.420117e-02 3.408166e+00
748 6.017271e-05 7.442883e-02 3.420427e+00
749 6.418398e-05 6.666261e-02 3.442444e+00
750 5.611806e-05 1.256687e-01 3.462491e+00
751 6.696274e-05 1.932476e-01 3.567703e+00
752 5.756747e-05 1.403060e-01 3.516410e+00
753 6.739737e-05 1.707543e-01 3.488966e+00
754 5.694287e-05 1.551172e-01 3.483782e+00
755 6.856786e-05 2.041518e-01 3.435232e+00
756 5.693400e-05 1.696693e-01 3.478230e+00
757 6.249980e-05 9.775874e-02 3.469797e+00
758 6.780903e-05 8.494793e-02 3.457365e+00
759 6.992915e-05 3.126609e-02 3.498748e+00
760 6.298967e-05 9.923590e-02 3.540249e+00
761 6.601443e-05 4.801989e-02 3.539373e+00
762 6.167603e-05 6.571884e-02 3.473944e+00
763 6.410353e-05 3.935878e-02 3.547697e+00
764 6.090293e-05 4.992859e-02 3.535976e+00
765 6.402306e-05 5.123121e-02 3.695170e+00
766 6.265824e-05 2.131761e-02 3.732663e+00
767 5.479517e-05 1.254914e-01 3.661103e+00
768 6.277695e-05 1.456656e-01 3.580104e+00
769 5.164079e-05 1.773924e-01 3.308844e+00
770 5.666985e-05 9.738531e-02 3.402442e+00
771 4.691574e-05 1.721217e-01 3.437530e+00
772 6.293841e-05 3.415202e-01 3.402689e+00
773 6.010905e-05 4.495438e-02 3.525581e+00
774 1.022672e-04 7.013607e-01 3.463033e+00
775 7.147464e-05 3.010989e-01 3.477031e+00
776 5.027267e-05 2.966363e-01 3.566208e+00
777 5.739403e-05 1.416547e-01 3.566129e+00
778 3.730753e-05 3.499755e-01 3.539934e+00
779 4.700971e-05 2.600598e-01 3.440919e+00
780 3.768645e-05 1.983263e-01 3.338278e+00
781 3.438306e-05 8.765452e-02 3.324591e+00
782 3.208655e-05 6.679209e-02 3.483346e+00
783 3.720172e-05 1.594182e-01 3.462510e+00
784 2.895828e-05 2.215877e-01 3.324329e+00
785 4.337888e-05 4.979783e-01 3.420613e+00
786 3.441748e-05 2.065844e-01 3.435371e+00
787 2.979359e-05 1.343469e-01 3.518169e+00
788 2.759884e-05 7.366521e-02 3.620385e+00
789 3.076195e-05 1.146101e-01 3.859682e+00
790 2.661356e-05 1.348546e-01 3.491811e+00
791 3.187554e-05 1.977182e-01 3.239848e+00
792 2.808081e-05 1.190484e-01 3.278664e+00
793 2.995332e-05 6.668294e-02 3.308280e+00
794 2.802953e-05 6.422625e-02 3.261668e+00
795 3.954318e-05 4.107685e-01 3.266636e+00
796 2.427356e-05 3.861506e-01 3.326160e+00
797 3.005868e-05 2.383301e-01 3.372857e+00
798 2.670160e-05 1.116842e-01 3.338994e+00
799 2.938435e-05 1.004717e-01 3.281479e+00
800 2.853376e-05 2.894702e-02 3.258622e+00
801 2.973126e-05 4.196779e-02 3.329304e+00
802 2.400923e-05 1.924585e-01 3.251736e+00
803 3.161585e-05 3.168206e-01 3.349212e+00
804 2.416377e-05 2.357072e-01 3.260367e+00
805 2.940933e-05 2.170840e-01 3.438687e+00
806 2.462090e-05 1.628202e-01 3.490415e+00
807 2.947824e-05 1.972854e-01 3.281846e+00
808 2.433044e-05 1.746306e-01 3.265640e+00
809 2.861198e-05 1.759746e-01 3.294089e+00
810 2.328084e-05 1.863254e-01 3.341312e+00
811 2.761927e-05 1.863519e-01 3.317894e+00
812 2.398069e-05 1.317406e-01 3.306954e+00
813 2.832082e-05 1.809847e-01 3.333495e+00
814 2.359878e-05 1.667340e-01 3.285543e+00
815 2.808532e-05 1.901175e-01 3.466375e+00
816 2.493565e-05 1.121467e-01 3.449601e+00
817 2.817478e-05 1.298998e-01 3.558606e+00
818 2.225454e-05 2.101255e-01 3.748467e+00
819 2.596449e-05 1.667051e-01 3.849086e+00
820 2.500879e-05 3.680776e-02 3.493738e+00
821 2.718425e-05 8.698784e-02 3.446812e+00
822 2.271640e-05 1.643546e-01 3.396210e+00
823 2.614127e-05 1.507665e-01 3.483273e+00
824 2.375063e-05 9.145080e-02 3.442618e+00
825 2.696001e-05 1.351285e-01 3.476842e+00
826 2.494120e-05 7.488186e-02 3.458677e+00
827 2.641048e-05 5.890996e-02 3.558207e+00
828 2.509267e-05 4.989738e-02 3.532276e+00
829 3.109144e-05 2.390645e-01 4.036065e+00
830 2.588965e-05 1.673059e-01 3.549603e+00
831 2.634824e-05 1.771321e-02 3.478760e+00
832 2.567459e-05 2.556732e-02 3.456225e+00
833 2.618929e-05 2.004701e-02 3.503282e+00
834 2.427025e-05 7.327558e-02 3.440680e+00
835 2.607976e-05 7.455649e-02 3.437224e+00
836 2.170016e-05 1.679311e-01 3.447659e+00
837 2.614284e-05 2.047304e-01 3.438072e+00
838 2.204720e-05 1.566639e-01 3.458910e+00
839 2.595881e-05 1.774197e-01 3.469945e+00
840 2.188624e-05 1.568857e-01 3.501764e+00
841 2.461470e-05 1.246656e-01 3.437566e+00
842 2.329084e-05 5.378322e-02 3.486345e+00
843 2.577456e-05 1.066391e-01 3.444931e+00
844 2.214882e-05 1.406714e-01 3.640398e+00
845 2.450295e-05 1.062873e-01 3.534397e+00
846 2.196182e-05 1.037075e-01 3.299800e+00
847 2.455115e-05 1.179016e-01 3.444390e+00
848 2.178987e-05 1.124702e-01 3.484681e+00
849 2.596676e-05 1.916894e-01 3.709491e+00
850 2.289596e-05 1.182592e-01 3.378218e+00
851 2.458777e-05 7.389158e-02 3.318150e+00
852 2.252600e-05 8.385357e-02 3.518754e+00
853 2.355637e-05 4.574141e-02 3.410634e+00
854 2.238930e-05 4.954381e-02 3.497113e+00
855 2.510689e-05 1.213790e-01 3.437573e+00
856 1.950785e-05 2.230080e-01 3.512113e+00
857 2.299635e-05 1.788251e-01 3.413106e+00
858 2.314778e-05 6.585092e-03 3.467180e+00
859 2.430435e-05 4.996477e-02 3.672992e+00
860 2.010398e-05 1.728239e-01 3.576632e+00
861 2.364855e-05 1.763117e-01 3.525881e+00
862 2.181425e-05 7.756480e-02 3.330537e+00
863 2.193050e-05 5.329028e-03 3.587108e+00
864 2.236573e-05 1.984581e-02 3.583505e+00
865 2.093736e-05 6.386425e-02 3.942601e+00
866 2.247173e-05 7.328402e-02 3.504186e+00
867 2.107147e-05 6.231226e-02 3.418263e+00
868 2.388849e-05 1.336889e-01 3.421114e+00
869 2.342451e-05 1.942284e-02 3.434258e+00
870 2.433528e-05 3.888115e-02 3.466632e+00
871 2.257494e-05 7.233690e-02 3.358700e+00
872 2.281444e-05 1.060914e-02 3.372035e+00
873 2.136343e-05 6.360074e-02 3.229625e+00
874 2.108649e-05 1.296316e-02 3.324346e+00
875 2.199795e-05 4.322477e-02 3.645929e+00
876 2.018602e-05 8.236802e-02 3.594909e+00
877 2.188683e-05 8.425684e-02 3.474125e+00
878 2.351445e-05 7.436517e-02 3.385455e+00
879 2.221133e-05 5.541789e-02 3.486245e+00
880 1.918094e-05 1.364344e-01 3.449538e+00
881 2.197623e-05 1.457327e-01 3.540611e+00
882 2.104119e-05 4.254789e-02 3.396062e+00
883 2.141638e-05 1.783112e-02 3.457945e+00
884 1.951337e-05 8.885729e-02 3.453688e+00
885 2.130539e-05 9.183533e-02 3.252136e+00
886 1.781941e-05 1.636199e-01 3.276215e+00
887 1.977604e-05 1.098038e-01 3.841798e+00
888 1.831775e-05 7.374050e-02 4.404974e+00
889 1.971955e-05 7.652685e-02 3.342348e+00
890 2.189945e-05 1.105452e-01 3.492435e+00
891 1.948269e-05 1.103571e-01 3.467613e+00
892 2.008365e-05 3.084567e-02 3.435403e+00
893 2.026327e-05 8.943916e-03 3.531662e+00
894 2.051805e-05 1.257329e-02 3.434915e+00
895 2.236123e-05 8.983198e-02 3.470644e+00
896 1.934493e-05 1.348894e-01 3.542150e+00
897 1.866048e-05 3.538142e-02 3.458701e+00
898 2.181544e-05 1.690717e-01 3.438457e+00
899 1.957606e-05 1.026512e-01 3.572027e+00
900 2.051823e-05 4.812895e-02 3.446981e+00
901 1.835993e-05 1.051894e-01 3.389111e+00
902 2.026643e-05 1.038400e-01 3.367234e+00
903 1.809043e-05 1.073695e-01 3.444406e+00
904 2.037909e-05 1.265119e-01 3.420084e+00
905 2.039557e-05 8.085679e-04 3.240703e+00
906 1.763218e-05 1.354898e-01 3.285897e+00
907 2.025701e-05 1.488662e-01 3.252441e+00
908 1.820772e-05 1.011648e-01 3.405340e+00
909 1.940188e-05 6.558585e-02 3.452775e+00
910 1.976103e-05 1.851104e-02 3.443629e+00
911 1.910066e-05 3.341772e-02 3.425449e+00
912 1.748396e-05 8.464147e-02 3.427577e+00
913 1.992141e-05 1.394108e-01 3.470801e+00
914 1.803370e-05 9.475798e-02 3.478960e+00
915 1.891534e-05 4.888846e-02 4.154833e+00
916 1.801932e-05 4.736969e-02 3.818612e+00
917 1.899842e-05 5.433581e-02 3.269959e+00
918 1.940185e-05 2.123523e-02 3.282366e+00
919 1.920827e-05 9.977379e-03 3.316323e+00
920 1.711818e-05 1.088121e-01 3.324803e+00
921 1.878523e-05 9.738471e-02 3.244847e+00
922 1.717128e-05 8.591600e-02 3.240961e+00
923 2.094758e-05 2.199195e-01 3.371386e+00
924 1.749415e-05 1.648605e-01 3.439530e+00
925 1.808942e-05 3.402691e-02 3.509876e+00
926 1.670559e-05 7.649930e-02 3.453662e+00
927 1.851650e-05 1.084010e-01 3.628509e+00
928 1.874329e-05 1.224807e-02 3.683979e+00
929 1.812905e-05 3.277099e-02 3.463780e+00
930 1.755105e-05 3.188277e-02 3.373786e+00
931 1.789614e-05 1.966233e-02 3.407209e+00
932 1.714163e-05 4.216074e-02 3.436890e+00
933 1.799153e-05 4.958133e-02 3.471315e+00
934 1.644528e-05 8.594332e-02 3.564389e+00
935 1.869105e-05 1.365601e-01 3.390321e+00
936 1.698775e-05 9.112915e-02 3.489353e+00
937 1.855416e-05 9.220812e-02 3.390247e+00
938 1.768716e-05 4.672773e-02 3.367756e+00
939 1.820034e-05 2.901406e-02 3.303066e+00
940 1.612750e-05 1.138901e-01 3.294902e+00
941 1.659187e-05 2.879362e-02 3.375376e+00
942 1.524139e-05 8.139398e-02 3.223828e+00
943 1.523352e-05 5.166892e-04 3.239211e+00
944 1.747793e-05 1.473338e-01 3.325072e+00
945 1.696733e-05 2.921370e-02 3.335347e+00
946 1.498301e-05 1.169497e-01 3.488788e+00
947 1.571462e-05 4.882964e-02 3.519739e+00
948 1.749210e-05 1.131097e-01 3.525133e+00
949 1.640742e-05 6.200947e-02 3.382891e+00
950 1.650713e-05 6.076822e-03 3.351326e+00
951 1.957193e-05 1.856655e-01 3.340630e+00
952 1.547518e-05 2.093178e-01 3.374676e+00
953 1.654117e-05 6.888407e-02 3.407962e+00
954 1.546372e-05 6.513765e-02 3.352147e+00
955 1.573592e-05 1.760284e-02 3.436893e+00
956 1.597236e-05 1.502494e-02 3.374492e+00
957 1.663372e-05 4.140697e-02 3.342379e+00
958 1.663495e-05 7.352443e-05 3.391906e+00
959 1.577390e-05 5.176155e-02 3.437719e+00
960 1.775944e-05 1.258755e-01 3.495573e+00
961 1.531830e-05 1.374561e-01 3.630474e+00
962 1.544944e-05 8.561001e-03 3.311863e+00
963 1.682249e-05 8.887400e-02 3.246917e+00
964 1.480849e-05 1.197208e-01 3.312078e+00
965 1.577706e-05 6.540669e-02 3.310695e+00
966 1.441484e-05 8.634239e-02 3.343213e+00
967 1.513367e-05 4.986753e-02 3.296175e+00
968 1.824955e-05 2.058909e-01 3.223585e+00
969 1.431080e-05 2.158275e-01 3.271879e+00
970 1.275696e-05 1.085780e-01 3.212383e+00
971 1.376979e-05 7.939400e-02 3.182436e+00
972 1.391194e-05 1.032347e-02 3.455077e+00
973 1.370006e-05 1.523012e-02 3.415862e+00
974 1.511120e-05 1.030029e-01 3.311896e+00
975 1.519577e-05 5.596481e-03 3.262474e+00
976 1.414441e-05 6.918817e-02 3.291775e+00
977 1.496416e-05 5.795613e-02 3.431501e+00
978 1.594706e-05 6.568376e-02 3.360278e+00
979 1.487085e-05 6.748635e-02 3.342362e+00
980 1.589251e-05 6.870219e-02 3.453416e+00
981 1.442932e-05 9.206842e-02 3.407396e+00
982 1.465374e-05 1.555359e-02 3.407014e+00
983 1.506819e-05 2.828256e-02 3.311471e+00
984 1.435610e-05 4.725750e-02 3.975208e+00
985 1.559473e-05 8.627858e-02 4.240647e+00
986 1.492023e-05 4.325170e-02 3.710947e+00
987 1.467857e-05 1.619685e-02 3.431441e+00
988 1.548026e-05 5.461636e-02 3.269612e+00
989 1.339781e-05 1.345227e-01 3.220925e+00
990 1.612046e-05 2.032160e-01 3.442047e+00
991 1.325073e-05 1.780178e-01 3.413137e+00
992 1.275992e-05 3.704022e-02 3.414750e+00
993 1.338289e-05 4.882252e-02 3.360016e+00
994 1.484395e-05 1.091734e-01 3.334085e+00
995 1.419753e-05 4.354758e-02 3.359548e+00
996 1.416582e-05 2.233825e-03 3.615856e+00
997 1.427313e-05 7.575681e-03 3.600573e+00
998 1.522526e-05 6.670739e-02 3.420838e+00
999 1.348502e-05 1.142996e-01 3.335188e+00
1000 1.422108e-05 5.458357e-02 3.519795e+00
1001 1.218829e-05 1.429419e-01 3.350996e+00
1002 1.335116e-05 9.540927e-02 3.191287e+00
1003 1.277462e-05 4.318273e-02 3.246492e+00
1004 1.469978e-05 1.507012e-01 3.280497e+00
1005 1.339818e-05 8.854497e-02 3.398781e+00
1006 1.391901e-05 3.887309e-02 3.269234e+00
1007 1.367848e-05 1.728081e-02 3.303195e+00
1008 1.417085e-05 3.599603e-02 3.406183e+00
1009 1.306811e-05 7.781756e-02 3.327983e+00
1010 1.427286e-05 9.219004e-02 3.472232e+00
1011 1.134036e-05 2.054598e-01 3.298938e+00
1012 1.425102e-05 2.566635e-01 3.188198e+00
1013 1.135543e-05 2.031848e-01 3.198732e+00
1014 1.419896e-05 2.504114e-01 3.199027e+00
1015 1.390667e-05 2.058534e-02 3.302702e+00
1016 1.338144e-05 3.776805e-02 3.372315e+00
1017 1.277666e-05 4.519555e-02 3.494487e+00
1018 1.451696e-05 1.362093e-01 3.343180e+00
1019 1.264269e-05 1.291089e-01 3.406507e+00
1020 1.449356e-05 1.463987e-01 3.396261e+00
1021 1.391998e-05 3.957480e-02 3.343570e+00
1022 1.303956e-05 6.324861e-02 3.351303e+00
1023 1.268621e-05 2.709892e-02 3.387622e+00
1024 1.305926e-05 2.940649e-02 3.435469e+00
1025 1.270762e-05 2.692641e-02 3.335386e+00
1026 1.445381e-05 1.374122e-01 3.382205e+00
1027 1.109857e-05 2.321353e-01 3.246992e+00
1028 1.366081e-05 2.308624e-01 3.183378e+00
1029 1.274820e-05 6.680477e-02 3.415616e+00
1030 1.265416e-05 7.376862e-03 3.335309e+00
1031 1.231938e-05 2.645648e-02 3.317990e+00
1032 1.213627e-05 1.486362e-02 3.503854e+00
1033 1.231810e-05 1.498296e-02 3.594277e+00
1034 1.182846e-05 3.974961e-02 3.348982e+00
1035 1.228493e-05 3.859019e-02 3.427366e+00
1036 1.391952e-05 1.330565e-01 3.423250e+00
1037 1.244023e-05 1.062742e-01 3.351111e+00
1038 1.269094e-05 2.015341e-02 3.487407e+00
1039 1.225252e-05 3.454631e-02 3.428246e+00
1040 1.150141e-05 6.130193e-02 3.387498e+00
1041 1.171272e-05 1.837208e-02 3.431144e+00
1042 1.143118e-05 2.403708e-02 3.326099e+00
1043 1.205620e-05 5.467703e-02 3.422725e+00
1044 1.370540e-05 1.367928e-01 4.051452e+00
1045 1.324452e-05 3.362810e-02 3.610082e+00
1046 1.249814e-05 5.635380e-02 3.451210e+00
1047 1.238472e-05 9.074537e-03 3.432433e+00
1048 1.116312e-05 9.863759e-02 3.367039e+00
1049 1.067279e-05 4.392481e-02 3.340013e+00
1050 1.018009e-05 4.616421e-02 3.414072e+00
1051 1.122086e-05 1.022365e-01 3.392226e+00
1052 9.619182e-06 1.427413e-01 3.447542e+00
1053 9.763640e-06 1.501780e-02 3.422957e+00
1054 1.242109e-05 2.721777e-01 3.351157e+00
1055 6.900547e-06 4.444489e-01 3.398104e+00
1056 1.126479e-05 6.324485e-01 3.533936e+00
1057 7.228889e-06 3.582756e-01 3.705889e+00
1058 8.950464e-06 2.381520e-01 3.375655e+00
1059 7.305387e-06 1.837980e-01 3.390703e+00
1060 8.651519e-06 1.842658e-01 3.487112e+00
1061 9.145898e-06 5.714353e-02 3.383727e+00
1062 9.526764e-06 4.164344e-02 3.372840e+00
1063 6.863169e-06 2.795908e-01 3.391108e+00
1064 8.662747e-06 2.622080e-01 3.342039e+00
1065 6.734568e-06 2.225829e-01 3.399271e+00
1066 9.150829e-06 3.587850e-01 3.327956e+00
1067 6.531119e-06 2.862812e-01 3.399199e+00
1068 8.661003e-06 3.261133e-01 3.624182e+00
1069 5.822822e-06 3.276966e-01 3.619276e+00
1070 7.636487e-06 3.114753e-01 3.429960e+00
1071 6.528884e-06 1.450409e-01 3.439943e+00
1072 6.842158e-06 4.798289e-02 3.391372e+00
1073 8.217518e-06 2.010126e-01 3.445774e+00
1074 5.171908e-06 3.706242e-01 3.318693e+00
1075 7.867768e-06 5.212507e-01 3.341349e+00
1076 7.298477e-06 7.235740e-02 3.437849e+00
1077 8.105722e-06 1.106046e-01 3.287614e+00
1078 5.338845e-06 3.413486e-01 3.295363e+00
1079 8.105580e-06 5.182271e-01 3.184342e+00
1080 6.240824e-06 2.300583e-01 3.318456e+00
1081 7.734492e-06 2.393383e-01 3.349038e+00
1082 7.396021e-06 4.376119e-02 3.572996e+00
1083 7.565463e-06 2.290983e-02 3.421988e+00
1084 6.998240e-06 7.497530e-02 3.176013e+00
1085 6.720287e-06 3.971755e-02 3.383306e+00
1086 7.581171e-06 1.281023e-01 3.351340e+00
1087 7.105374e-06 6.276037e-02 3.447178e+00
1088 7.017723e-06 1.233585e-02 3.357333e+00
1089 5.946884e-06 1.525907e-01 3.372964e+00
1090 7.937532e-06 3.347382e-01 3.383328e+00
1091 8.354692e-06 5.255534e-02 3.397796e+00
1092 7.109432e-06 1.490493e-01 3.545957e+00
1093 8.204297e-06 1.540019e-01 3.463094e+00
1094 5.499790e-06 3.296452e-01 3.634391e+00
1095 7.633245e-06 3.879157e-01 3.342837e+00
1096 6.508024e-06 1.474106e-01 3.174259e+00
1097 7.713907e-06 1.852918e-01 3.405333e+00
1098 5.041431e-06 3.464491e-01 3.427646e+00
1099 5.065326e-06 4.739610e-03 3.367614e+00
1100 6.718060e-06 3.262839e-01 3.221077e+00
1101 6.218367e-06 7.438055e-02 3.351701e+00
1102 7.837185e-06 2.603285e-01 3.501547e+00
1103 7.000808e-06 1.067190e-01 3.294763e+00
1104 6.992198e-06 1.229808e-03 3.468915e+00
1105 7.293277e-06 4.305924e-02 3.407227e+00
1106 7.465170e-06 2.356869e-02 3.823614e+00
1107 6.709626e-06 1.012092e-01 3.240246e+00
1108 5.954101e-06 1.126032e-01 3.205422e+00
1109 7.031757e-06 1.809939e-01 3.213439e+00
1110 6.895723e-06 1.934568e-02 3.366948e+00
1111 6.141270e-06 1.094088e-01 3.462981e+00
1112 7.309305e-06 1.901943e-01 3.284885e+00
1113 5.895999e-06 1.933570e-01 3.348129e+00
1114 7.186198e-06 2.188261e-01 3.310570e+00
1115 6.333419e-06 1.186689e-01 3.246366e+00
1116 7.307889e-06 1.538615e-01 3.222577e+00
1117 5.652371e-06 2.265385e-01 3.279313e+00
1118 4.481637e-06 2.071226e-01 3.197592e+00
1119 6.926629e-06 5.455578e-01 3.166731e+00
1120 6.572007e-06 5.119689e-02 3.183068e+00
1121 7.736344e-06 1.771661e-01 3.351279e+00
1122 6.547777e-06 1.536342e-01 3.223781e+00
1123 7.458791e-06 1.391334e-01 3.206626e+00
1124 7.165537e-06 3.931665e-02 3.244184e+00
1125 4.814436e-06 3.281123e-01 3.236288e+00
1126 7.341981e-06 5.249930e-01 3.308705e+00
1127 7.553400e-06 2.879594e-02 3.334584e+00
1128 7.945791e-06 5.194900e-02 3.319530e+00
1129 5.061254e-06 3.630270e-01 3.208308e+00
1130 6.060964e-06 1.975222e-01 3.197464e+00
1131 4.077355e-06 3.272762e-01 3.301949e+00
1132 6.177309e-06 5.150285e-01 3.356588e+00
1133 6.561971e-06 6.227010e-02 3.653094e+00
1134 7.434235e-06 1.329271e-01 3.166805e+00
1135 7.410575e-06 3.182622e-03 3.107442e+00
1136 7.115027e-06 3.988192e-02 2.708702e+00
1137 7.320134e-06 2.882742e-02 2.666057e+00
1138 6.430811e-06 1.214900e-01 2.665395e+00
1139 6.905911e-06 7.387863e-02 2.771596e+00
1140 5.157343e-06 2.531987e-01 2.860796e+00
1141 6.122931e-06 1.872259e-01 2.818931e+00
1142 4.763711e-06 2.219885e-01 2.953754e+00
1143 5.984104e-06 2.561854e-01 2.994612e+00
1144 4.398075e-06 2.650404e-01 2.827893e+00
1145 7.964871e-06 8.109902e-01 3.065363e+00
1146 6.954581e-06 1.268432e-01 3.064569e+00
1147 7.178066e-06 3.213498e-02 2.862682e+00
1148 6.045886e-06 1.577278e-01 2.784708e+00
1149 7.396790e-06 2.234419e-01 2.691777e+00
1150 5.862685e-06 2.074014e-01 2.869589e+00
1151 6.187139e-06 5.534210e-02 2.659773e+00
1152 4.685290e-06 2.427371e-01 2.806611e+00
1153 5.492460e-06 1.722775e-01 2.888988e+00
1154 4.251163e-06 2.260002e-01 2.776430e+00
1155 5.175499e-06 2.174312e-01 2.846219e+00
1156 4.452626e-06 1.396721e-01 2.764509e+00
1157 5.168515e-06 1.607791e-01 2.835120e+00
1158 4.569076e-06 1.159790e-01 2.973345e+00
1159 4.886477e-06 6.946729e-02 2.917926e+00
1160 4.829346e-06 1.169180e-02 2.769507e+00
1161 3.557415e-06 2.633754e-01 2.772181e+00
1162 4.163853e-06 1.704717e-01 2.784647e+00
1163 4.927076e-06 1.832971e-01 2.748140e+00
1164 3.203895e-06 3.497371e-01 2.699975e+00
1165 3.274104e-06 2.191364e-02 2.847701e+00
1166 3.331200e-06 1.743866e-02 2.854262e+00
1167 3.507836e-06 5.302484e-02 2.770840e+00
1168 4.094633e-06 1.672819e-01 2.799017e+00
1169 4.629549e-06 1.306383e-01 2.785156e+00
1170 2.943756e-06 3.641377e-01 2.952993e+00
1171 2.889461e-06 1.844418e-02 3.113673e+00
1172 2.768032e-06 4.202489e-02 2.701616e+00
1173 2.822822e-06 1.979416e-02 2.770583e+00
1174 2.785681e-06 1.315739e-02 2.805871e+00
1175 3.095757e-06 1.113104e-01 2.939744e+00
1176 3.206725e-06 3.584545e-02 2.828230e+00
1177 2.484153e-06 2.253304e-01 2.862172e+00
1178 2.470344e-06 5.558780e-03 2.828292e+00
1179 2.553894e-06 3.382125e-02 2.874823e+00
1180 2.364713e-06 7.407557e-02 2.813564e+00
1181 2.392348e-06 1.168649e-02 2.770601e+00
1182 2.723544e-06 1.384399e-01 2.898511e+00
1183 2.429812e-06 1.078494e-01 2.966900e+00
1184 2.955739e-06 2.164477e-01 3.034770e+00
1185 2.438491e-06 1.749978e-01 2.672087e+00
1186 2.524124e-06 3.511702e-02 2.734952e+00
1187 2.190544e-06 1.321566e-01 2.695058e+00
1188 2.614439e-06 1.935110e-01 2.665881e+00
1189 2.610961e-06 1.330023e-03 2.680638e+00
1190 2.697831e-06 3.327098e-02 2.741871e+00
1191 2.422619e-06 1.020123e-01 2.813867e+00
1192 1.836130e-06 2.420886e-01 2.722208e+00
1193 2.015297e-06 9.757849e-02 2.722398e+00
1194 2.210561e-06 9.689093e-02 2.665485e+00
1195 1.751173e-06 2.078152e-01 2.806943e+00
1196 1.802508e-06 2.931476e-02 3.210708e+00
1197 1.633937e-06 9.352010e-02 3.002087e+00
1198 1.846505e-06 1.300951e-01 2.778553e+00
1199 1.876722e-06 1.636470e-02 2.771091e+00
1200 2.152456e-06 1.469231e-01 2.792630e+00
1201 1.768006e-06 1.786098e-01 2.735727e+00
1202 2.235101e-06 2.641930e-01 2.805676e+00
1203 2.020836e-06 9.586393e-02 2.776418e+00
1204 1.715402e-06 1.511425e-01 2.807402e+00
1205 1.966863e-06 1.465905e-01 2.820517e+00
1206 1.990175e-06 1.185229e-02 2.778537e+00
1207 1.523857e-06 2.343098e-01 2.805992e+00
1208 1.514735e-06 5.986705e-03 2.799884e+00
1209 1.487790e-06 1.778851e-02 2.771612e+00
1210 1.415406e-06 4.865209e-02 2.813078e+00
1211 1.489863e-06 5.260499e-02 2.771110e+00
1212 1.620819e-06 8.789782e-02 2.799329e+00
1213 1.429170e-06 1.182421e-01 2.834273e+00
1214 1.477099e-06 3.353680e-02 2.770592e+00
1215 1.842296e-06 2.472388e-01 2.811215e+00
1216 1.678912e-06 8.868478e-02 2.735454e+00
1217 1.817978e-06 8.283099e-02 2.694252e+00
1218 1.806047e-06 6.562925e-03 2.827348e+00
1219 1.602424e-06 1.127448e-01 2.981238e+00
1220 1.397285e-06 1.280182e-01 2.901902e+00
1221 1.093923e-06 2.171079e-01 2.841590e+00
1222 1.327416e-06 2.134450e-01 2.827738e+00
1223 1.422788e-06 7.184761e-02 2.833758e+00
1224 1.436062e-06 9.330197e-03 2.730237e+00
1225 1.418047e-06 1.254476e-02 2.875571e+00
1226 1.348854e-06 4.879507e-02 2.736674e+00
1227 1.478207e-06 9.589897e-02 2.805461e+00
1228 1.368146e-06 7.445587e-02 2.841686e+00
1229 1.252161e-06 8.477529e-02 2.825558e+00
1230 1.182717e-06 5.545970e-02 2.785552e+00
1231 1.120812e-06 5.234117e-02 2.939088e+00
1232 1.437200e-06 2.822846e-01 3.083295e+00
1233 1.212040e-06 1.566659e-01 2.757510e+00
1234 1.203038e-06 7.426448e-03 2.833166e+00
1235 1.415034e-06 1.762170e-01 2.806723e+00
1236 1.450888e-06 2.533806e-02 2.862814e+00
1237 1.115380e-06 2.312434e-01 2.778379e+00
1238 1.149228e-06 3.034692e-02 2.755551e+00
1239 1.308144e-06 1.382806e-01 2.806887e+00
1240 1.370190e-06 4.743026e-02 2.693755e+00
1241 1.397233e-06 1.973669e-02 2.798655e+00
1242 1.236477e-06 1.150535e-01 2.814226e+00
1243 1.215069e-06 1.731356e-02 2.847007e+00
1244 1.441471e-06 1.863289e-01 2.960781e+00
1245 1.256567e-06 1.282749e-01 3.050129e+00
1246 1.217540e-06 3.105817e-02 2.764595e+00
1247 1.410163e-06 1.582067e-01 2.848721e+00
1248 1.129946e-06 1.987123e-01 2.833787e+00
1249 1.031864e-06 8.680294e-02 2.771451e+00
1250 1.072078e-06 3.897310e-02 2.819849e+00
1251 1.042499e-06 2.759085e-02 2.792706e+00
1252 9.452856e-07 9.325031e-02 2.890305e+00
1253 9.876928e-07 4.486181e-02 2.805065e+00
1254 1.012128e-06 2.473979e-02 2.847747e+00
1255 8.069203e-07 2.027489e-01 2.785997e+00
1256 7.586829e-07 5.977965e-02 2.925145e+00
1257 8.124803e-07 7.090892e-02 2.981878e+00
1258 8.447710e-07 3.974347e-02 2.895371e+00
1259 7.429302e-07 1.205544e-01 2.820513e+00
1260 8.142862e-07 9.604670e-02 2.792584e+00
1261 7.479960e-07 8.140900e-02 2.785073e+00
1262 8.855420e-07 1.838860e-01 2.813143e+00
1263 9.919722e-07 1.201865e-01 2.790905e+00
1264 9.432223e-07 4.914438e-02 2.806710e+00
1265 8.817184e-07 6.520620e-02 2.792476e+00
1266 6.705088e-07 2.395431e-01 2.772033e+00
1267 6.215557e-07 7.300891e-02 2.819669e+00
1268 6.688521e-07 7.609368e-02 2.750135e+00
1269 7.355615e-07 9.973710e-02 2.806179e+00
1270 5.928067e-07 1.940759e-01 2.693802e+00
1271 6.270471e-07 5.775973e-02 2.772145e+00
1272 5.616058e-07 1.043642e-01 2.868847e+00
1273 6.835411e-07 2.171190e-01 2.708683e+00
1274 5.719148e-07 1.633059e-01 2.791507e+00
1275 5.435110e-07 4.966454e-02 2.792613e+00
1276 5.859309e-07 7.804801e-02 2.701078e+00
1277 6.907890e-07 1.789598e-01 2.777738e+00
1278 7.590500e-07 9.881593e-02 2.806878e+00
1279 7.035669e-07 7.309540e-02 2.764734e+00
1280 4.689935e-07 3.334059e-01 2.805587e+00
1281 4.603379e-07 1.845569e-02 2.644135e+00
1282 5.678605e-07 2.335730e-01 2.736388e+00
1283 5.244335e-07 7.647482e-02 2.749940e+00
1284 4.781737e-07 8.820892e-02 2.758153e+00
1285 5.540072e-07 1.585898e-01 2.960763e+00
1286 5.184441e-07 6.419244e-02 3.331047e+00
1287 5.796716e-07 1.180985e-01 2.750741e+00
1288 4.484668e-07 2.263434e-01 2.679919e+00
1289 5.017495e-07 1.188109e-01 2.721139e+00
1290 4.300062e-07 1.429863e-01 2.805868e+00
1291 4.415707e-07 2.689375e-02 2.771532e+00
1292 4.019129e-07 8.981080e-02 2.855628e+00
1293 4.614784e-07 1.482051e-01 2.749604e+00
1294 4.466246e-07 3.218758e-02 2.820230e+00
1295 4.927976e-07 1.033822e-01 2.813891e+00
1296 4.304184e-07 1.265817e-01 2.764043e+00
1297 5.414150e-07 2.578807e-01 2.792287e+00
1298 6.797987e-07 2.555963e-01 2.700867e+00
1299 4.395143e-07 3.534641e-01 2.777886e+00
1300 5.712001e-07 2.996168e-01 2.687021e+00
1301 4.635341e-07 1.884909e-01 2.701929e+00
1302 4.664459e-07 6.281770e-03 2.820658e+00
1303 4.177796e-07 1.043344e-01 2.638788e+00
1304 4.673294e-07 1.186029e-01 2.791768e+00
1305 4.366432e-07 6.566294e-02 2.763961e+00
1306 4.202981e-07 3.743364e-02 2.840065e+00
1307 5.393672e-07 2.832969e-01 2.820123e+00
1308 4.115312e-07 2.370111e-01 2.881282e+00
1309 3.962406e-07 3.715523e-02 2.911950e+00
1310 3.668345e-07 7.421273e-02 2.998875e+00
1311 4.184340e-07 1.406613e-01 2.744133e+00
1312 3.081828e-07 2.634853e-01 2.799065e+00
1313 4.287145e-07 3.911048e-01 2.657063e+00
1314 2.815673e-07 3.432289e-01 2.688037e+00
1315 3.456466e-07 2.275807e-01 2.795005e+00
1316 3.006268e-07 1.302482e-01 2.790737e+00
1317 3.183891e-07 5.908429e-02 2.834709e+00
1318 3.022550e-07 5.067409e-02 2.777430e+00
1319 3.005630e-07 5.597838e-03 2.799943e+00
1320 2.657042e-07 1.159784e-01 2.790399e+00
1321 3.267240e-07 2.296533e-01 2.869731e+00
1322 4.054868e-07 2.410681e-01 3.134497e+00
1323 3.341319e-07 1.759735e-01 2.791590e+00
1324 2.985237e-07 1.065693e-01 2.784772e+00
1325 2.776777e-07 6.983029e-02 2.798338e+00
1326 2.662301e-07 4.122608e-02 2.756971e+00
1327 2.479996e-07 6.847658e-02 2.805950e+00
1328 2.664618e-07 7.444463e-02 2.803778e+00
1329 3.167293e-07 1.886479e-01 2.806898e+00
1330 3.015638e-07 4.788169e-02 2.792291e+00
1331 2.892573e-07 4.080876e-02 2.735689e+00
1332 3.383976e-07 1.698842e-01 2.715149e+00
1333 3.015530e-07 1.088795e-01 2.791792e+00
1334 2.804370e-07 7.002407e-02 2.952833e+00
1335 2.784790e-07 6.982212e-03 3.034397e+00
1336 2.397297e-07 1.391460e-01 3.029740e+00
1337 2.727348e-07 1.376763e-01 2.820565e+00
1338 2.360332e-07 1.345688e-01 2.764471e+00
1339 2.450827e-07 3.833987e-02 2.799083e+00
1340 2.217998e-07 9.500036e-02 2.778043e+00
1341 2.260589e-07 1.920245e-02 2.750748e+00
1342 2.332887e-07 3.198187e-02 2.820367e+00
1343 2.707133e-07 1.604218e-01 2.729307e+00
1344 2.336720e-07 1.368283e-01 2.812224e+00
1345 2.543844e-07 8.863842e-02 2.792238e+00
1346 2.296780e-07 9.712210e-02 2.796930e+00
1347 2.807136e-07 2.222051e-01 2.953980e+00
1348 2.155818e-07 2.320224e-01 3.280656e+00
1349 1.643562e-07 2.376155e-01 2.651718e+00
1350 1.923084e-07 1.700706e-01 2.777622e+00
1351 1.932379e-07 4.833816e-03 2.854824e+00
1352 1.820472e-07 5.791158e-02 2.847738e+00
1353 1.726434e-07 5.165578e-02 2.729788e+00
1354 1.809515e-07 4.812287e-02 2.756900e+00
1355 2.361797e-07 3.052097e-01 2.793465e+00
1356 2.490082e-07 5.431682e-02 2.826409e+00
1357 2.411696e-07 3.147938e-02 2.819409e+00
1358 1.776695e-07 2.633004e-01 2.729597e+00
1359 1.823087e-07 2.611112e-02 2.953143e+00
1360 1.599243e-07 1.227828e-01 3.119028e+00
1361 1.580052e-07 1.200049e-02 2.842076e+00
1362 1.713448e-07 8.442560e-02 2.771038e+00
1363 1.607467e-07 6.185264e-02 2.693821e+00
1364 1.733788e-07 7.858403e-02 2.838854e+00
1365 1.648602e-07 4.913319e-02 2.841569e+00
1366 1.970044e-07 1.949786e-01 2.695092e+00
1367 1.919548e-07 2.563183e-02 2.799232e+00
1368 1.624994e-07 1.534495e-01 2.825814e+00
1369 1.536638e-07 5.437329e-02 2.897650e+00
1370 1.582496e-07 2.984294e-02 2.805803e+00
1371 1.773311e-07 1.205784e-01 2.827803e+00
1372 1.507984e-07 1.496224e-01 2.727559e+00
1373 1.148676e-07 2.382701e-01 2.757608e+00
1374 1.070010e-07 6.848419e-02 2.828114e+00
1375 1.324197e-07 2.375559e-01 2.783737e+00
1376 1.126737e-07 1.491173e-01 2.818997e+00
1377 1.130252e-07 3.120100e-03 2.883223e+00
1378 1.422622e-07 2.586767e-01 3.098752e+00
1379 1.243760e-07 1.257267e-01 2.908060e+00
1380 1.259125e-07 1.235327e-02 2.645531e+00
1381 1.308551e-07 3.925466e-02 2.672760e+00
1382 1.130252e-07 1.362569e-01 2.736358e+00
1383 1.239901e-07 9.701267e-02 2.784438e+00
1384 1.360735e-07 9.745487e-02 2.778833e+00
1385 9.398587e-08 3.093010e-01 2.875043e+00
1386 1.090673e-07 1.604644e-01 2.799788e+00
1387 9.546519e-08 1.247126e-01 2.861572e+00
1388 9.358523e-08 1.969268e-02 2.813657e+00
1389 1.170536e-07 2.507704e-01 2.946960e+00
1390 1.094737e-07 6.475625e-02 3.009781e+00
1391 1.277624e-07 1.670609e-01 3.195248e+00
1392 1.117926e-07 1.249961e-01 2.883513e+00
1393 1.293840e-07 1.573574e-01 2.777730e+00
1394 1.222351e-07 5.525400e-02 2.658825e+00
1395 9.807157e-08 1.976805e-01 2.617123e+00
1396 1.152046e-07 1.746996e-01 2.673436e+00
1397 1.207536e-07 4.816578e-02 2.673497e+00
1398 9.988569e-08 1.728137e-01 2.729557e+00
1399 1.039445e-07 4.063508e-02 2.730304e+00
1400 1.012884e-07 2.555312e-02 2.729195e+00
1401 8.306841e-08 1.798826e-01 2.814056e+00
1402 1.072323e-07 2.908914e-01 2.833929e+00
1403 9.404824e-08 1.229486e-01 2.989123e+00
1404 1.125377e-07 1.965956e-01 2.985457e+00
1405 1.045955e-07 7.057375e-02 2.743538e+00
1406 9.337356e-08 1.072890e-01 2.785626e+00
1407 9.784858e-08 4.792596e-02 2.772034e+00
1408 7.689823e-08 2.141099e-01 2.743360e+00
1409 7.130947e-08 7.267732e-02 2.835102e+00
1410 6.546441e-08 8.196753e-02 2.806947e+00
1411 7.083322e-08 8.201116e-02 2.799677e+00
1412 7.007502e-08 1.070402e-02 2.813352e+00
1413 7.371925e-08 5.200466e-02 2.778812e+00
1414 5.950867e-08 1.927662e-01 2.806540e+00
1415 6.090755e-08 2.350727e-02 2.828393e+00
1416 5.576882e-08 8.436940e-02 3.121509e+00
1417 5.405203e-08 3.078396e-02 2.784971e+00
1418 6.840912e-08 2.656159e-01 2.735852e+00
1419 7.335314e-08 7.227149e-02 2.764074e+00
1420 5.660927e-08 2.282639e-01 2.778000e+00
1421 5.988964e-08 5.794761e-02 2.778393e+00
1422 6.169072e-08 3.007326e-02 2.806973e+00
1423 5.277249e-08 1.445636e-01 2.757430e+00
1424 5.353365e-08 1.442339e-02 2.793042e+00
1425 5.065974e-08 5.368413e-02 2.778557e+00
1426 5.232950e-08 3.296032e-02 2.791404e+00
1427 4.868504e-08 6.964449e-02 2.778844e+00
1428 6.583078e-08 3.521767e-01 2.946915e+00
1429 5.892198e-08 1.049478e-01 3.056233e+00
1430 7.275419e-08 2.347546e-01 2.751573e+00
1431 6.909277e-08 5.032592e-02 2.799226e+00
1432 6.977557e-08 9.882331e-03 2.702219e+00
1433 7.035112e-08 8.248682e-03 2.791753e+00
1434 6.343224e-08 9.834783e-02 2.757971e+00
1435 5.733612e-08 9.610448e-02 2.785481e+00
1436 5.566911e-08 2.907428e-02 2.765016e+00
1437 5.898245e-08 5.951841e-02 2.785808e+00
1438 5.784527e-08 1.928000e-02 2.834143e+00
1439 7.325150e-08 2.663352e-01 2.855914e+00
1440 6.774052e-08 7.523376e-02 2.722654e+00
1441 5.956252e-08 1.207254e-01 3.184568e+00
1442 6.226356e-08 4.534810e-02 2.881329e+00
1443 6.130583e-08 1.538197e-02 2.680782e+00
1444 5.465067e-08 1.085568e-01 2.686708e+00
1445 5.733666e-08 4.914845e-02 2.667465e+00
1446 4.582860e-08 2.007103e-01 2.665847e+00
1447 4.914401e-08 7.234370e-02 2.666978e+00
1448 4.614656e-08 6.099332e-02 2.694239e+00
1449 4.670826e-08 1.217215e-02 2.842171e+00
1450 4.626023e-08 9.591941e-03 2.687146e+00
1451 6.123279e-08 3.236592e-01 2.673133e+00
1452 5.237668e-08 1.446301e-01 2.777975e+00
1453 4.423099e-08 1.555213e-01 2.827407e+00
1454 4.617033e-08 4.384579e-02 2.862975e+00
1455 5.093754e-08 1.032525e-01 2.786088e+00
1456 4.552147e-08 1.063277e-01 2.750529e+00
1457 4.094262e-08 1.005866e-01 2.687774e+00
1458 4.652668e-08 1.363874e-01 2.771323e+00
1459 5.053808e-08 8.621735e-02 2.813680e+00
1460 4.288942e-08 1.513445e-01 2.909512e+00
1461 4.039410e-08 5.818030e-02 2.805961e+00
1462 4.042670e-08 8.070824e-04 2.835047e+00
1463 3.940111e-08 2.536909e-02 2.831699e+00
1464 4.379354e-08 1.114798e-01 2.849222e+00
1465 3.771319e-08 1.388412e-01 2.764213e+00
1466 3.910917e-08 3.701553e-02 2.807161e+00
1467 3.427934e-08 1.234961e-01 2.792373e+00
1468 4.896431e-08 4.283914e-01 2.805305e+00
1469 4.236856e-08 1.347053e-01 2.827725e+00
1470 3.945063e-08 6.887015e-02 2.777944e+00
1471 4.488374e-08 1.377192e-01 2.926208e+00
1472 3.706248e-08 1.742561e-01 3.077900e+00
1473 4.132508e-08 1.150112e-01 2.848252e+00
1474 3.832443e-08 7.261080e-02 2.840123e+00
1475 3.715463e-08 3.052372e-02 2.889159e+00
1476 3.465842e-08 6.718433e-02 2.834746e+00
1477 3.595417e-08 3.738631e-02 2.673376e+00
1478 3.482691e-08 3.135261e-02 2.827652e+00
1479 3.898837e-08 1.194897e-01 2.841878e+00
1480 3.048865e-08 2.180065e-01 2.792516e+00
1481 2.831589e-08 7.126461e-02 2.778595e+00
1482 3.214332e-08 1.351689e-01 2.833323e+00
1483 2.703876e-08 1.588061e-01 2.819826e+00
1484 2.692289e-08 4.285263e-03 2.827683e+00
1485 3.107529e-08 1.542331e-01 3.002700e+00
1486 2.136176e-08 3.125806e-01 3.091435e+00
1487 2.675566e-08 2.525026e-01 2.925149e+00
1488 2.438016e-08 8.878479e-02 2.820405e+00
1489 2.643338e-08 8.421671e-02 2.827549e+00
1490 2.434489e-08 7.900936e-02 2.841854e+00
1491 2.529011e-08 3.882612e-02 2.882613e+00
1492 2.423215e-08 4.183312e-02 2.861441e+00
1493 2.714316e-08 1.201300e-01 2.743986e+00
1494 2.427395e-08 1.057065e-01 2.701605e+00
1495 2.794919e-08 1.514067e-01 2.750817e+00
1496 2.627570e-08 5.987601e-02 2.799549e+00
1497 2.322066e-08 1.162685e-01 2.953413e+00
1498 2.147964e-08 7.497741e-02 3.024153e+00
1499 2.324740e-08 8.229943e-02 3.348465e+00
1500 2.254340e-08 3.028295e-02 2.904633e+00
1501 2.308443e-08 2.399945e-02 2.826867e+00
1502 2.197764e-08 4.794546e-02 2.826884e+00
1503 2.349820e-08 6.918688e-02 2.848655e+00
1504 1.959479e-08 1.661151e-01 2.806243e+00
1505 2.199287e-08 1.223835e-01 2.834471e+00
1506 1.902116e-08 1.351218e-01 2.883629e+00
1507 1.979289e-08 4.057263e-02 2.821468e+00
1508 3.030580e-08 5.311454e-01 2.883040e+00
1509 2.002154e-08 3.393494e-01 2.902903e+00
1510 2.505790e-08 2.515468e-01 2.799881e+00
1511 2.255687e-08 9.980988e-02 2.723224e+00
1512 1.978362e-08 1.229448e-01 2.799320e+00
1513 1.973492e-08 2.461617e-03 2.883260e+00
1514 1.773106e-08 1.015391e-01 2.807060e+00
1515 1.878691e-08 5.954815e-02 2.674023e+00
1516 1.630027e-08 1.323603e-01 2.667127e+00
1517 1.554836e-08 4.612845e-02 2.777687e+00
1518 1.865380e-08 1.997274e-01 2.875721e+00
1519 1.976401e-08 5.951661e-02 2.975021e+00
1520 1.501399e-08 2.403367e-01 3.040809e+00
1521 1.394087e-08 7.147451e-02 2.734883e+00
1522 1.674992e-08 2.014973e-01 2.778765e+00
1523 1.416568e-08 1.542838e-01 2.834960e+00
1524 1.262226e-08 1.089550e-01 2.854777e+00
1525 1.374825e-08 8.920662e-02 2.841464e+00
1526 1.311717e-08 4.590237e-02 2.798755e+00
1527 1.826162e-08 3.921921e-01 2.799266e+00
1528 1.615664e-08 1.152677e-01 2.882749e+00
1529 1.436961e-08 1.106066e-01 2.799975e+00
1530 1.267785e-08 1.177319e-01 2.812175e+00
1531 1.391300e-08 9.742584e-02 2.918791e+00
1532 1.228059e-08 1.173295e-01 3.176623e+00
1533 1.228184e-08 1.012351e-04 2.827118e+00
1534 1.215591e-08 1.025279e-02 2.757517e+00
1535 1.207555e-08 6.610961e-03 2.771462e+00
1536 1.631037e-08 3.506931e-01 2.790146e+00
1537 1.610011e-08 1.289106e-02 2.813725e+00
1538 1.594328e-08 9.740901e-03 2.812161e+00
1539 1.398606e-08 1.227616e-01 2.806893e+00
1540 1.252122e-08 1.047353e-01 2.800485e+00
1541 1.315108e-08 5.030346e-02 2.882924e+00
1542 1.225179e-08 6.838124e-02 2.800409e+00
1543 1.219132e-08 4.935945e-03 2.805436e+00
1544 1.148377e-08 5.803752e-02 2.960455e+00
1545 1.257851e-08 9.532936e-02 2.912588e+00
1546 1.210322e-08 3.778560e-02 2.762881e+00
1547 1.283764e-08 6.067950e-02 2.764559e+00
1548 1.224340e-08 4.628850e-02 2.820801e+00
1549 1.060651e-08 1.336959e-01 2.785327e+00
1550 1.362190e-08 2.842957e-01 2.764925e+00
1551 1.330740e-08 2.308746e-02 2.820857e+00
1552 1.495915e-08 1.241224e-01 2.778500e+00
1553 1.299354e-08 1.313983e-01 2.764706e+00
1554 1.159930e-08 1.073022e-01 2.806680e+00
1555 1.023538e-08 1.175869e-01 2.799296e+00
1556 1.048905e-08 2.478336e-02 2.875210e+00
1557 9.072724e-09 1.350287e-01 2.799413e+00
1558 1.002405e-08 1.048554e-01 2.925404e+00
1559 1.236462e-08 2.334961e-01 2.967459e+00
1560 9.778331e-09 2.091687e-01 2.981861e+00
1561 1.009835e-08 3.272685e-02 2.820289e+00
1562 1.021141e-08 1.119654e-02 2.785907e+00
1563 8.102692e-09 2.065062e-01 2.842437e+00
1564 9.604154e-09 1.853041e-01 2.910345e+00
1565 8.913373e-09 7.192515e-02 2.813391e+00
1566 9.689040e-09 8.702279e-02 2.819938e+00
1567 8.026730e-09 1.715660e-01 2.835238e+00
1568 8.127733e-09 1.258329e-02 2.848337e+00
1569 1.262287e-08 5.530614e-01 2.786018e+00
1570 7.635977e-09 3.950680e-01 2.821009e+00
1571 8.740521e-09 1.446499e-01 2.799870e+00
1572 9.338819e-09 6.845114e-02 2.716184e+00
1573 7.583063e-09 1.880062e-01 2.764351e+00
1574 8.621202e-09 1.369022e-01 2.744406e+00
1575 7.192795e-09 1.656853e-01 2.749556e+00
1576 7.813319e-09 8.627024e-02 2.853379e+00
1577 7.839472e-09 3.347158e-03 2.922238e+00
1578 8.140149e-09 3.835426e-02 2.910304e+00
1579 7.081561e-09 1.300453e-01 2.805262e+00
1580 6.696548e-09 5.436832e-02 2.707340e+00
1581 8.006613e-09 1.956328e-01 2.862524e+00
1582 6.966107e-09 1.299558e-01 2.855524e+00
1583 7.132298e-09 2.385711e-02 2.743971e+00
1584 6.209425e-09 1.293936e-01 2.645952e+00
1585 6.112179e-09 1.566091e-02 2.797669e+00
1586 5.865815e-09 4.030711e-02 2.792903e+00
1587 5.415961e-09 7.669082e-02 2.834982e+00
1588 6.616318e-09 2.216333e-01 2.680654e+00
1589 6.956353e-09 5.139330e-02 2.680877e+00
1590 5.475872e-09 2.128243e-01 2.715372e+00
1591 5.967107e-09 8.970897e-02 2.706680e+00
1592 5.714303e-09 4.236615e-02 2.755439e+00
1593 7.074594e-09 2.380501e-01 2.709255e+00
1594 6.140289e-09 1.320648e-01 2.685127e+00
1595 5.101901e-09 1.691106e-01 2.667748e+00
1596 4.503877e-09 1.172160e-01 2.658331e+00
1597 4.644711e-09 3.126941e-02 2.646641e+00
1598 4.438934e-09 4.430331e-02 2.686367e+00
1599 6.154659e-09 3.865171e-01 2.672383e+00
1600 3.784429e-09 3.851114e-01 2.645958e+00
1601 3.952207e-09 4.433380e-02 2.658394e+00
1602 4.076707e-09 3.150129e-02 2.693976e+00
1603 5.010346e-09 2.290179e-01 2.729955e+00
1604 4.844796e-09 3.304159e-02 2.645687e+00
1605 4.514715e-09 6.813113e-02 2.680724e+00
1606 5.489716e-09 2.159607e-01 2.694606e+00
1607 5.061228e-09 7.805278e-02 2.679206e+00
1608 4.392669e-09 1.320941e-01 2.686681e+00
1609 4.543320e-09 3.429584e-02 2.659371e+00
1610 3.657320e-09 1.950115e-01 2.617648e+00
1611 3.765679e-09 2.962779e-02 2.742363e+00
1612 4.448851e-09 1.814208e-01 3.414396e+00
1613 3.576023e-09 1.961917e-01 3.047038e+00
1614 3.457354e-09 3.318465e-02 2.870373e+00
1615 4.014524e-09 1.611550e-01 2.847034e+00
1616 3.414631e-09 1.494308e-01 2.814568e+00
1617 3.793856e-09 1.110589e-01 2.862790e+00
1618 3.667301e-09 3.335776e-02 2.903601e+00
1619 3.445316e-09 6.053097e-02 2.820746e+00
1620 3.642007e-09 5.708946e-02 2.869693e+00
1621 3.631639e-09 2.846732e-03 2.778222e+00
1622 4.124566e-09 1.357310e-01 2.840749e+00
1623 3.120403e-09 2.434590e-01 2.915170e+00
1624 3.391392e-09 8.684402e-02 2.798127e+00
1625 3.105637e-09 8.425869e-02 2.970464e+00
1626 2.816338e-09 9.315291e-02 2.757219e+00
1627 2.669067e-09 5.229161e-02 2.687997e+00
1628 3.596207e-09 3.473646e-01 2.679971e+00
1629 2.906677e-09 1.917382e-01 2.652570e+00
1630 3.351588e-09 1.530653e-01 2.673400e+00
1631 3.015182e-09 1.003720e-01 2.687037e+00
1632 2.851223e-09 5.437797e-02 2.703289e+00
1633 2.370780e-09 1.685041e-01 2.721960e+00
1634 2.185192e-09 7.828154e-02 2.617373e+00
1635 2.700641e-09 2.358828e-01 2.694583e+00
1636 2.809546e-09 4.032569e-02 2.791916e+00
1637 2.869341e-09 2.128274e-02 2.897187e+00
1638 3.755521e-09 3.088443e-01 3.338234e+00
1639 2.911950e-09 2.246215e-01 2.680858e+00
1640 3.190027e-09 9.549511e-02 2.693994e+00
1641 2.366319e-09 2.582134e-01 2.729696e+00
1642 2.631382e-09 1.120147e-01 2.709057e+00
1643 2.708799e-09 2.942052e-02 2.645526e+00
1644 2.776610e-09 2.503368e-02 2.665550e+00
1645 2.787649e-09 3.975733e-03 2.707946e+00
1646 3.050390e-09 9.425193e-02 2.743067e+00
1647 2.608718e-09 1.447921e-01 2.623926e+00
1648 2.814569e-09 7.890892e-02 2.806981e+00
1649 2.489492e-09 1.154980e-01 2.684474e+00
1650 2.916430e-09 1.714961e-01 2.757408e+00
1651 2.302852e-09 2.103868e-01 2.876634e+00
1652 2.723275e-09 1.825662e-01 2.818364e+00
1653 2.184817e-09 1.977242e-01 2.757908e+00
1654 2.283142e-09 4.500346e-02 2.680206e+00
1655 2.319581e-09 1.596020e-02 2.680857e+00
1656 2.192155e-09 5.493514e-02 2.715237e+00
1657 2.579397e-09 1.766490e-01 2.589613e+00
1658 1.913435e-09 2.581851e-01 2.666576e+00
1659 1.972074e-09 3.064581e-02 2.631272e+00
1660 1.815877e-09 7.920431e-02 2.645132e+00
1661 2.055615e-09 1.320234e-01 2.589905e+00
1662 1.920897e-09 6.553670e-02 2.611237e+00
1663 1.962132e-09 2.146649e-02 2.714895e+00
1664 2.016311e-09 2.761231e-02 2.750494e+00
1665 2.109553e-09 4.624412e-02 2.784932e+00
1666 2.258181e-09 7.045478e-02 2.764651e+00
1667 1.716475e-09 2.398860e-01 2.834622e+00
1668 2.162281e-09 2.597215e-01 2.860452e+00
1669 1.751704e-09 1.898815e-01 2.858516e+00
1670 1.561537e-09 1.085608e-01 2.792410e+00
1671 1.464218e-09 6.232265e-02 2.686876e+00
1672 1.565039e-09 6.885609e-02 2.662631e+00
1673 1.402926e-09 1.035837e-01 2.705886e+00
1674 1.483087e-09 5.713795e-02 2.687334e+00
1675 1.376307e-09 7.199837e-02 2.603689e+00
1676 1.813774e-09 3.178560e-01 2.680035e+00
1677 1.661319e-09 8.405435e-02 2.617712e+00
1678 1.408033e-09 1.524604e-01 2.603447e+00
1679 1.387685e-09 1.445172e-02 2.721262e+00
1680 1.478296e-09 6.529674e-02 2.665908e+00
1681 1.652772e-09 1.180253e-01 2.632154e+00
1682 1.467384e-09 1.121680e-01 2.687404e+00
1683 1.420465e-09 3.197505e-02 2.805113e+00
1684 1.273448e-09 1.034987e-01 2.966693e+00
1685 1.117922e-09 1.221301e-01 2.888986e+00
1686 1.267053e-09 1.334000e-01 2.792948e+00
1687 1.100207e-09 1.316798e-01 2.673096e+00
1688 1.211769e-09 1.014002e-01 2.807305e+00
1689 1.044644e-09 1.379181e-01 2.897552e+00
1690 1.080092e-09 3.393361e-02 2.792021e+00
1691 1.592600e-09 4.745036e-01 2.909781e+00
1692 1.226735e-09 2.297283e-01 2.827684e+00
1693 1.085236e-09 1.153455e-01 2.771731e+00
1694 1.377325e-09 2.691476e-01 2.814034e+00
1695 9.831819e-10 2.861657e-01 2.751232e+00
1696 1.392221e-09 4.160364e-01 2.904956e+00
1697 8.884938e-10 3.618157e-01 3.050675e+00
1698 9.749928e-10 9.735455e-02 2.825512e+00
1699 9.981914e-10 2.379368e-02 2.828964e+00
1700 9.634561e-10 3.479826e-02 2.876224e+00
1701 9.506428e-10 1.329931e-02 2.849031e+00
1702 1.028727e-09 8.213821e-02 2.758012e+00
1703 8.045791e-10 2.178886e-01 2.566660e+00
1704 8.124129e-10 9.736575e-03 2.632432e+00
1705 8.133767e-10 1.186324e-03 2.841189e+00
1706 8.216817e-10 1.021055e-02 2.841508e+00
1707 7.877221e-10 4.132940e-02 2.884205e+00
1708 7.250928e-10 7.950690e-02 2.834652e+00
1709 7.578288e-10 4.514738e-02 3.371366e+00
1710 8.105083e-10 6.951376e-02 3.118077e+00
1711 8.285996e-10 2.232094e-02 2.960239e+00
1712 8.145092e-10 1.700507e-02 2.888857e+00
1713 9.353979e-10 1.484190e-01 2.897359e+00
1714 8.937048e-10 4.457258e-02 2.918547e+00
1715 7.264264e-10 1.871741e-01 2.827507e+00
1716 7.092587e-10 2.363311e-02 2.764540e+00
1717 7.486313e-10 5.551235e-02 2.784748e+00
1718 6.924343e-10 7.506624e-02 2.827012e+00
1719 7.867655e-10 1.362313e-01 2.799844e+00
1720 7.690075e-10 2.257091e-02 2.777900e+00
1721 9.393023e-10 2.214475e-01 2.967192e+00
1722 7.721301e-10 1.779748e-01 3.015568e+00
1723 9.788205e-10 2.676885e-01 3.002004e+00
1724 8.542062e-10 1.273107e-01 2.722754e+00
1725 7.738081e-10 9.412016e-02 2.757787e+00
1726 8.090938e-10 4.560002e-02 2.755458e+00
1727 7.392846e-10 8.628067e-02 2.872534e+00
1728 6.197913e-10 1.616337e-01 2.814378e+00
1729 6.206059e-10 1.314266e-03 2.805916e+00
1730 5.798896e-10 6.560737e-02 2.772380e+00
1731 5.636887e-10 2.793796e-02 2.792845e+00
1732 6.113535e-10 8.455886e-02 2.806977e+00
1733 6.427139e-10 5.129660e-02 2.855450e+00
1734 5.588902e-10 1.304215e-01 2.824991e+00
1735 6.517525e-10 1.661550e-01 2.832095e+00
1736 5.992131e-10 8.061252e-02 2.803915e+00
1737 7.140818e-10 1.916992e-01 2.811479e+00
1738 7.060531e-10 1.124337e-02 2.802802e+00
1739 5.027774e-10 2.879043e-01 2.743024e+00
1740 5.712065e-10 1.361023e-01 2.562244e+00
1741 5.053962e-10 1.152129e-01 2.632004e+00
1742 5.427181e-10 7.384687e-02 2.945992e+00
1743 5.536581e-10 2.015784e-02 2.941949e+00
1744 5.156522e-10 6.864513e-02 2.798433e+00
1745 4.973338e-10 3.552462e-02 2.796628e+00
1746 5.128993e-10 3.129777e-02 2.805440e+00
1747 4.540182e-10 1.148006e-01 2.847713e+00
1748 4.419111e-10 2.666654e-02 2.764056e+00
1749 5.645355e-10 2.774868e-01 2.734685e+00
1750 5.587794e-10 1.019630e-02 2.671952e+00
1751 4.374265e-10 2.171748e-01 2.876911e+00
1752 3.970977e-10 9.219571e-02 2.847599e+00
1753 3.576432e-10 9.935701e-02 2.828208e+00
1754 4.275884e-10 1.955724e-01 2.917780e+00
1755 4.496974e-10 5.170622e-02 2.869234e+00
1756 5.708607e-10 2.694330e-01 3.125989e+00
1757 4.914356e-10 1.391323e-01 2.694590e+00
1758 4.011063e-10 1.838070e-01 2.569314e+00
1759 2.810248e-10 2.993758e-01 2.608590e+00
1760 4.091408e-10 4.558889e-01 2.583022e+00
1761 3.940734e-10 3.682691e-02 2.680738e+00
1762 4.291918e-10 8.911626e-02 2.490872e+00
1763 4.616901e-10 7.571985e-02 2.499530e+00
1764 3.883014e-10 1.589567e-01 2.519128e+00
1765 3.821528e-10 1.583470e-02 2.666246e+00
1766 3.623709e-10 5.176423e-02 2.667486e+00
1767 4.034502e-10 1.133624e-01 2.547283e+00
1768 3.603049e-10 1.069408e-01 2.667075e+00
1769 3.439109e-10 4.550035e-02 2.643729e+00
1770 3.641241e-10 5.877442e-02 2.635877e+00
1771 3.016409e-10 1.715985e-01 2.825365e+00
1772 2.576100e-10 1.459712e-01 3.041410e+00
1773 2.757402e-10 7.037833e-02 2.728732e+00
1774 3.433200e-10 2.450852e-01 2.596393e+00
1775 4.025021e-10 1.723817e-01 2.707700e+00
1776 3.620834e-10 1.004188e-01 2.792104e+00
1777 2.969951e-10 1.797604e-01 2.784592e+00
1778 2.975539e-10 1.881429e-03 2.793215e+00
1779 3.450102e-10 1.594883e-01 2.792114e+00
1780 3.351818e-10 2.848748e-02 2.665904e+00
1781 3.172757e-10 5.342212e-02 2.694482e+00
1782 3.302124e-10 4.077452e-02 2.639323e+00
1783 3.012318e-10 8.776350e-02 2.764300e+00
1784 3.023951e-10 3.861782e-03 2.919121e+00
1785 3.170696e-10 4.852752e-02 2.832129e+00
1786 2.677738e-10 1.554731e-01 2.658952e+00
1787 2.723041e-10 1.691825e-02 2.629988e+00
1788 2.714819e-10 3.019125e-03 2.658275e+00
1789 3.033910e-10 1.175365e-01 2.702281e+00
1790 2.593995e-10 1.449993e-01 2.630983e+00
1791 2.670405e-10 2.945649e-02 2.540720e+00
1792 2.701198e-10 1.153126e-02 2.623840e+00
1793 2.394718e-10 1.134609e-01 2.615600e+00
1794 2.583127e-10 7.867703e-02 2.764521e+00
1795 2.463489e-10 4.631504e-02 2.863258e+00
1796 2.979742e-10 2.095615e-01 2.638587e+00
1797 2.649612e-10 1.107916e-01 2.631506e+00
1798 2.131778e-10 1.954375e-01 2.814213e+00
1799 1.867573e-10 1.239366e-01 2.770793e+00
1800 2.224078e-10 1.908921e-01 2.648225e+00
1801 2.801749e-10 2.597352e-01 2.545586e+00
1802 2.413515e-10 1.385684e-01 2.692332e+00
1803 2.092668e-10 1.329375e-01 2.631134e+00
1804 2.586138e-10 2.358089e-01 2.708055e+00
1805 2.206735e-10 1.467065e-01 2.667751e+00
1806 2.274898e-10 3.088874e-02 2.649920e+00
1807 2.145009e-10 5.709681e-02 2.678816e+00
1808 2.071417e-10 3.430808e-02 2.708917e+00
1809 2.357491e-10 1.381051e-01 2.554381e+00
1810 1.936452e-10 1.785961e-01 2.764580e+00
1811 1.604546e-10 1.713988e-01 3.098026e+00
1812 2.092765e-10 3.042719e-01 2.715939e+00
1813 1.453451e-10 3.054878e-01 2.612672e+00
1814 1.481776e-10 1.948819e-02 2.622795e+00
1815 1.523649e-10 2.825878e-02 2.566044e+00
1816 1.390457e-10 8.741669e-02 2.593659e+00
1817 1.533575e-10 1.029294e-01 2.483085e+00
1818 1.920770e-10 2.524784e-01 2.418951e+00
1819 1.700525e-10 1.146649e-01 2.435922e+00
1820 1.738816e-10 2.251686e-02 2.511104e+00
1821 1.288983e-10 2.587004e-01 2.435892e+00
1822 1.948139e-10 5.113767e-01 2.532099e+00
1823 1.371432e-10 2.960299e-01 2.524779e+00
1824 1.540986e-10 1.236331e-01 2.425516e+00
1825 1.208942e-10 2.154752e-01 2.391409e+00
1826 1.536470e-10 2.709212e-01 2.414672e+00
1827 2.187337e-10 4.236120e-01 2.496955e+00
1828 1.464135e-10 3.306310e-01 2.352052e+00
1829 1.528656e-10 4.406738e-02 2.435575e+00
1830 1.382875e-10 9.536557e-02 2.394377e+00
1831 1.488482e-10 7.636745e-02 2.400699e+00
1832 1.421798e-10 4.479956e-02 2.415081e+00
1833 1.256061e-10 1.165689e-01 2.782503e+00
1834 1.279625e-10 1.876062e-02 2.532456e+00
1835 1.538830e-10 2.025631e-01 2.550790e+00
1836 1.282137e-10 1.668108e-01 3.053449e+00
1837 1.374101e-10 7.172731e-02 2.991261e+00
1838 1.157449e-10 1.576684e-01 2.782356e+00
1839 1.139060e-10 1.588721e-02 2.642150e+00
1840 1.244945e-10 9.295850e-02 2.638203e+00
1841 1.261251e-10 1.309764e-02 2.715327e+00
1842 1.350730e-10 7.094418e-02 2.695504e+00
1843 1.353031e-10 1.703888e-03 2.705015e+00
1844 1.563375e-10 1.554613e-01 2.659205e+00
1845 1.421999e-10 9.042987e-02 2.722266e+00
1846 1.102097e-10 2.249663e-01 2.728212e+00
1847 1.061394e-10 3.693231e-02 2.684578e+00
1848 1.042383e-10 1.791178e-02 2.612622e+00
1849 1.019446e-10 2.200459e-02 2.733162e+00
1850 1.215795e-10 1.926043e-01 2.694220e+00
1851 1.282671e-10 5.500547e-02 2.701016e+00
1852 1.026973e-10 1.993479e-01 2.643543e+00
1853 9.405854e-11 8.411864e-02 2.649255e+00
