1 9.998491e-01 1.000000e+00 4.343661e+00
2 9.840173e-01 1.583418e-02 4.326123e+00
3 9.527130e-01 3.181279e-02 4.494890e+00
4 8.869019e-01 6.907758e-02 4.207162e+00
5 8.567640e-01 3.398106e-02 4.581841e+00
6 8.448904e-01 1.385867e-02 4.167222e+00
7 8.165407e-01 3.355425e-02 3.661843e+00
8 8.095114e-01 8.608662e-03 4.541693e+00
9 7.776061e-01 3.941303e-02 4.550282e+00
10 7.308941e-01 6.007152e-02 4.425770e+00
11 6.895861e-01 5.651710e-02 4.584527e+00
12 6.748508e-01 2.136831e-02 4.615757e+00
13 6.452139e-01 4.391630e-02 4.577927e+00
14 6.179919e-01 4.219068e-02 4.270964e+00
15 5.822235e-01 5.787836e-02 4.478209e+00
16 5.508071e-01 5.395930e-02 3.955624e+00
17 5.310425e-01 3.588311e-02 4.300814e+00
18 5.178036e-01 2.492995e-02 4.557703e+00
19 4.152656e-01 1.980249e-01 4.293991e+00
20 3.820949e-01 7.987828e-02 4.197379e+00
21 3.606681e-01 5.607714e-02 4.340653e+00
22 3.471414e-01 3.750468e-02 4.078114e+00
23 2.125162e-01 3.878107e-01 4.059095e+00
24 1.636971e-01 2.297197e-01 4.043287e+00
25 1.333623e-01 1.853103e-01 3.863008e+00
26 1.005479e-01 2.460545e-01 3.924009e+00
27 9.700631e-02 3.522312e-02 4.150460e+00
28 7.136368e-02 2.643399e-01 4.175571e+00
29 4.028829e-02 4.354510e-01 4.357199e+00
30 4.497737e-02 1.163880e-01 4.234290e+00
31 4.020870e-02 1.060236e-01 3.863985e+00
32 3.439957e-02 1.444744e-01 4.780197e+00
33 3.677499e-02 6.905375e-02 3.956767e+00
34 3.516216e-02 4.385661e-02 3.808970e+00
35 2.741608e-02 2.202961e-01 4.111760e+00
36 2.439464e-02 1.102066e-01 3.840813e+00
37 2.975112e-02 2.195759e-01 3.788488e+00
38 2.160254e-02 2.738915e-01 3.806587e+00
39 2.106008e-02 2.511091e-02 3.950856e+00
40 1.722572e-02 1.820679e-01 3.854785e+00
41 1.456178e-02 1.546491e-01 3.789732e+00
42 1.336176e-02 8.240882e-02 4.107138e+00
43 1.241996e-02 7.048454e-02 3.847580e+00
44 1.299958e-02 4.666863e-02 3.916601e+00
45 1.189761e-02 8.476960e-02 3.839733e+00
46 1.123995e-02 5.527664e-02 3.824246e+00
47 9.719413e-03 1.352799e-01 3.797627e+00
48 9.221606e-03 5.121772e-02 3.830352e+00
49 8.132902e-03 1.180602e-01 3.761835e+00
50 9.490516e-03 1.669287e-01 3.736036e+00
51 9.335793e-03 1.630299e-02 3.781594e+00
52 8.675560e-03 7.072057e-02 3.760059e+00
53 1.015739e-02 1.708057e-01 3.769148e+00
54 9.023397e-03 1.116426e-01 3.778157e+00
55 8.028308e-03 1.102789e-01 3.782659e+00
56 9.827306e-03 2.240820e-01 3.765847e+00
57 8.748274e-03 1.097994e-01 3.779582e+00
58 5.362865e-03 3.869803e-01 3.775006e+00
59 4.606787e-03 1.409839e-01 3.771756e+00
60 4.540573e-03 1.437313e-02 3.759143e+00
61 3.598412e-03 2.074983e-01 3.751858e+00
62 3.649772e-03 1.427281e-02 3.785679e+00
63 3.097614e-03 1.512855e-01 3.722257e+00
64 3.649161e-03 1.780553e-01 3.663067e+00
65 3.414875e-03 6.420256e-02 3.814590e+00
66 2.881767e-03 1.561136e-01 3.760175e+00
67 2.225595e-03 2.276978e-01 3.831752e+00
68 2.415294e-03 8.523535e-02 3.789641e+00
69 2.983308e-03 2.351735e-01 3.787589e+00
70 2.489837e-03 1.654105e-01 3.764248e+00
71 2.284254e-03 8.256891e-02 3.867852e+00
72 2.148301e-03 5.951728e-02 3.812821e+00
73 2.021240e-03 5.914523e-02 3.839349e+00
74 1.667037e-03 1.752405e-01 3.792110e+00
75 1.839817e-03 1.036454e-01 3.839758e+00
76 1.567666e-03 1.479231e-01 3.846950e+00
77 1.094784e-03 3.016473e-01 3.823565e+00
78 8.341044e-04 2.381103e-01 3.775678e+00
79 8.186973e-04 1.847136e-02 3.839493e+00
80 6.580798e-04 1.961867e-01 3.824199e+00
81 5.095974e-04 2.256297e-01 3.829471e+00
82 4.117660e-04 1.919778e-01 3.863428e+00
83 4.134680e-04 4.133309e-03 3.846499e+00
84 3.844546e-04 7.017084e-02 3.917048e+00
85 2.910562e-04 2.429374e-01 3.819223e+00
86 2.739784e-04 5.867530e-02 3.783220e+00
87 2.469330e-04 9.871351e-02 3.723466e+00
88 2.263539e-04 8.333894e-02 3.853144e+00
89 1.896375e-04 1.622079e-01 3.725972e+00
90 1.889906e-04 3.411384e-03 3.831051e+00
91 1.321312e-04 3.008584e-01 3.699028e+00
92 1.711886e-04 2.955961e-01 3.531040e+00
93 1.135150e-04 3.369009e-01 3.588248e+00
94 1.385515e-04 2.205560e-01 3.932566e+00
95 1.380792e-04 3.408576e-03 3.921497e+00
96 9.161926e-05 3.364731e-01 3.884810e+00
97 9.140213e-05 2.369842e-03 3.857188e+00
98 8.192742e-05 1.036596e-01 3.876698e+00
99 7.397870e-05 9.702149e-02 3.962113e+00
100 7.276495e-05 1.640669e-02 3.810578e+00
101 6.716039e-05 7.702286e-02 3.799432e+00
102 8.039521e-05 1.970629e-01 3.872449e+00
103 6.349045e-05 2.102707e-01 4.090711e+00
104 5.918841e-05 6.775884e-02 4.269454e+00
105 5.897436e-05 3.616461e-03 3.845275e+00
106 4.998809e-05 1.523758e-01 3.543720e+00
107 4.413751e-05 1.170395e-01 3.765264e+00
108 4.629471e-05 4.887447e-02 3.628777e+00
109 4.187193e-05 9.553526e-02 3.597339e+00
110 4.176560e-05 2.539527e-03 3.629829e+00
111 3.099016e-05 2.579980e-01 3.654353e+00
112 3.911043e-05 2.620275e-01 3.767086e+00
113 2.898210e-05 2.589674e-01 3.669462e+00
114 3.190624e-05 1.008945e-01 3.516913e+00
115 2.923754e-05 8.364203e-02 3.662775e+00
116 3.456540e-05 1.822269e-01 3.676752e+00
117 3.181271e-05 7.963716e-02 3.665763e+00
118 3.180842e-05 1.350103e-04 3.661838e+00
119 3.245749e-05 2.040553e-02 3.597604e+00
120 3.205724e-05 1.233136e-02 3.617139e+00
121 2.141398e-05 3.320080e-01 3.698555e+00
122 2.190182e-05 2.278153e-02 3.626849e+00
123 2.091219e-05 4.518520e-02 3.535889e+00
124 2.279692e-05 9.012607e-02 3.617735e+00
125 1.753081e-05 2.310008e-01 3.708911e+00
126 2.216860e-05 2.645506e-01 3.677735e+00
127 1.979677e-05 1.069903e-01 3.683778e+00
128 1.794676e-05 9.345019e-02 3.672162e+00
129 1.705796e-05 4.952452e-02 3.577878e+00
130 1.608653e-05 5.694865e-02 3.622346e+00
131 1.448587e-05 9.950288e-02 3.561577e+00
132 1.615904e-05 1.155033e-01 3.770021e+00
133 1.331844e-05 1.757899e-01 3.596107e+00
134 1.470778e-05 1.043164e-01 3.612729e+00
135 1.196929e-05 1.861934e-01 3.687080e+00
136 1.192391e-05 3.791111e-03 3.548118e+00
137 1.132505e-05 5.022305e-02 3.574523e+00
138 9.894368e-06 1.263293e-01 3.590567e+00
139 9.851021e-06 4.380993e-03 3.623540e+00
140 1.222540e-05 2.410292e-01 3.612300e+00
141 9.185220e-06 2.486776e-01 3.644938e+00
142 1.209998e-05 3.173315e-01 3.663902e+00
143 8.749894e-06 2.768670e-01 3.654443e+00
144 1.145035e-05 3.086269e-01 3.603970e+00
145 8.116742e-06 2.911357e-01 3.604931e+00
146 1.068961e-05 3.169830e-01 3.659974e+00
147 7.512503e-06 2.972146e-01 3.754581e+00
148 9.536731e-06 2.694479e-01 3.924023e+00
149 7.619208e-06 2.010671e-01 3.805762e+00
150 9.441773e-06 2.392066e-01 3.591115e+00
151 6.268200e-06 3.361205e-01 3.618082e+00
152 5.423840e-06 1.347053e-01 3.727716e+00
153 7.050566e-06 2.999215e-01 3.652976e+00
154 4.489738e-06 3.632088e-01 3.633718e+00
155 9.467976e-06 1.108804e+00 3.673870e+00
156 5.127425e-06 4.584456e-01 3.639687e+00
157 4.668910e-06 8.942387e-02 3.654142e+00
158 4.051886e-06 1.321559e-01 3.681329e+00
159 5.512744e-06 3.605377e-01 3.600916e+00
160 3.496893e-06 3.656712e-01 3.525723e+00
161 3.640771e-06 4.114461e-02 3.620799e+00
162 3.259257e-06 1.047893e-01 3.639803e+00
163 3.590169e-06 1.015297e-01 3.642485e+00
164 2.822010e-06 2.139617e-01 3.676115e+00
165 2.670668e-06 5.362921e-02 3.674904e+00
166 2.460526e-06 7.868522e-02 3.775839e+00
167 4.957584e-06 1.014848e+00 3.542189e+00
168 2.639443e-06 4.675949e-01 3.678683e+00
169 2.220589e-06 1.586903e-01 3.715698e+00
170 2.517208e-06 1.335767e-01 3.684029e+00
171 1.743321e-06 3.074387e-01 3.613029e+00
172 2.739166e-06 5.712343e-01 3.604971e+00
173 1.995137e-06 2.716262e-01 3.627060e+00
174 1.798774e-06 9.842065e-02 3.614037e+00
175 1.637364e-06 8.973332e-02 3.622046e+00
176 1.665556e-06 1.721796e-02 3.450986e+00
177 1.836151e-06 1.024251e-01 3.601433e+00
178 1.380089e-06 2.483790e-01 3.554199e+00
179 2.000591e-06 4.496096e-01 3.577842e+00
180 1.280046e-06 3.601662e-01 3.620118e+00
181 1.917783e-06 4.982148e-01 3.711372e+00
182 1.265817e-06 3.399585e-01 3.661532e+00
183 1.179515e-06 6.817872e-02 3.576203e+00
184 1.273450e-06 7.963863e-02 3.477401e+00
185 1.099724e-06 1.364211e-01 3.575889e+00
186 9.159102e-07 1.671457e-01 3.597495e+00
187 1.305190e-06 4.250201e-01 3.639075e+00
188 7.960810e-07 3.900652e-01 3.589220e+00
189 1.286751e-06 6.163567e-01 3.613955e+00
190 9.848911e-07 2.345907e-01 3.713487e+00
191 1.164711e-06 1.825785e-01 3.654808e+00
192 6.563714e-07 4.364512e-01 3.644393e+00
193 1.087312e-06 6.565506e-01 3.655958e+00
194 7.109732e-07 3.461188e-01 3.678004e+00
195 9.103099e-07 2.803716e-01 3.587388e+00
196 6.270190e-07 3.112027e-01 3.606501e+00
197 8.766476e-07 3.981196e-01 3.753937e+00
198 5.761137e-07 3.428218e-01 3.581770e+00
199 8.487849e-07 4.732942e-01 3.630736e+00
200 5.184714e-07 3.891604e-01 3.711378e+00
201 7.774524e-07 4.995085e-01 3.602363e+00
202 4.793438e-07 3.834428e-01 3.576382e+00
203 7.840939e-07 6.357651e-01 3.657073e+00
204 5.054652e-07 3.553511e-01 3.608345e+00
205 6.954274e-07 3.758166e-01 3.595876e+00
206 4.435103e-07 3.622480e-01 3.606469e+00
207 6.699834e-07 5.106379e-01 3.685128e+00
208 4.368137e-07 3.480232e-01 3.748350e+00
209 6.234006e-07 4.271544e-01 3.408757e+00
210 4.253383e-07 3.177127e-01 3.682262e+00
211 5.735101e-07 3.483623e-01 3.618653e+00
212 3.841966e-07 3.300961e-01 3.561467e+00
213 5.084303e-07 3.233596e-01 3.603192e+00
214 3.739157e-07 2.645683e-01 3.621007e+00
215 5.780953e-07 5.460579e-01 3.598656e+00
216 3.318037e-07 4.260399e-01 3.611498e+00
217 5.095671e-07 5.357490e-01 3.572114e+00
218 3.224389e-07 3.672297e-01 3.810613e+00
219 4.167116e-07 2.923736e-01 4.536241e+00
220 3.081933e-07 2.604159e-01 4.177628e+00
221 3.704284e-07 2.019352e-01 4.151714e+00
222 2.719324e-07 2.658974e-01 3.783062e+00
223 3.525865e-07 2.965959e-01 3.762816e+00
224 2.350934e-07 3.332318e-01 3.679548e+00
225 3.519752e-07 4.971713e-01 3.968798e+00
226 3.190220e-07 9.362364e-02 3.788082e+00
227 2.510935e-07 2.129273e-01 3.708847e+00
228 2.354847e-07 6.216307e-02 3.733818e+00
229 3.041615e-07 2.916398e-01 3.602558e+00
230 2.474844e-07 1.863388e-01 3.685942e+00
231 2.745731e-07 1.094564e-01 3.846707e+00
232 2.299361e-07 1.625690e-01 4.035601e+00
233 2.506707e-07 9.017570e-02 3.724174e+00
234 2.114106e-07 1.566202e-01 3.606527e+00
235 2.863785e-07 3.546077e-01 3.351285e+00
236 2.201373e-07 2.313063e-01 3.197251e+00
237 2.457822e-07 1.164949e-01 3.286244e+00
238 2.153545e-07 1.237995e-01 3.422625e+00
239 2.098698e-07 2.546808e-02 3.691241e+00
240 2.081154e-07 8.359258e-03 3.776205e+00
241 2.189334e-07 5.198067e-02 3.575723e+00
242 1.910164e-07 1.275138e-01 3.648192e+00
243 2.171780e-07 1.369598e-01 3.627767e+00
244 2.069969e-07 4.687899e-02 3.505397e+00
245 2.107151e-07 1.796253e-02 3.570527e+00
246 1.867353e-07 1.138019e-01 3.680173e+00
247 1.869432e-07 1.113459e-03 3.563931e+00
248 1.847119e-07 1.193589e-02 3.543736e+00
249 1.772194e-07 4.056331e-02 3.654235e+00
250 1.390392e-07 2.154402e-01 3.602600e+00
251 2.118767e-07 5.238635e-01 3.756610e+00
252 1.402596e-07 3.380132e-01 3.605012e+00
253 1.832475e-07 3.064880e-01 3.605033e+00
254 1.492529e-07 1.855122e-01 3.617343e+00
255 1.990312e-07 3.335167e-01 3.596462e+00
256 1.183626e-07 4.053064e-01 3.529895e+00
257 1.792561e-07 5.144665e-01 3.615782e+00
258 1.182222e-07 3.404843e-01 3.530931e+00
259 1.542132e-07 3.044351e-01 3.535353e+00
260 1.107339e-07 2.819431e-01 3.623396e+00
261 1.547985e-07 3.979325e-01 3.494773e+00
262 1.021414e-07 3.401651e-01 3.484561e+00
263 1.596028e-07 5.625667e-01 3.437900e+00
264 1.071181e-07 3.288457e-01 3.484287e+00
265 1.309048e-07 2.220602e-01 3.517427e+00
266 8.933445e-08 3.175616e-01 3.380809e+00
267 1.220808e-07 3.665593e-01 3.448976e+00
268 1.162309e-07 4.791834e-02 3.549461e+00
269 1.215551e-07 4.580704e-02 3.613423e+00
270 7.955079e-08 3.455579e-01 3.480160e+00
271 1.147365e-07 4.423050e-01 3.431919e+00
272 9.492083e-08 1.727059e-01 3.648602e+00
273 1.110380e-07 1.697963e-01 3.525766e+00
274 7.778178e-08 2.995033e-01 3.995622e+00
275 1.012070e-07 3.011661e-01 3.493177e+00
276 7.513262e-08 2.576342e-01 3.446784e+00
277 9.603268e-08 2.781755e-01 3.454535e+00
278 7.123781e-08 2.581920e-01 3.533885e+00
279 8.452773e-08 1.865571e-01 3.453698e+00
280 6.094164e-08 2.790337e-01 3.509374e+00
281 8.718569e-08 4.306423e-01 3.574055e+00
282 6.177915e-08 2.914073e-01 3.518963e+00
283 6.837917e-08 1.068326e-01 3.503748e+00
284 6.318543e-08 7.595501e-02 4.100610e+00
285 7.107359e-08 1.248414e-01 4.455787e+00
286 5.242257e-08 2.624184e-01 3.572512e+00
287 7.737507e-08 4.759876e-01 3.546075e+00
288 3.337695e-08 5.686342e-01 3.516855e+00
289 7.162097e-08 1.145821e+00 3.415265e+00
290 5.068135e-08 2.923672e-01 3.600046e+00
291 6.141751e-08 2.118365e-01 3.651133e+00
292 4.415602e-08 2.810516e-01 3.630245e+00
293 5.325704e-08 2.061105e-01 3.843160e+00
294 4.066309e-08 2.364748e-01 3.620764e+00
295 5.186663e-08 2.755211e-01 3.935310e+00
296 4.457346e-08 1.406140e-01 4.304020e+00
297 5.040683e-08 1.308709e-01 3.741270e+00
298 3.824366e-08 2.413000e-01 3.531934e+00
299 4.766200e-08 2.462718e-01 3.544109e+00
300 2.165584e-08 5.456373e-01 3.662466e+00
301 5.222162e-08 1.411434e+00 3.560098e+00
302 4.020089e-08 2.301868e-01 3.534184e+00
303 4.305449e-08 7.098352e-02 3.773686e+00
304 3.301959e-08 2.330744e-01 3.611972e+00
305 4.314457e-08 3.066353e-01 3.693465e+00
306 2.977209e-08 3.099459e-01 3.836945e+00
307 4.412651e-08 4.821437e-01 3.637387e+00
308 2.916568e-08 3.390440e-01 3.838133e+00
309 3.572492e-08 2.248958e-01 3.622851e+00
310 2.877434e-08 1.945583e-01 3.428658e+00
311 2.872526e-08 1.705739e-03 3.419693e+00
312 2.567013e-08 1.063570e-01 3.390353e+00
313 3.826165e-08 4.905127e-01 3.557952e+00
314 3.400726e-08 1.111919e-01 3.479477e+00
315 3.337001e-08 1.873877e-02 3.541163e+00
316 2.398708e-08 2.811784e-01 3.429842e+00
317 3.055837e-08 2.739511e-01 3.576075e+00
318 2.257512e-08 2.612461e-01 3.380651e+00
319 2.993805e-08 3.261526e-01 3.442042e+00
320 2.038129e-08 3.192176e-01 3.553814e+00
321 3.203336e-08 5.717039e-01 3.575889e+00
322 2.410241e-08 2.475841e-01 3.483818e+00
323 2.425334e-08 6.261888e-03 3.388860e+00
324 1.658051e-08 3.163617e-01 3.475627e+00
325 3.013748e-08 8.176447e-01 3.454883e+00
326 2.158052e-08 2.839307e-01 3.395130e+00
327 2.225771e-08 3.137985e-02 3.357725e+00
328 1.746641e-08 2.152650e-01 3.256085e+00
329 2.872832e-08 6.447754e-01 3.278389e+00
330 2.115971e-08 2.634545e-01 3.350266e+00
331 2.055224e-08 2.870906e-02 3.254203e+00
332 1.504419e-08 2.680022e-01 3.356006e+00
333 2.224350e-08 4.785441e-01 3.174916e+00
334 1.787296e-08 1.964861e-01 3.197677e+00
335 1.888053e-08 5.637398e-02 3.317407e+00
336 1.430082e-08 2.425626e-01 3.269192e+00
337 2.296347e-08 6.057452e-01 3.356636e+00
338 1.886569e-08 1.784477e-01 3.403789e+00
339 1.809143e-08 4.104096e-02 3.607825e+00
340 1.533075e-08 1.525960e-01 3.372548e+00
341 2.238570e-08 4.601828e-01 3.292374e+00
342 7.842626e-09 6.496591e-01 3.222894e+00
343 2.105338e-08 1.684481e+00 3.413396e+00
344 1.615103e-08 2.328535e-01 3.422378e+00
345 1.891234e-08 1.709681e-01 3.326522e+00
346 1.236333e-08 3.462823e-01 3.214780e+00
347 1.610765e-08 3.028571e-01 3.229072e+00
348 1.001617e-08 3.781734e-01 3.199918e+00
349 1.796741e-08 7.938413e-01 3.246743e+00
350 7.070450e-09 6.064848e-01 3.397619e+00
351 1.704944e-08 1.411365e+00 3.349256e+00
352 1.291256e-08 2.426401e-01 3.375387e+00
353 1.465027e-08 1.345747e-01 3.509044e+00
354 1.074526e-08 2.665483e-01 3.596836e+00
355 1.346124e-08 2.527605e-01 3.487081e+00
356 1.116524e-08 1.705635e-01 3.624187e+00
357 1.510977e-08 3.532861e-01 3.637454e+00
358 5.769078e-09 6.181889e-01 3.510030e+00
359 1.707904e-08 1.960446e+00 3.446636e+00
360 1.308062e-08 2.341127e-01 3.398912e+00
361 1.448675e-08 1.074973e-01 3.341296e+00
362 1.169851e-08 1.924683e-01 3.252379e+00
363 1.727909e-08 4.770326e-01 3.331881e+00
364 6.358767e-09 6.319963e-01 3.205067e+00
365 1.353369e-08 1.128351e+00 3.323302e+00
366 1.046463e-08 2.267721e-01 3.279746e+00
367 1.271608e-08 2.151488e-01 3.252941e+00
368 8.244520e-09 3.516460e-01 3.800312e+00
369 1.121537e-08 3.603425e-01 3.674910e+00
370 7.336463e-09 3.458564e-01 3.348257e+00
371 1.049916e-08 4.310929e-01 3.243227e+00
372 7.319887e-09 3.028121e-01 3.369127e+00
373 1.523846e-08 1.081789e+00 3.501446e+00
374 4.728184e-09 6.897204e-01 3.326437e+00
375 1.157066e-08 1.447169e+00 3.156775e+00
376 1.023627e-08 1.153259e-01 3.235032e+00
377 1.116962e-08 9.118095e-02 3.491714e+00
378 8.267477e-09 2.598246e-01 3.494087e+00
379 9.867206e-09 1.934966e-01 3.363884e+00
380 7.205209e-09 2.697823e-01 3.809503e+00
381 1.410529e-08 9.576514e-01 3.477894e+00
382 5.312708e-09 6.233534e-01 3.476913e+00
383 1.240687e-08 1.335320e+00 3.524447e+00
384 4.272887e-09 6.556033e-01 3.516476e+00
385 9.851942e-09 1.305688e+00 3.444972e+00
386 4.950428e-09 4.975175e-01 3.413050e+00
387 9.656422e-09 9.506236e-01 3.388992e+00
388 7.534019e-09 2.197919e-01 3.364171e+00
389 9.963681e-09 3.224922e-01 3.358123e+00
390 7.018261e-09 2.956156e-01 3.447254e+00
391 8.299722e-09 1.825895e-01 3.491344e+00
392 5.771152e-09 3.046571e-01 3.409900e+00
393 8.324779e-09 4.424812e-01 3.385653e+00
394 6.531053e-09 2.154683e-01 3.268182e+00
395 9.116265e-09 3.958339e-01 3.030321e+00
396 7.096559e-09 2.215497e-01 3.089127e+00
397 9.802797e-09 3.813452e-01 3.221729e+00
398 4.451348e-09 5.459105e-01 3.501233e+00
399 8.109785e-09 8.218719e-01 3.372854e+00
400 3.275496e-09 5.961057e-01 3.415063e+00
401 8.142310e-09 1.485825e+00 3.275582e+00
402 5.657475e-09 3.051757e-01 3.383263e+00
403 6.688916e-09 1.823147e-01 3.124101e+00
404 2.597763e-09 6.116317e-01 3.118624e+00
405 6.075798e-09 1.338858e+00 3.212018e+00
406 5.151542e-09 1.521208e-01 3.244831e+00
407 6.239384e-09 2.111683e-01 2.996328e+00
408 2.931815e-09 5.301115e-01 3.072997e+00
409 4.923761e-09 6.794243e-01 2.890358e+00
410 4.183989e-09 1.502453e-01 2.908285e+00
411 5.353223e-09 2.794545e-01 2.902589e+00
412 2.457684e-09 5.408965e-01 2.899026e+00
413 6.153075e-09 1.503607e+00 2.869575e+00
414 4.367097e-09 2.902578e-01 3.027881e+00
415 6.643042e-09 5.211575e-01 3.220565e+00
416 2.690387e-09 5.950067e-01 3.395794e+00
417 4.820205e-09 7.916397e-01 3.180495e+00
418 3.681149e-09 2.363086e-01 3.235563e+00
419 5.048472e-09 3.714392e-01 3.109617e+00
420 2.143755e-09 5.753656e-01 2.892748e+00
421 5.592914e-09 1.608933e+00 3.036413e+00
422 3.786655e-09 3.229549e-01 2.755648e+00
423 3.810531e-09 6.305392e-03 2.822849e+00
424 2.595864e-09 3.187658e-01 2.684554e+00
425 4.164854e-09 6.044192e-01 2.609786e+00
426 1.761993e-09 5.769376e-01 2.573564e+00
427 3.747440e-09 1.126819e+00 2.652027e+00
428 3.065642e-09 1.819371e-01 2.558739e+00
429 4.144861e-09 3.520370e-01 2.578606e+00
430 1.950149e-09 5.295019e-01 2.638770e+00
431 3.793913e-09 9.454474e-01 2.622902e+00
432 2.834458e-09 2.528932e-01 2.892512e+00
433 4.674965e-09 6.493329e-01 3.126291e+00
434 2.794725e-09 4.021934e-01 3.150296e+00
435 3.902816e-09 3.964938e-01 3.220889e+00
436 1.404134e-09 6.402255e-01 3.051224e+00
437 3.986961e-09 1.839445e+00 3.591487e+00
438 1.171432e-09 7.061842e-01 3.281531e+00
439 3.732804e-09 2.186531e+00 2.887006e+00
440 1.181526e-09 6.834749e-01 2.701933e+00
441 3.154193e-09 1.669592e+00 2.647226e+00
442 1.020721e-09 6.763924e-01 2.639992e+00
443 2.986393e-09 1.925769e+00 2.796373e+00
444 9.643243e-10 6.770940e-01 2.790173e+00
445 2.956240e-09 2.065608e+00 2.661118e+00
446 1.055899e-09 6.428237e-01 2.780794e+00
447 3.025827e-09 1.865640e+00 2.935876e+00
448 1.393045e-09 5.396151e-01 2.716668e+00
449 3.178265e-09 1.281524e+00 2.447306e+00
450 1.200262e-09 6.223533e-01 2.525145e+00
451 2.830397e-09 1.358150e+00 2.463517e+00
452 1.015704e-09 6.411443e-01 2.436628e+00
453 2.657277e-09 1.616193e+00 2.410859e+00
454 8.972092e-10 6.623577e-01 2.482815e+00
455 3.069082e-09 2.420698e+00 2.471087e+00
456 1.251210e-09 5.923179e-01 2.362773e+00
457 2.825138e-09 1.257925e+00 2.507323e+00
458 1.082228e-09 6.169292e-01 2.471441e+00
459 2.551166e-09 1.357328e+00 2.513505e+00
460 9.880236e-10 6.127168e-01 2.550693e+00
461 2.444109e-09 1.473736e+00 2.456998e+00
462 7.670475e-10 6.861648e-01 2.515169e+00
463 2.200818e-09 1.869206e+00 2.423290e+00
464 6.678790e-10 6.965314e-01 2.572371e+00
465 1.935562e-09 1.898074e+00 2.576036e+00
466 6.109263e-10 6.843676e-01 2.612962e+00
467 1.963840e-09 2.214529e+00 2.407174e+00
468 7.641621e-10 6.108838e-01 2.439970e+00
469 1.946546e-09 1.547295e+00 2.391855e+00
470 7.936943e-10 5.922551e-01 2.391848e+00
471 2.088998e-09 1.631993e+00 2.423519e+00
472 7.453742e-10 6.431906e-01 2.415443e+00
473 2.085731e-09 1.798233e+00 2.320443e+00
474 5.973413e-10 7.136058e-01 2.534984e+00
475 2.067044e-09 2.460408e+00 2.486875e+00
476 6.275250e-10 6.964143e-01 2.382979e+00
477 1.666833e-09 1.656201e+00 2.408256e+00
478 5.969750e-10 6.418507e-01 2.413191e+00
479 1.621268e-09 1.715805e+00 2.421300e+00
480 6.040843e-10 6.274000e-01 2.396101e+00
481 1.568365e-09 1.596269e+00 2.437724e+00
482 4.984468e-10 6.821871e-01 2.408280e+00
483 1.718995e-09 2.448702e+00 2.547297e+00
484 5.197794e-10 6.976259e-01 2.925679e+00
485 1.350188e-09 1.597616e+00 2.593990e+00
486 1.691005e-09 2.524222e-01 2.619453e+00
487 1.544619e-09 8.656746e-02 2.550235e+00
488 9.300662e-10 3.978669e-01 2.925952e+00
489 1.248115e-09 3.419641e-01 2.982810e+00
490 8.241391e-10 3.396932e-01 3.310233e+00
491 1.173834e-09 4.243160e-01 3.132452e+00
492 7.607462e-10 3.519135e-01 3.042690e+00
493 1.106727e-09 4.547912e-01 2.884925e+00
494 7.447875e-10 3.270359e-01 2.747589e+00
495 1.072933e-09 4.405896e-01 2.789452e+00
496 7.142386e-10 3.343121e-01 2.701669e+00
497 1.039761e-09 4.557610e-01 2.735334e+00
498 7.040188e-10 3.229029e-01 2.930190e+00
499 1.016981e-09 4.445364e-01 2.805357e+00
500 7.125243e-10 2.993730e-01 2.982212e+00
501 9.715625e-10 3.635501e-01 2.991587e+00
502 6.994032e-10 2.801254e-01 3.028970e+00
503 1.270101e-09 8.159789e-01 3.054298e+00
504 3.850706e-10 6.968190e-01 3.125430e+00
505 1.070264e-09 1.779396e+00 2.876974e+00
506 8.216566e-10 2.322860e-01 2.975784e+00
507 1.121773e-09 3.652574e-01 2.868521e+00
508 5.013989e-10 5.530299e-01 3.038929e+00
509 1.000523e-09 9.954626e-01 2.959647e+00
510 6.920156e-10 3.083460e-01 3.006941e+00
511 1.014561e-09 4.660961e-01 2.918634e+00
512 3.931093e-10 6.125327e-01 3.207394e+00
513 9.116806e-10 1.319153e+00 3.139815e+00
514 3.572551e-10 6.081357e-01 3.067743e+00
515 1.091193e-09 2.054381e+00 3.086999e+00
516 4.063666e-10 6.275943e-01 2.864575e+00
517 8.828136e-10 1.172456e+00 2.982145e+00
518 3.910268e-10 5.570676e-01 2.950336e+00
519 9.585940e-10 1.451479e+00 2.895892e+00
520 3.566810e-10 6.279123e-01 2.800399e+00
521 8.081856e-10 1.265850e+00 2.765757e+00
522 3.122593e-10 6.136292e-01 2.782734e+00
523 9.211722e-10 1.950023e+00 2.638635e+00
524 3.046879e-10 6.692389e-01 2.414380e+00
525 7.298596e-10 1.395433e+00 2.527832e+00
526 2.950921e-10 5.956865e-01 2.677597e+00
527 7.002289e-10 1.372917e+00 2.519477e+00
528 2.367242e-10 6.619331e-01 2.621931e+00
529 7.844296e-10 2.313686e+00 2.562633e+00
530 6.544784e-10 1.656634e-01 2.493980e+00
531 7.308715e-10 1.167237e-01 2.644337e+00
532 4.044017e-10 4.466856e-01 2.975863e+00
533 5.801539e-10 4.345980e-01 2.855112e+00
534 4.487701e-10 2.264637e-01 3.030563e+00
535 5.909981e-10 3.169284e-01 2.989446e+00
536 4.088506e-10 3.082032e-01 3.095098e+00
537 5.505274e-10 3.465246e-01 2.967629e+00
538 3.661043e-10 3.349936e-01 2.911885e+00
539 5.272542e-10 4.401751e-01 2.855781e+00
540 3.671455e-10 3.036651e-01 2.831046e+00
541 5.109558e-10 3.916983e-01 3.079669e+00
542 3.632089e-10 2.891579e-01 2.959402e+00
543 4.977138e-10 3.703237e-01 3.395472e+00
544 3.474111e-10 3.019861e-01 2.776183e+00
545 5.240645e-10 5.084851e-01 2.823782e+00
546 2.083902e-10 6.023577e-01 2.773744e+00
547 5.886557e-10 1.824776e+00 2.807566e+00
548 4.610361e-10 2.167984e-01 2.854006e+00
549 4.985520e-10 8.137298e-02 2.855716e+00
550 2.256251e-10 5.474392e-01 2.679767e+00
551 4.811422e-10 1.132486e+00 2.607343e+00
552 2.208066e-10 5.410783e-01 2.584454e+00
553 5.593496e-10 1.533210e+00 2.575614e+00
554 1.949563e-10 6.514590e-01 2.735475e+00
555 5.354163e-10 1.746340e+00 2.503204e+00
556 1.725604e-10 6.777079e-01 2.432637e+00
557 4.537080e-10 1.629270e+00 2.511117e+00
558 1.504108e-10 6.684854e-01 2.595567e+00
559 5.169468e-10 2.436900e+00 2.391175e+00
560 1.666386e-10 6.776485e-01 2.414966e+00
561 4.246744e-10 1.548476e+00 2.440129e+00
562 1.352252e-10 6.815792e-01 2.437863e+00
563 4.020255e-10 1.973008e+00 2.421830e+00
564 1.439464e-10 6.419471e-01 2.414740e+00
565 3.658024e-10 1.541240e+00 2.470060e+00
566 1.276149e-10 6.511370e-01 2.421075e+00
567 3.659216e-10 1.867389e+00 2.356709e+00
568 1.174748e-10 6.789618e-01 2.438948e+00
569 3.252079e-10 1.768320e+00 2.470766e+00
570 1.114953e-10 6.571569e-01 2.390435e+00
571 3.724816e-10 2.340784e+00 2.376115e+00
572 1.362324e-10 6.342575e-01 2.478977e+00
573 3.410017e-10 1.503089e+00 2.413449e+00
574 1.443908e-10 5.765685e-01 2.455886e+00
575 3.207575e-10 1.221454e+00 2.478461e+00
576 1.389298e-10 5.668699e-01 2.495329e+00
577 3.130105e-10 1.253013e+00 2.446698e+00
578 1.321812e-10 5.777102e-01 2.470959e+00
579 3.022027e-10 1.286277e+00 2.523900e+00
580 1.161871e-10 6.155327e-01 2.592496e+00
581 3.512554e-10 2.023188e+00 2.726225e+00
582 1.059417e-10 6.983912e-01 2.692733e+00
583 3.270683e-10 2.087248e+00 2.413648e+00
584 1.159407e-10 6.455153e-01 2.470944e+00
585 3.210738e-10 1.769294e+00 2.390628e+00
586 1.277275e-10 6.021865e-01 2.415010e+00
587 2.854428e-10 1.234779e+00 2.455282e+00
588 9.548018e-11 6.655015e-01 2.430364e+00
