1 9.997006e-01 1.000000e+00 3.592407e+00
2 9.991823e-01 5.184123e-04 3.719842e+00
3 9.970423e-01 2.141746e-03 3.704271e+00
4 9.806315e-01 1.645947e-02 3.663703e+00
5 8.084464e-01 1.755860e-01 3.924155e+00
6 7.385373e-01 8.647330e-02 3.487435e+00
7 5.668783e-01 2.324312e-01 3.783603e+00
8 5.518685e-01 2.647789e-02 3.535061e+00
9 5.457361e-01 1.111211e-02 3.463622e+00
10 5.254312e-01 3.720643e-02 3.471984e+00
11 5.047906e-01 3.928320e-02 3.615254e+00
12 4.985339e-01 1.239450e-02 3.846221e+00
13 4.965394e-01 4.000895e-03 3.560313e+00
14 4.909995e-01 1.115702e-02 3.599679e+00
15 4.852848e-01 1.163884e-02 3.919800e+00
16 4.854729e-01 3.876271e-04 4.395848e+00
17 4.838038e-01 3.438046e-03 3.552165e+00
18 4.812289e-01 5.322301e-03 3.520224e+00
19 4.746382e-01 1.369545e-02 3.735068e+00
20 4.730990e-01 3.242879e-03 3.591930e+00
21 4.691487e-01 8.349994e-03 3.623399e+00
22 4.653321e-01 8.135181e-03 3.663188e+00
23 4.607141e-01 9.923989e-03 3.560162e+00
24 4.576594e-01 6.630379e-03 3.446421e+00
25 4.541686e-01 7.627552e-03 3.464373e+00
26 4.515496e-01 5.766518e-03 4.207767e+00
27 4.455516e-01 1.328313e-02 4.019874e+00
28 4.379798e-01 1.699419e-02 3.455736e+00
29 4.317495e-01 1.422507e-02 3.494435e+00
30 4.291896e-01 5.929315e-03 3.439630e+00
31 4.295816e-01 9.135696e-04 3.455055e+00
32 4.257237e-01 8.980749e-03 3.424201e+00
33 4.261011e-01 8.864880e-04 3.454825e+00
34 4.228161e-01 7.709281e-03 3.486544e+00
35 4.170454e-01 1.364834e-02 3.463548e+00
36 4.166881e-01 8.566894e-04 3.472368e+00
37 4.064600e-01 2.454627e-02 3.935117e+00
38 3.999279e-01 1.607067e-02 3.599939e+00
39 3.048140e-01 2.378276e-01 3.463623e+00
40 3.047063e-01 3.535108e-04 3.599689e+00
41 3.036699e-01 3.401300e-03 3.559643e+00
42 3.024551e-01 4.000388e-03 3.855867e+00
43 3.015686e-01 2.930750e-03 3.479170e+00
44 3.001161e-01 4.816781e-03 3.526835e+00
45 2.949630e-01 1.717036e-02 3.559141e+00
46 2.871358e-01 2.653610e-02 3.487744e+00
47 2.714504e-01 5.462709e-02 3.592077e+00
48 2.657044e-01 2.116761e-02 3.447307e+00
49 2.625291e-01 1.195055e-02 3.479987e+00
50 2.615022e-01 3.911574e-03 3.551920e+00
51 2.609739e-01 2.020492e-03 3.631160e+00
52 2.607074e-01 1.021191e-03 3.590870e+00
53 2.589417e-01 6.772395e-03 3.623631e+00
54 2.592212e-01 1.079197e-03 3.764596e+00
55 2.520768e-01 2.756082e-02 3.376517e+00
56 2.494393e-01 1.046330e-02 3.573445e+00
57 2.495144e-01 3.012945e-04 3.525423e+00
58 2.457783e-01 1.497363e-02 3.470263e+00
59 2.458946e-01 4.729815e-04 3.544035e+00
60 2.451816e-01 2.899625e-03 3.488122e+00
61 1.492335e-01 3.913349e-01 4.136024e+00
62 1.423918e-01 4.584559e-02 4.231691e+00
63 1.177061e-01 1.733642e-01 3.464271e+00
64 1.106160e-01 6.023574e-02 3.534929e+00
65 1.058151e-01 4.340158e-02 3.512392e+00
66 9.851710e-02 6.896943e-02 3.519284e+00
67 9.760374e-02 9.271092e-03 3.455943e+00
68 9.606973e-02 1.571668e-02 3.511098e+00
69 9.526609e-02 8.365202e-03 3.543673e+00
70 9.493383e-02 3.487671e-03 3.744912e+00
71 9.492016e-02 1.439646e-04 3.576013e+00
72 9.487818e-02 4.422961e-04 3.487942e+00
73 9.340756e-02 1.550005e-02 3.535011e+00
74 9.107408e-02 2.498176e-02 3.839744e+00
75 9.102536e-02 5.349137e-04 3.839626e+00
76 8.407821e-02 7.632104e-02 3.968275e+00
77 7.899024e-02 6.051473e-02 3.520016e+00
78 7.862717e-02 4.596362e-03 3.478827e+00
79 7.548326e-02 3.998504e-02 3.863945e+00
80 7.370981e-02 2.349472e-02 4.255399e+00
81 7.169174e-02 2.737847e-02 4.044667e+00
82 7.041184e-02 1.785281e-02 3.655958e+00
83 7.093501e-02 7.430141e-03 3.471145e+00
84 6.843986e-02 3.517522e-02 3.503671e+00
85 6.841657e-02 3.402959e-04 3.647422e+00
86 6.857470e-02 2.311226e-03 3.558908e+00
87 6.723148e-02 1.958760e-02 3.672110e+00
88 6.661121e-02 9.225983e-03 3.527492e+00
89 6.820214e-02 2.388396e-02 3.559940e+00
90 6.543636e-02 4.055278e-02 3.447682e+00
91 6.525628e-02 2.751924e-03 3.543525e+00
92 6.208460e-02 4.860354e-02 3.807626e+00
93 6.145881e-02 1.007961e-02 3.575534e+00
94 5.851658e-02 4.787309e-02 3.407829e+00
95 5.814302e-02 6.383938e-03 3.551777e+00
96 5.542761e-02 4.670231e-02 3.495947e+00
97 5.531672e-02 2.000589e-03 3.446926e+00
98 5.457733e-02 1.336641e-02 3.704307e+00
99 5.391632e-02 1.211148e-02 3.647088e+00
100 4.874874e-02 9.584437e-02 3.632041e+00
101 4.533403e-02 7.004725e-02 3.671781e+00
102 4.336316e-02 4.347429e-02 3.655452e+00
103 4.275201e-02 1.409394e-02 3.990899e+00
104 4.321907e-02 1.092492e-02 3.536182e+00
105 4.147951e-02 4.024987e-02 3.494969e+00
106 4.315922e-02 4.049495e-02 3.504316e+00
107 3.993910e-02 7.461010e-02 3.399977e+00
108 3.935559e-02 1.461002e-02 3.455710e+00
109 3.951565e-02 4.066922e-03 3.463372e+00
110 3.953335e-02 4.480361e-04 3.375475e+00
111 3.984848e-02 7.971128e-03 3.376330e+00
112 3.777785e-02 5.196256e-02 4.351867e+00
113 3.883327e-02 2.793752e-02 3.767633e+00
114 3.678854e-02 5.265393e-02 3.783316e+00
115 3.670337e-02 2.315323e-03 3.415772e+00
116 3.582536e-02 2.392161e-02 3.431685e+00
117 3.519047e-02 1.772187e-02 3.383233e+00
118 2.784165e-02 2.088298e-01 3.520243e+00
119 2.417848e-02 1.315715e-01 3.455849e+00
120 2.126599e-02 1.204580e-01 3.495587e+00
121 1.473517e-02 3.071014e-01 3.399461e+00
122 1.265970e-02 1.408518e-01 3.432023e+00
123 1.215109e-02 4.017564e-02 3.558989e+00
124 1.013793e-02 1.656774e-01 3.480009e+00
125 9.823671e-03 3.099799e-02 3.480091e+00
126 8.858243e-03 9.827562e-02 3.534817e+00
127 9.838361e-03 1.106447e-01 3.624710e+00
128 8.855642e-03 9.988650e-02 3.360256e+00
129 9.140336e-03 3.214836e-02 3.455934e+00
130 7.826120e-03 1.437821e-01 3.488012e+00
131 9.092436e-03 1.618065e-01 3.599130e+00
132 8.204403e-03 9.766728e-02 3.464384e+00
133 8.571330e-03 4.472314e-02 3.471093e+00
134 7.182458e-03 1.620368e-01 3.471875e+00
135 7.121456e-03 8.493202e-03 3.399328e+00
136 7.263221e-03 1.990664e-02 3.456043e+00
137 6.902210e-03 4.970397e-02 3.525992e+00
138 7.688893e-03 1.139756e-01 3.552121e+00
139 7.237704e-03 5.868057e-02 3.607654e+00
140 7.806312e-03 7.856196e-02 3.519687e+00
141 6.759014e-03 1.341605e-01 3.511106e+00
142 8.003186e-03 1.840760e-01 3.447908e+00
143 6.324526e-03 2.097489e-01 3.407340e+00
144 6.054359e-03 4.271737e-02 3.423838e+00
145 6.108798e-03 8.991743e-03 3.384072e+00
146 6.208244e-03 1.627900e-02 3.455255e+00
147 6.051179e-03 2.529938e-02 3.447507e+00
148 6.080480e-03 4.842188e-03 3.479919e+00
149 6.030232e-03 8.263785e-03 3.888140e+00
150 4.991906e-03 1.721867e-01 4.374730e+00
151 4.496798e-03 9.918216e-02 3.392433e+00
152 4.908993e-03 9.166415e-02 3.463624e+00
153 4.931007e-03 4.484325e-03 3.399266e+00
154 5.412065e-03 9.755789e-02 3.504048e+00
155 4.171312e-03 2.292570e-01 3.448197e+00
156 4.051507e-03 2.872125e-02 3.495207e+00
157 4.177607e-03 3.112428e-02 3.439580e+00
158 4.252939e-03 1.803249e-02 3.464333e+00
159 4.376051e-03 2.894752e-02 3.583819e+00
160 5.278355e-03 2.061914e-01 3.511405e+00
161 4.427804e-03 1.611395e-01 3.583710e+00
162 3.951391e-03 1.075958e-01 3.728618e+00
163 4.016413e-03 1.645549e-02 3.552127e+00
164 3.947517e-03 1.715352e-02 3.359432e+00
165 3.924928e-03 5.722518e-03 3.423304e+00
166 4.012445e-03 2.229778e-02 3.793242e+00
167 7.314485e-03 8.229498e-01 3.960231e+00
168 4.655445e-03 3.635308e-01 3.471509e+00
169 5.869431e-03 2.607669e-01 3.648227e+00
170 3.911459e-03 3.335880e-01 3.415287e+00
171 3.749891e-03 4.130647e-02 3.399768e+00
172 4.622427e-03 2.326833e-01 4.040189e+00
173 4.531802e-03 1.960555e-02 4.211398e+00
174 4.423601e-03 2.387597e-02 3.527770e+00
175 3.225768e-03 2.707824e-01 3.375732e+00
176 3.142831e-03 2.571052e-02 3.440540e+00
177 4.494107e-03 4.299547e-01 3.437366e+00
178 3.034499e-03 3.247825e-01 3.431572e+00
179 3.010928e-03 7.767632e-03 3.464438e+00
180 3.082529e-03 2.378012e-02 3.455737e+00
181 3.319508e-03 7.687824e-02 3.423833e+00
182 3.038089e-03 8.477747e-02 3.390951e+00
183 3.295879e-03 8.485270e-02 3.416017e+00
184 2.796696e-03 1.514565e-01 3.448027e+00
185 2.307916e-03 1.747706e-01 3.639295e+00
186 2.253345e-03 2.364502e-02 3.583610e+00
187 1.918989e-03 1.483821e-01 3.591577e+00
188 1.865483e-03 2.788273e-02 3.431266e+00
189 2.866160e-03 5.364176e-01 3.392127e+00
190 2.232615e-03 2.210433e-01 3.549859e+00
191 1.794937e-03 1.960381e-01 3.504121e+00
192 1.732998e-03 3.450751e-02 3.463505e+00
193 1.719050e-03 8.048867e-03 3.455499e+00
194 1.793387e-03 4.324319e-02 3.472387e+00
195 1.658538e-03 7.519226e-02 3.535540e+00
196 1.986871e-03 1.979652e-01 3.527914e+00
197 1.667073e-03 1.609556e-01 4.327656e+00
198 1.915265e-03 1.488792e-01 3.967763e+00
199 1.593587e-03 1.679547e-01 3.391187e+00
200 1.934390e-03 2.138584e-01 3.349181e+00
201 1.715172e-03 1.133263e-01 3.463964e+00
202 1.948028e-03 1.357623e-01 3.423288e+00
203 1.552678e-03 2.029489e-01 3.440304e+00
204 1.811652e-03 1.667916e-01 3.455445e+00
205 1.598375e-03 1.177251e-01 3.423326e+00
206 1.909459e-03 1.946255e-01 3.463283e+00
207 1.517660e-03 2.051889e-01 3.398864e+00
208 1.470851e-03 3.084231e-02 3.631795e+00
209 1.456023e-03 1.008184e-02 3.528220e+00
210 1.702811e-03 1.694946e-01 4.157206e+00
211 1.226720e-03 2.795913e-01 3.464210e+00
212 1.440176e-03 1.740061e-01 3.511847e+00
213 1.251408e-03 1.310733e-01 3.551702e+00
214 1.582409e-03 2.645030e-01 3.407300e+00
215 1.187952e-03 2.492760e-01 3.471636e+00
216 1.440250e-03 2.123801e-01 3.535413e+00
217 1.319496e-03 8.384226e-02 3.455444e+00
218 1.814895e-03 3.754457e-01 3.464061e+00
219 9.297133e-04 4.877316e-01 3.495199e+00
220 1.377960e-03 4.821345e-01 3.704187e+00
221 9.103026e-04 3.393839e-01 3.686899e+00
222 1.392190e-03 5.293710e-01 3.713934e+00
223 9.889638e-04 2.896347e-01 3.407964e+00
224 1.295583e-03 3.100409e-01 3.391904e+00
225 1.077891e-03 1.680260e-01 3.488039e+00
226 1.430403e-03 3.270386e-01 3.503852e+00
227 8.068344e-04 4.359393e-01 3.519774e+00
228 1.161853e-03 4.400143e-01 3.423295e+00
229 5.624233e-04 5.159256e-01 3.479516e+00
230 8.609920e-04 5.308612e-01 3.552274e+00
231 1.024757e-03 1.902052e-01 3.575687e+00
232 5.440021e-04 4.691405e-01 3.511385e+00
233 3.738939e-04 3.126977e-01 3.487831e+00
234 5.800425e-04 5.513557e-01 3.512170e+00
235 4.655114e-04 1.974530e-01 3.631671e+00
236 4.149343e-04 1.086484e-01 3.671202e+00
237 2.717421e-04 3.450961e-01 3.686605e+00
238 2.971887e-04 9.364246e-02 3.439826e+00
239 2.502750e-04 1.578584e-01 3.495544e+00
240 2.564358e-04 2.461605e-02 3.544092e+00
241 2.107345e-04 1.782173e-01 3.552023e+00
242 1.840534e-04 1.266098e-01 3.511828e+00
243 2.181138e-04 1.850569e-01 3.566830e+00
244 1.874092e-04 1.407732e-01 3.511969e+00
245 2.330081e-04 2.433123e-01 3.575469e+00
246 1.557659e-04 3.315001e-01 3.518272e+00
247 1.655738e-04 6.296527e-02 3.598039e+00
248 1.195707e-04 2.778405e-01 3.488130e+00
249 1.798136e-04 5.038269e-01 3.575424e+00
250 1.180933e-04 3.432459e-01 3.391471e+00
251 1.548034e-04 3.108567e-01 3.479679e+00
252 1.148892e-04 2.578380e-01 3.453762e+00
253 1.270482e-04 1.058322e-01 3.503427e+00
254 9.312164e-05 2.670368e-01 3.567320e+00
255 9.378511e-05 7.124692e-03 3.464385e+00
256 7.431285e-05 2.076263e-01 3.543313e+00
257 5.923345e-05 2.029179e-01 3.607910e+00
258 5.748197e-05 2.956896e-02 3.884703e+00
259 5.605128e-05 2.488950e-02 3.423768e+00
260 5.131916e-05 8.442476e-02 3.471727e+00
261 5.853743e-05 1.406544e-01 3.455085e+00
262 5.856071e-05 3.976916e-04 3.448214e+00
263 4.719869e-05 1.940212e-01 3.599374e+00
264 4.280439e-05 9.310208e-02 3.408030e+00
265 3.402444e-05 2.051180e-01 3.511918e+00
266 3.577764e-05 5.152762e-02 3.431888e+00
267 2.963470e-05 1.716976e-01 3.518487e+00
268 2.616235e-05 1.171717e-01 3.574037e+00
269 2.255464e-05 1.378972e-01 3.720541e+00
270 2.844586e-05 2.611977e-01 3.661101e+00
271 2.111879e-05 2.575794e-01 3.575382e+00
272 2.703241e-05 2.800168e-01 3.615379e+00
273 1.783250e-05 3.403289e-01 3.432588e+00
274 1.604329e-05 1.003342e-01 3.503951e+00
275 1.458867e-05 9.066864e-02 3.479772e+00
276 1.339097e-05 8.209799e-02 3.544130e+00
277 1.356564e-05 1.304441e-02 3.608777e+00
278 1.424447e-05 5.003993e-02 3.574910e+00
279 1.161911e-05 1.843069e-01 3.599618e+00
280 1.353821e-05 1.651671e-01 3.767629e+00
281 1.118527e-05 1.737996e-01 3.781664e+00
282 9.139458e-06 1.829025e-01 3.897178e+00
283 7.013948e-06 2.325641e-01 3.503949e+00
284 8.099440e-06 1.547618e-01 3.488195e+00
285 5.936035e-06 2.671054e-01 3.478088e+00
286 6.365060e-06 7.227469e-02 3.447652e+00
287 5.571781e-06 1.246303e-01 3.520023e+00
288 5.480867e-06 1.631691e-02 3.607818e+00
289 7.303473e-06 3.325399e-01 3.558900e+00
290 5.583309e-06 2.355269e-01 3.566076e+00
291 5.987488e-06 7.239063e-02 3.624113e+00
292 4.123386e-06 3.113329e-01 3.719516e+00
293 4.402862e-06 6.777816e-02 3.543437e+00
294 3.387381e-06 2.306411e-01 3.479206e+00
295 3.318574e-06 2.031266e-02 3.502859e+00
296 5.085929e-06 5.325647e-01 3.464129e+00
297 3.211418e-06 3.685680e-01 3.566229e+00
298 2.743064e-06 1.458404e-01 3.535680e+00
299 3.206973e-06 1.691208e-01 3.550238e+00
300 2.281550e-06 2.885658e-01 3.718994e+00
301 3.069170e-06 3.452124e-01 3.584003e+00
302 2.342337e-06 2.368173e-01 3.463680e+00
303 3.466228e-06 4.798163e-01 3.938226e+00
304 1.969784e-06 4.317213e-01 3.528683e+00
305 2.461465e-06 2.496118e-01 3.741593e+00
306 1.983428e-06 1.942083e-01 3.479535e+00
307 1.621245e-06 1.826043e-01 3.487298e+00
308 1.930392e-06 1.906847e-01 3.486275e+00
309 1.446200e-06 2.508256e-01 3.528567e+00
310 1.704410e-06 1.785436e-01 3.511320e+00
311 1.139834e-06 3.312443e-01 3.471296e+00
312 1.735146e-06 5.222797e-01 3.503676e+00
313 1.243142e-06 2.835520e-01 3.407910e+00
314 1.806979e-06 4.535580e-01 3.512579e+00
315 9.368609e-07 4.815320e-01 3.399990e+00
316 1.545099e-06 6.492299e-01 3.447545e+00
317 9.193754e-07 4.049732e-01 3.520067e+00
318 8.770187e-07 4.607114e-02 3.575574e+00
319 1.385631e-06 5.799332e-01 3.551381e+00
320 8.480581e-07 3.879625e-01 3.487893e+00
321 8.144963e-07 3.957492e-02 3.488314e+00
322 6.051625e-07 2.570101e-01 3.599815e+00
323 1.063131e-06 7.567688e-01 3.591877e+00
324 6.045927e-07 4.313091e-01 3.518917e+00
325 8.393297e-07 3.882564e-01 3.448363e+00
326 5.455430e-07 3.500253e-01 3.447817e+00
327 4.889874e-07 1.036686e-01 3.447667e+00
328 8.495971e-07 7.374624e-01 3.480028e+00
329 5.405138e-07 3.637999e-01 3.439845e+00
330 6.480455e-07 1.989435e-01 3.542988e+00
331 3.373779e-07 4.793917e-01 3.470741e+00
332 4.609444e-07 3.662555e-01 3.464364e+00
333 4.667612e-07 1.261936e-02 3.535606e+00
334 4.884987e-07 4.657090e-02 3.639388e+00
335 3.567364e-07 2.697290e-01 3.799113e+00
336 4.322455e-07 2.116661e-01 3.488542e+00
337 3.046113e-07 2.952817e-01 3.471809e+00
338 5.433547e-07 7.837641e-01 3.455035e+00
339 2.831039e-07 4.789703e-01 3.496204e+00
340 4.200090e-07 4.835860e-01 3.479742e+00
341 2.299103e-07 4.526063e-01 3.471625e+00
342 2.599425e-07 1.306259e-01 3.575775e+00
343 3.943913e-07 5.172252e-01 3.583069e+00
344 2.207216e-07 4.403487e-01 3.623545e+00
345 2.213783e-07 2.975201e-03 3.504010e+00
346 2.519530e-07 1.381105e-01 3.639697e+00
347 1.641825e-07 3.483607e-01 3.651974e+00
348 1.305094e-07 2.050955e-01 3.424267e+00
349 2.036982e-07 5.607938e-01 3.439562e+00
350 1.609084e-07 2.100647e-01 3.456178e+00
351 1.419113e-07 1.180618e-01 3.558848e+00
352 1.402462e-07 1.173299e-02 3.456196e+00
353 1.057675e-07 2.458443e-01 3.725938e+00
354 1.918541e-07 8.139228e-01 3.483601e+00
355 1.567490e-07 1.829779e-01 3.471324e+00
356 9.108751e-08 4.188958e-01 3.544058e+00
357 1.485126e-07 6.304385e-01 3.927747e+00
358 9.122226e-08 3.857608e-01 3.447398e+00
359 1.312312e-07 4.385880e-01 3.735662e+00
360 1.072553e-07 1.826997e-01 3.751133e+00
361 1.045072e-07 2.562218e-02 3.504371e+00
362 7.383772e-08 2.934678e-01 3.630647e+00
363 1.146243e-07 5.523812e-01 3.496393e+00
364 8.175703e-08 2.867390e-01 3.559141e+00
365 7.431181e-08 9.106509e-02 3.464389e+00
366 1.493607e-07 1.009918e+00 3.535361e+00
367 8.727380e-08 4.156842e-01 3.511499e+00
368 5.648404e-08 3.527951e-01 3.504304e+00
369 7.767403e-08 3.751501e-01 3.415322e+00
370 6.837222e-08 1.197544e-01 3.543633e+00
371 8.249756e-08 2.065947e-01 3.630427e+00
372 3.749762e-08 5.454699e-01 3.749534e+00
373 1.069883e-07 1.853202e+00 3.463720e+00
374 1.125671e-07 5.214459e-02 3.527281e+00
375 6.891968e-08 3.877460e-01 3.568120e+00
376 4.744446e-08 3.115979e-01 3.541705e+00
377 7.304743e-08 5.396409e-01 3.472217e+00
378 3.525894e-08 5.173144e-01 3.534808e+00
379 5.270709e-08 4.948574e-01 3.416330e+00
380 2.905051e-08 4.488310e-01 3.511312e+00
381 4.152086e-08 4.292643e-01 3.429904e+00
382 2.462525e-08 4.069185e-01 3.537169e+00
383 4.295144e-08 7.442031e-01 3.639300e+00
384 3.771182e-08 1.219895e-01 3.929429e+00
385 1.988243e-08 4.727798e-01 3.390740e+00
386 3.356943e-08 6.883967e-01 3.408102e+00
387 3.268178e-08 2.644235e-02 3.470222e+00
388 2.172715e-08 3.351907e-01 3.560310e+00
389 3.378164e-08 5.548126e-01 3.438737e+00
390 2.777190e-08 1.778995e-01 3.414357e+00
391 2.864361e-08 3.138817e-02 3.592496e+00
392 2.363881e-08 1.747267e-01 3.462915e+00
393 3.610837e-08 5.275039e-01 3.463474e+00
394 1.969961e-08 4.544311e-01 3.655552e+00
395 2.538026e-08 2.883640e-01 3.631690e+00
396 1.724881e-08 3.203848e-01 3.487469e+00
397 2.212564e-08 2.827344e-01 3.511791e+00
398 1.776747e-08 1.969741e-01 3.431920e+00
399 1.035615e-08 4.171282e-01 3.464208e+00
400 1.593401e-08 5.386025e-01 3.504090e+00
401 1.252067e-08 2.142172e-01 3.487576e+00
402 2.275718e-08 8.175690e-01 3.400182e+00
403 9.423188e-09 5.859246e-01 3.464139e+00
404 2.003262e-08 1.125886e+00 3.383022e+00
405 1.255493e-08 3.732758e-01 3.424181e+00
406 1.314080e-08 4.666490e-02 3.834706e+00
407 1.095021e-08 1.667017e-01 3.711073e+00
408 7.964580e-09 2.726550e-01 3.423908e+00
409 1.256637e-08 5.777814e-01 3.416153e+00
410 1.030275e-08 1.801330e-01 3.495643e+00
411 9.968584e-09 3.243447e-02 3.455672e+00
412 7.630924e-09 2.345027e-01 3.559438e+00
413 1.169505e-08 5.325868e-01 3.391666e+00
414 5.513663e-09 5.285474e-01 3.455992e+00
415 7.873137e-09 4.279322e-01 3.399838e+00
416 4.767469e-09 3.944638e-01 3.447180e+00
417 7.318640e-09 5.351204e-01 3.486717e+00
418 8.969706e-09 2.255975e-01 3.408325e+00
419 6.056306e-09 3.248044e-01 3.423514e+00
420 4.355830e-09 2.807777e-01 3.448235e+00
421 5.311778e-09 2.194639e-01 3.463111e+00
422 5.403009e-09 1.717528e-02 3.535594e+00
423 4.329568e-09 1.986746e-01 3.687382e+00
424 3.031913e-09 2.997192e-01 3.544267e+00
425 5.247193e-09 7.306538e-01 3.504325e+00
426 3.006349e-09 4.270557e-01 3.479835e+00
427 6.104484e-09 1.030531e+00 3.487423e+00
428 2.869102e-09 5.300009e-01 3.439837e+00
429 3.851103e-09 3.422677e-01 3.400282e+00
430 4.804066e-09 2.474517e-01 3.391768e+00
431 2.481985e-09 4.833575e-01 3.479484e+00
432 2.585458e-09 4.168972e-02 3.455455e+00
433 2.995953e-09 1.587708e-01 3.472223e+00
434 3.039682e-09 1.459592e-02 3.615299e+00
435 2.585344e-09 1.494688e-01 3.708438e+00
436 2.059181e-09 2.035176e-01 3.743762e+00
437 2.403149e-09 1.670409e-01 3.518421e+00
438 2.313702e-09 3.722080e-02 3.567884e+00
439 1.676293e-09 2.754929e-01 3.559591e+00
440 2.654402e-09 5.834949e-01 3.463952e+00
441 2.947132e-09 1.102809e-01 3.527475e+00
442 1.630915e-09 4.466093e-01 3.399807e+00
443 2.212647e-09 3.566904e-01 3.384109e+00
444 1.676668e-09 2.422344e-01 3.430929e+00
445 2.316256e-09 3.814639e-01 3.584221e+00
446 9.674176e-10 5.823356e-01 3.495398e+00
447 1.741014e-09 7.996506e-01 3.743201e+00
448 1.123466e-09 3.547059e-01 3.639638e+00
449 1.226184e-09 9.142932e-02 3.623943e+00
450 1.015887e-09 1.715050e-01 3.432181e+00
451 1.450901e-09 4.282108e-01 3.431804e+00
452 1.051996e-09 2.749359e-01 3.495164e+00
453 1.200654e-09 1.413100e-01 3.455933e+00
454 9.539247e-10 2.054955e-01 3.399702e+00
455 1.249160e-09 3.094954e-01 3.503392e+00
456 6.933710e-10 4.449302e-01 3.472359e+00
457 1.048221e-09 5.117751e-01 3.631732e+00
458 7.840638e-10 2.520053e-01 3.902652e+00
459 8.352004e-10 6.521987e-02 3.759335e+00
460 6.879413e-10 1.763159e-01 3.655419e+00
461 5.399855e-10 2.150703e-01 3.399373e+00
462 7.747035e-10 4.346747e-01 3.448292e+00
463 7.544488e-10 2.614508e-02 3.439721e+00
464 4.375569e-10 4.200311e-01 3.471300e+00
465 9.277827e-10 1.120371e+00 3.472307e+00
466 4.573789e-10 5.070194e-01 3.470966e+00
467 9.062606e-10 9.814220e-01 3.383582e+00
468 4.703692e-10 4.809780e-01 3.423704e+00
469 3.155419e-10 3.291611e-01 3.510608e+00
470 5.263866e-10 6.681986e-01 3.696212e+00
471 4.786049e-10 9.077296e-02 3.623563e+00
472 3.445115e-10 2.801756e-01 3.535606e+00
473 4.015621e-10 1.655985e-01 3.439805e+00
474 5.489573e-10 3.670546e-01 3.415449e+00
475 3.261350e-10 4.059010e-01 3.360161e+00
476 4.387188e-10 3.452062e-01 3.335946e+00
477 2.390683e-10 4.550762e-01 3.335853e+00
478 3.183367e-10 3.315720e-01 3.472067e+00
479 2.488090e-10 2.184094e-01 3.463313e+00
480 2.976211e-10 1.961833e-01 3.503775e+00
481 2.972339e-10 1.301137e-03 3.463111e+00
482 2.373437e-10 2.014918e-01 3.552389e+00
483 1.786622e-10 2.472427e-01 3.582965e+00
484 2.581323e-10 4.448064e-01 3.576406e+00
485 1.515692e-10 4.128236e-01 3.479954e+00
486 3.562366e-10 1.350323e+00 3.438932e+00
487 1.649796e-10 5.368820e-01 3.431956e+00
488 3.069781e-10 8.607036e-01 3.480079e+00
489 1.860246e-10 3.940133e-01 3.439796e+00
490 1.787854e-10 3.891532e-02 3.367182e+00
491 1.608200e-10 1.004859e-01 3.271797e+00
492 1.233139e-10 2.332179e-01 3.456367e+00
493 1.632158e-10 3.235795e-01 3.495321e+00
494 1.095312e-10 3.289180e-01 3.568413e+00
495 1.697309e-10 5.496129e-01 3.783565e+00
496 1.390970e-10 1.804853e-01 3.682810e+00
497 1.631110e-10 1.726423e-01 3.360235e+00
498 1.302667e-10 2.013616e-01 3.487551e+00
499 1.967799e-10 5.105929e-01 3.495423e+00
500 1.121991e-10 4.298243e-01 3.503884e+00
501 1.858914e-10 6.567989e-01 3.407612e+00
502 1.026941e-10 4.475588e-01 3.495261e+00
503 1.287653e-10 2.538730e-01 3.488314e+00
504 1.388062e-10 7.797795e-02 3.398970e+00
505 1.420195e-10 2.314968e-02 3.448308e+00
506 1.041053e-10 2.669649e-01 3.448008e+00
507 1.123732e-10 7.941904e-02 3.551484e+00
508 7.717449e-11 3.132306e-01 3.631926e+00
