1 7.455748e-03 1.000000e+00 3.679012e+00
2 1.406574e-03 8.113437e-01 4.103229e+00
3 6.760844e-04 5.193395e-01 4.150275e+00
4 2.730418e-04 5.961424e-01 3.927762e+00
5 2.483553e-04 9.041297e-02 3.744045e+00
6 1.148648e-04 5.374982e-01 3.814436e+00
7 7.360119e-05 3.592362e-01 3.863837e+00
8 3.775841e-05 4.869863e-01 3.744125e+00
9 2.489126e-05 3.407759e-01 3.735852e+00
10 2.165892e-05 1.298581e-01 4.087383e+00
11 1.643730e-05 2.410842e-01 3.935707e+00
12 1.507661e-05 8.278049e-02 3.847706e+00
13 1.134612e-05 2.474355e-01 3.911720e+00
14 1.096813e-05 3.331475e-02 4.054892e+00
15 1.009153e-05 7.992241e-02 3.720601e+00
16 8.873861e-06 1.206626e-01 3.806811e+00
17 8.594296e-06 3.150430e-02 3.560303e+00
18 6.724325e-06 2.175828e-01 3.775646e+00
19 6.459005e-06 3.945673e-02 3.679162e+00
20 5.780908e-06 1.049847e-01 3.752499e+00
21 5.524199e-06 4.440627e-02 3.599446e+00
22 5.225351e-06 5.409808e-02 3.710644e+00
23 5.181652e-06 8.362828e-03 3.575891e+00
24 5.151259e-06 5.865574e-03 3.551445e+00
25 4.602639e-06 1.065020e-01 3.511022e+00
26 3.987044e-06 1.337484e-01 3.607810e+00
27 4.455972e-06 1.176129e-01 3.623530e+00
28 4.395394e-06 1.359461e-02 3.692817e+00
29 3.610329e-06 1.786109e-01 3.400006e+00
30 3.390518e-06 6.088389e-02 3.600215e+00
31 3.263353e-06 3.750628e-02 3.693539e+00
32 3.518463e-06 7.817428e-02 3.671739e+00
33 3.285080e-06 6.633085e-02 3.647365e+00
34 3.188064e-06 2.953243e-02 3.663351e+00
35 3.186623e-06 4.518092e-04 3.639976e+00
36 2.285264e-06 2.828571e-01 3.655854e+00
37 2.065310e-06 9.624889e-02 3.647785e+00
38 1.756373e-06 1.495838e-01 3.807989e+00
39 1.669595e-06 4.940765e-02 3.887991e+00
40 1.541149e-06 7.693258e-02 3.774362e+00
41 1.535653e-06 3.566213e-03 3.704124e+00
42 1.365635e-06 1.107136e-01 3.663834e+00
43 1.352763e-06 9.425823e-03 3.670954e+00
44 1.180395e-06 1.274189e-01 3.728129e+00
45 1.166840e-06 1.148388e-02 3.623910e+00
46 1.159905e-06 5.943115e-03 3.743332e+00
47 1.075807e-06 7.250424e-02 3.791863e+00
48 1.230305e-06 1.436109e-01 3.718174e+00
49 1.107873e-06 9.951303e-02 3.808081e+00
50 1.080078e-06 2.508851e-02 4.620106e+00
51 8.715424e-07 1.930748e-01 3.895761e+00
52 8.023800e-07 7.935633e-02 3.782806e+00
53 7.331098e-07 8.633085e-02 3.647736e+00
54 7.085809e-07 3.345871e-02 3.784470e+00
55 9.008343e-07 2.713217e-01 3.823492e+00
56 7.839408e-07 1.297614e-01 3.783562e+00
57 6.446990e-07 1.776178e-01 3.678983e+00
58 5.015322e-07 2.220676e-01 3.656009e+00
59 5.519898e-07 1.006070e-01 3.679858e+00
60 5.091770e-07 7.756089e-02 3.840246e+00
61 4.617696e-07 9.310586e-02 3.967148e+00
62 3.619848e-07 2.160923e-01 3.647645e+00
63 3.657491e-07 1.039925e-02 3.623571e+00
64 3.344227e-07 8.564999e-02 3.583994e+00
65 3.329856e-07 4.297160e-03 3.703692e+00
66 3.152375e-07 5.330010e-02 3.615405e+00
67 3.224332e-07 2.282641e-02 3.792325e+00
68 2.695486e-07 1.640172e-01 3.743145e+00
69 2.718536e-07 8.551034e-03 3.672388e+00
70 2.077723e-07 2.357199e-01 3.710778e+00
71 2.215506e-07 6.631463e-02 3.863920e+00
72 2.107327e-07 4.882793e-02 3.775438e+00
73 2.130235e-07 1.087045e-02 3.823806e+00
74 1.707815e-07 1.982972e-01 3.775195e+00
75 1.509973e-07 1.158453e-01 3.720281e+00
76 1.234949e-07 1.821382e-01 3.678856e+00
77 1.286175e-07 4.147996e-02 3.727649e+00
78 1.129057e-07 1.221587e-01 3.735048e+00
79 8.302694e-08 2.646349e-01 3.655698e+00
80 8.887396e-08 7.042321e-02 3.584005e+00
81 8.865279e-08 2.488575e-03 3.575216e+00
82 9.621251e-08 8.527333e-02 4.023936e+00
83 8.689839e-08 9.680780e-02 3.799949e+00
84 7.133920e-08 1.790503e-01 3.871369e+00
85 8.202007e-08 1.497195e-01 3.646958e+00
86 7.126313e-08 1.311501e-01 3.703788e+00
87 5.162273e-08 2.756039e-01 3.631064e+00
88 5.836404e-08 1.305879e-01 3.671294e+00
89 6.286317e-08 7.708740e-02 3.550648e+00
90 5.273247e-08 1.611549e-01 3.679888e+00
91 4.134235e-08 2.159981e-01 3.694073e+00
92 4.266457e-08 3.198218e-02 3.655334e+00
93 3.701560e-08 1.324042e-01 3.815538e+00
94 4.684427e-08 2.655278e-01 3.832318e+00
95 3.438964e-08 2.658732e-01 3.968990e+00
96 4.446548e-08 2.929906e-01 3.703688e+00
97 3.053259e-08 3.133418e-01 3.680178e+00
98 3.061174e-08 2.592524e-03 3.655900e+00
99 3.063319e-08 7.006120e-04 3.710928e+00
100 2.905956e-08 5.136999e-02 3.742958e+00
101 4.079533e-08 4.038522e-01 3.751928e+00
102 2.472015e-08 3.940445e-01 3.678690e+00
103 2.592598e-08 4.877921e-02 3.535549e+00
104 3.892204e-08 5.012751e-01 3.631573e+00
105 2.632186e-08 3.237285e-01 3.719403e+00
106 2.499408e-08 5.044397e-02 3.975527e+00
107 2.372685e-08 5.070149e-02 3.775411e+00
108 2.269163e-08 4.363045e-02 3.463859e+00
109 3.501294e-08 5.429891e-01 3.575813e+00
110 2.703982e-08 2.277194e-01 3.703140e+00
111 2.039384e-08 2.457847e-01 3.638430e+00
112 2.036639e-08 1.346290e-03 3.623644e+00
113 1.964104e-08 3.561491e-02 3.751642e+00
114 1.912668e-08 2.618822e-02 3.671607e+00
115 1.856565e-08 2.933196e-02 3.790220e+00
116 3.124412e-08 6.828991e-01 3.791569e+00
117 2.033849e-08 3.490459e-01 3.998298e+00
118 1.265703e-08 3.776808e-01 3.695741e+00
119 3.065842e-08 1.422244e+00 3.656232e+00
120 2.105532e-08 3.132288e-01 3.624485e+00
121 2.146596e-08 1.950299e-02 3.679077e+00
122 1.685000e-08 2.150363e-01 3.615720e+00
123 1.726312e-08 2.451745e-02 3.647443e+00
124 1.971929e-08 1.422785e-01 3.695771e+00
125 2.551181e-08 2.937489e-01 3.639804e+00
126 1.589347e-08 3.770152e-01 3.712054e+00
127 2.451865e-08 5.426870e-01 3.759842e+00
128 3.965800e-08 6.174627e-01 3.875408e+00
129 1.568923e-08 6.043868e-01 3.543476e+00
130 1.575600e-08 4.255575e-03 3.631890e+00
131 1.656347e-08 5.124858e-02 3.655223e+00
132 1.608981e-08 2.859656e-02 3.640035e+00
133 2.579199e-08 6.030014e-01 3.631654e+00
134 1.484052e-08 4.246074e-01 3.663511e+00
135 1.499675e-08 1.052712e-02 3.639717e+00
136 1.464965e-08 2.314477e-02 3.575543e+00
137 1.475647e-08 7.291391e-03 3.600429e+00
138 1.449512e-08 1.771063e-02 3.824033e+00
139 3.041590e-08 1.098354e+00 3.890528e+00
140 1.472931e-08 5.157364e-01 3.639461e+00
141 3.107363e-08 1.109646e+00 3.471768e+00
142 1.415099e-08 5.445981e-01 3.519608e+00
143 3.083468e-08 1.178977e+00 3.734376e+00
144 1.861746e-08 3.962169e-01 3.407779e+00
145 3.474981e-08 8.665175e-01 3.479356e+00
146 1.329761e-08 6.173330e-01 3.552020e+00
147 1.358953e-08 2.195345e-02 3.655723e+00
148 3.007792e-08 1.213315e+00 3.551618e+00
149 1.340042e-08 5.544765e-01 3.647308e+00
150 3.073865e-08 1.293858e+00 3.624060e+00
151 1.353148e-08 5.597893e-01 3.827629e+00
152 3.037075e-08 1.244451e+00 3.687589e+00
153 3.334520e-08 9.793786e-02 3.703795e+00
154 2.590091e-08 2.232491e-01 3.736368e+00
155 1.924949e-08 2.568027e-01 3.614829e+00
156 1.512936e-08 2.140382e-01 3.663650e+00
157 1.363410e-08 9.883162e-02 3.591937e+00
158 9.306514e-09 3.174091e-01 3.759331e+00
159 9.472645e-09 1.785101e-02 3.478666e+00
160 9.571058e-09 1.038926e-02 3.520114e+00
161 1.328856e-08 3.884103e-01 3.519037e+00
162 3.010642e-08 1.265590e+00 3.487532e+00
163 1.084818e-08 6.396723e-01 3.568111e+00
164 2.669037e-08 1.460355e+00 3.671362e+00
165 9.848931e-09 6.309931e-01 3.558883e+00
166 2.594584e-08 1.634382e+00 3.485844e+00
167 9.490977e-09 6.342005e-01 3.488094e+00
168 5.153406e-09 4.570205e-01 3.343195e+00
169 5.599835e-09 8.662806e-02 3.503815e+00
170 5.798339e-09 3.544804e-02 3.567919e+00
171 2.219840e-08 2.828406e+00 3.487396e+00
172 5.929025e-09 7.329075e-01 3.607991e+00
173 2.302903e-08 2.884117e+00 3.743773e+00
174 8.014897e-09 6.519655e-01 3.695956e+00
175 2.515513e-08 2.138546e+00 3.575706e+00
176 1.121294e-08 5.542484e-01 3.671418e+00
177 2.888090e-08 1.575677e+00 3.583452e+00
178 8.590961e-09 7.025383e-01 3.607674e+00
179 6.325979e-09 2.636471e-01 3.704184e+00
180 2.006585e-08 2.171975e+00 3.607692e+00
181 1.622741e-08 1.912920e-01 3.615073e+00
182 8.800051e-09 4.577046e-01 3.592105e+00
183 1.608043e-08 8.273110e-01 3.487583e+00
184 8.317158e-09 4.827776e-01 3.632289e+00
185 8.219167e-09 1.178186e-02 3.550958e+00
186 1.631431e-08 9.849102e-01 3.599761e+00
187 7.088559e-09 5.655005e-01 3.775922e+00
188 8.068979e-09 1.383102e-01 3.503321e+00
189 1.605398e-08 9.895930e-01 3.480590e+00
190 8.100721e-09 4.954074e-01 3.439239e+00
191 1.664884e-08 1.055229e+00 3.368180e+00
192 8.039878e-09 5.170907e-01 3.543109e+00
193 1.658632e-08 1.063006e+00 3.495919e+00
194 7.815113e-09 5.288217e-01 3.519011e+00
195 1.647877e-08 1.108578e+00 3.272274e+00
196 7.746458e-09 5.299130e-01 3.359256e+00
197 7.923916e-09 2.290830e-02 3.255688e+00
198 7.288167e-09 8.023166e-02 3.240284e+00
199 1.058107e-08 4.518144e-01 3.343413e+00
200 4.274255e-09 5.960469e-01 3.304188e+00
201 5.136387e-09 2.017035e-01 3.772952e+00
202 5.383491e-09 4.810853e-02 3.271962e+00
203 1.747347e-08 2.245750e+00 3.126971e+00
204 4.852193e-09 7.223108e-01 3.320357e+00
205 1.783484e-08 2.675625e+00 3.463689e+00
206 4.350679e-09 7.560573e-01 3.535676e+00
207 1.774659e-08 3.079040e+00 3.479609e+00
208 2.063341e-08 1.626689e-01 3.416235e+00
209 1.646323e-08 2.021083e-01 3.470941e+00
210 6.104379e-09 6.292113e-01 3.552173e+00
211 7.462211e-09 2.224357e-01 3.775495e+00
212 7.283855e-09 2.390124e-02 4.600005e+00
213 1.164464e-08 5.986914e-01 3.755268e+00
214 6.533117e-09 4.389591e-01 3.432379e+00
215 7.419378e-09 1.356568e-01 3.583852e+00
216 1.238705e-08 6.695535e-01 3.623670e+00
217 4.953321e-09 6.001209e-01 3.455295e+00
218 1.478190e-08 1.984241e+00 3.424131e+00
219 9.699146e-09 3.438500e-01 3.527632e+00
220 1.919420e-08 9.789579e-01 3.431206e+00
221 6.986070e-09 6.360323e-01 3.464379e+00
222 1.688614e-08 1.417116e+00 3.535382e+00
223 3.785922e-09 7.757972e-01 4.319414e+00
224 4.426065e-09 1.690852e-01 4.079289e+00
225 3.870295e-09 1.255674e-01 3.343907e+00
226 4.051787e-09 4.689356e-02 3.423569e+00
227 1.454882e-08 2.590716e+00 3.440081e+00
228 3.158084e-09 7.829319e-01 3.439852e+00
229 3.466738e-09 9.773443e-02 3.439977e+00
230 3.411074e-09 1.605667e-02 3.391062e+00
231 1.447259e-08 3.242825e+00 3.304062e+00
232 3.937928e-09 7.279044e-01 3.495910e+00
233 3.366293e-09 1.451614e-01 3.391797e+00
234 3.297751e-09 2.036129e-02 3.550998e+00
235 3.120358e-09 5.379221e-02 3.544049e+00
236 1.409866e-08 3.518284e+00 3.767607e+00
237 6.261670e-09 5.558677e-01 3.431923e+00
238 3.667873e-09 4.142341e-01 3.487575e+00
239 1.260415e-08 2.436367e+00 3.399946e+00
240 6.867987e-09 4.551013e-01 3.519045e+00
241 5.552624e-09 1.915210e-01 3.360262e+00
242 1.115727e-08 1.009369e+00 3.415580e+00
243 6.342773e-09 4.315121e-01 3.431109e+00
244 1.393694e-08 1.197294e+00 3.383683e+00
245 5.641050e-09 5.952447e-01 3.280139e+00
246 1.295810e-08 1.297108e+00 3.583120e+00
247 5.352107e-09 5.869682e-01 3.455751e+00
248 1.299501e-08 1.428018e+00 3.423572e+00
249 5.256748e-09 5.954794e-01 3.360230e+00
250 1.309718e-08 1.491499e+00 3.367437e+00
251 2.696432e-09 7.941212e-01 3.272470e+00
252 3.221290e-09 1.946491e-01 3.431042e+00
253 3.269880e-09 1.508413e-02 3.495640e+00
254 3.305278e-09 1.082538e-02 3.663723e+00
255 6.514010e-09 9.707906e-01 3.504279e+00
256 2.574303e-09 6.048051e-01 3.575575e+00
257 1.038792e-08 3.035237e+00 3.767919e+00
258 6.116644e-09 4.111774e-01 3.448231e+00
259 4.271506e-09 3.016586e-01 3.359007e+00
260 8.537154e-09 9.986287e-01 3.408593e+00
261 4.253010e-09 5.018234e-01 3.423609e+00
262 9.246137e-09 1.174022e+00 3.447446e+00
263 4.375913e-09 5.267307e-01 3.463532e+00
264 9.408075e-09 1.149969e+00 3.456341e+00
265 5.392098e-09 4.268649e-01 3.511739e+00
266 1.078999e-08 1.001074e+00 3.567086e+00
267 4.636935e-09 5.702558e-01 3.368146e+00
268 1.024598e-08 1.209644e+00 3.551166e+00
269 4.530287e-09 5.578472e-01 3.723051e+00
270 2.852007e-09 3.704577e-01 3.535644e+00
271 3.125356e-09 9.584443e-02 3.487546e+00
272 3.320150e-09 6.232696e-02 3.327929e+00
273 9.108422e-09 1.743376e+00 3.471191e+00
274 2.673794e-09 7.064481e-01 3.535896e+00
275 3.044165e-09 1.385189e-01 3.416163e+00
276 2.766516e-09 9.120720e-02 3.471354e+00
277 2.851108e-09 3.057713e-02 3.424488e+00
278 5.534473e-09 9.411660e-01 3.510933e+00
279 1.193740e-08 1.156918e+00 3.367569e+00
280 4.223485e-09 6.461973e-01 3.463785e+00
281 2.475989e-09 4.137568e-01 3.503138e+00
282 2.568832e-09 3.749709e-02 3.471947e+00
283 9.162728e-09 2.566885e+00 3.367484e+00
284 2.170943e-09 7.630681e-01 4.027406e+00
285 2.463390e-09 1.347098e-01 3.255475e+00
286 2.369029e-09 3.830537e-02 3.485753e+00
287 9.088661e-09 2.836450e+00 3.303258e+00
288 1.926070e-09 7.880799e-01 3.407713e+00
289 2.229342e-09 1.574564e-01 3.367718e+00
290 2.185563e-09 1.963767e-02 3.423607e+00
291 2.159010e-09 1.214916e-02 3.399494e+00
292 8.787107e-09 3.069970e+00 3.376323e+00
293 3.932742e-09 5.524418e-01 3.391259e+00
294 1.082608e-08 1.752808e+00 3.407986e+00
295 3.477616e-09 6.787742e-01 3.503199e+00
296 1.042516e-08 1.997788e+00 3.399833e+00
297 3.469739e-09 6.671764e-01 3.551428e+00
298 1.016144e-08 1.928589e+00 3.780978e+00
299 3.363064e-09 6.690367e-01 3.479089e+00
300 1.035306e-08 2.078460e+00 3.456080e+00
301 4.132532e-09 6.008396e-01 3.391495e+00
302 1.100484e-08 1.662978e+00 3.360042e+00
303 3.460741e-09 6.855255e-01 3.415699e+00
304 2.013329e-09 4.182376e-01 3.471995e+00
305 8.909257e-09 3.425137e+00 3.463275e+00
306 3.908047e-09 5.613498e-01 3.400410e+00
307 4.348571e-09 1.127222e-01 3.302993e+00
308 4.740394e-09 9.010385e-02 3.663825e+00
309 4.457821e-09 5.960957e-02 3.765044e+00
310 6.480518e-09 4.537410e-01 3.539832e+00
311 4.334345e-09 3.311731e-01 3.592357e+00
312 2.804375e-09 3.529876e-01 3.735348e+00
313 3.449528e-09 2.300523e-01 3.511269e+00
314 6.371176e-09 8.469706e-01 3.591868e+00
315 3.455971e-09 4.575615e-01 3.687272e+00
316 6.859245e-09 9.847520e-01 3.631701e+00
317 3.283271e-09 5.213364e-01 3.639946e+00
318 6.929008e-09 1.110398e+00 3.519111e+00
319 3.263605e-09 5.289939e-01 3.592396e+00
320 6.764305e-09 1.072648e+00 3.694365e+00
321 2.829973e-09 5.816314e-01 3.703205e+00
322 2.288791e-09 1.912320e-01 3.495840e+00
323 2.433699e-09 6.331186e-02 3.464060e+00
324 2.366035e-09 2.780307e-02 3.559226e+00
325 6.495838e-09 1.745453e+00 3.512462e+00
326 3.153167e-09 5.145865e-01 3.503463e+00
327 7.268565e-09 1.305163e+00 3.471296e+00
328 3.129517e-09 5.694450e-01 3.431682e+00
329 1.962785e-09 3.728153e-01 3.576395e+00
330 2.295089e-09 1.693018e-01 3.359095e+00
331 6.474668e-09 1.821097e+00 3.391791e+00
332 2.266385e-09 6.499612e-01 3.575977e+00
333 6.668848e-09 1.942505e+00 3.784038e+00
334 2.221961e-09 6.668148e-01 3.390691e+00
335 6.644623e-09 1.990432e+00 3.423735e+00
336 2.181608e-09 6.716732e-01 3.416404e+00
337 1.997096e-09 8.457584e-02 3.375235e+00
338 6.433861e-09 2.221608e+00 3.367922e+00
339 2.815598e-09 5.623781e-01 3.431190e+00
340 7.296778e-09 1.591555e+00 3.400637e+00
341 2.816656e-09 6.139864e-01 3.431551e+00
342 1.799393e-09 3.611597e-01 3.391783e+00
343 2.039352e-09 1.333553e-01 3.423887e+00
344 1.798691e-09 1.180086e-01 3.350922e+00
345 1.886669e-09 4.891209e-02 3.440360e+00
346 1.827742e-09 3.123346e-02 3.399677e+00
347 6.278506e-09 2.435117e+00 3.575538e+00
348 1.935724e-09 6.916904e-01 3.367577e+00
349 6.543593e-09 2.380437e+00 3.360204e+00
350 1.859470e-09 7.158335e-01 3.559507e+00
351 6.531632e-09 2.512631e+00 3.304331e+00
352 1.815488e-09 7.220468e-01 3.383273e+00
353 6.473037e-09 2.565453e+00 3.368180e+00
354 2.334449e-09 6.393580e-01 3.592562e+00
355 6.928584e-09 1.967974e+00 3.780733e+00
356 2.335865e-09 6.628655e-01 3.391872e+00
357 7.052008e-09 2.019013e+00 3.472085e+00
358 2.294532e-09 6.746271e-01 3.829941e+00
359 6.787545e-09 1.958139e+00 3.447880e+00
360 2.012208e-09 7.035441e-01 3.319847e+00
361 6.737463e-09 2.348294e+00 3.544259e+00
362 1.945615e-09 7.112244e-01 3.359202e+00
363 6.714327e-09 2.451005e+00 3.351871e+00
364 1.906109e-09 7.161131e-01 3.295746e+00
365 1.574251e-09 1.741025e-01 3.311935e+00
366 1.619598e-09 2.880520e-02 3.239480e+00
367 6.396142e-09 2.949217e+00 3.200102e+00
368 6.916420e-09 8.134244e-02 3.263292e+00
369 5.534512e-09 1.998010e-01 3.431696e+00
370 3.509007e-09 3.659773e-01 3.264222e+00
371 5.106266e-09 4.551884e-01 3.375371e+00
372 3.457240e-09 3.229416e-01 3.592178e+00
373 4.414156e-09 2.767862e-01 3.487243e+00
374 3.215900e-09 2.714575e-01 3.503866e+00
375 4.836550e-09 5.039491e-01 3.567893e+00
376 3.447564e-09 2.871854e-01 3.543354e+00
377 5.251259e-09 5.231798e-01 3.517103e+00
378 3.286294e-09 3.741893e-01 3.487092e+00
379 4.977069e-09 5.144927e-01 4.024501e+00
380 3.238102e-09 3.493957e-01 3.422366e+00
381 1.945699e-09 3.991238e-01 3.560570e+00
382 2.576945e-09 3.244318e-01 3.615325e+00
383 2.714527e-09 5.338933e-02 3.783711e+00
384 4.964781e-09 8.289677e-01 3.686068e+00
385 2.139483e-09 5.690681e-01 4.316639e+00
386 2.338112e-09 9.283978e-02 3.608185e+00
387 4.885472e-09 1.089495e+00 3.479564e+00
388 2.805160e-09 4.258159e-01 3.615658e+00
389 5.248902e-09 8.711595e-01 3.575820e+00
390 2.789052e-09 4.686408e-01 3.472003e+00
391 4.966381e-09 7.806697e-01 3.248276e+00
392 2.343477e-09 5.281318e-01 3.487827e+00
393 4.905499e-09 1.093257e+00 3.672011e+00
394 2.261184e-09 5.390512e-01 3.423561e+00
395 4.872675e-09 1.154922e+00 3.719508e+00
396 2.207464e-09 5.469709e-01 3.623334e+00
397 2.010374e-09 8.928322e-02 3.560273e+00
398 3.683089e-09 8.320414e-01 3.336050e+00
399 6.218144e-09 6.882960e-01 3.367405e+00
400 3.004153e-09 5.168730e-01 3.519997e+00
401 1.626666e-09 4.585274e-01 3.303062e+00
402 2.020971e-09 2.424005e-01 3.392089e+00
403 4.655588e-09 1.303639e+00 3.383243e+00
404 2.052929e-09 5.590398e-01 3.423786e+00
405 1.896562e-09 7.616756e-02 3.351393e+00
406 4.683391e-09 1.469410e+00 3.398420e+00
407 1.607830e-09 6.566954e-01 3.567695e+00
408 1.897497e-09 1.801605e-01 3.487686e+00
409 4.614661e-09 1.431973e+00 3.637312e+00
410 2.597356e-09 4.371512e-01 3.367586e+00
411 1.645875e-09 3.663270e-01 3.472493e+00
412 1.844105e-09 1.204409e-01 3.310595e+00
413 1.761942e-09 4.455436e-02 3.352172e+00
414 4.570325e-09 1.593913e+00 3.360081e+00
415 2.457914e-09 4.622014e-01 3.463323e+00
416 5.402622e-09 1.198051e+00 3.560315e+00
417 2.408460e-09 5.542054e-01 3.366983e+00
418 4.857949e-09 1.017036e+00 3.360321e+00
419 1.840684e-09 6.210986e-01 3.479074e+00
420 1.628491e-09 1.152794e-01 3.511743e+00
421 4.639908e-09 1.849208e+00 3.351082e+00
422 1.365266e-09 7.057559e-01 3.391446e+00
423 1.639182e-09 2.006321e-01 3.271954e+00
424 1.514215e-09 7.623751e-02 3.344075e+00
425 1.562099e-09 3.162308e-02 3.471473e+00
426 4.633465e-09 1.966179e+00 3.576120e+00
427 2.436927e-09 4.740595e-01 3.399656e+00
428 5.385731e-09 1.210050e+00 3.471447e+00
429 2.276692e-09 5.772734e-01 3.423853e+00
430 5.280898e-09 1.319549e+00 3.503606e+00
431 2.243534e-09 5.751605e-01 3.623636e+00
432 1.400521e-09 3.757521e-01 3.614486e+00
433 2.856626e-09 1.039688e+00 3.310928e+00
434 1.305170e-09 5.431078e-01 4.136349e+00
435 4.980592e-09 2.816048e+00 3.279372e+00
436 3.354032e-09 3.265796e-01 3.269715e+00
437 2.481327e-09 2.601958e-01 3.352102e+00
438 2.667639e-09 7.508553e-02 3.271789e+00
439 2.720258e-09 1.972507e-02 3.263171e+00
440 2.806528e-09 3.171374e-02 3.511966e+00
441 3.405892e-09 2.135608e-01 3.656041e+00
442 2.562274e-09 2.476937e-01 3.671711e+00
443 2.817285e-09 9.952537e-02 3.647266e+00
444 2.092250e-09 2.573525e-01 3.663308e+00
445 2.678900e-09 2.803924e-01 3.517965e+00
446 2.026780e-09 2.434283e-01 3.520184e+00
447 1.457481e-09 2.808884e-01 3.551863e+00
448 2.042561e-09 4.014324e-01 3.511920e+00
449 3.777060e-09 8.491781e-01 3.501930e+00
450 2.421711e-09 3.588371e-01 3.463454e+00
451 3.172485e-09 3.100182e-01 3.543492e+00
452 1.434439e-09 5.478499e-01 3.400239e+00
453 2.610387e-09 8.197962e-01 3.351689e+00
454 1.776193e-09 3.195672e-01 3.351687e+00
455 1.392239e-09 2.161666e-01 3.471393e+00
456 2.549660e-09 8.313375e-01 3.487902e+00
457 1.772100e-09 3.049663e-01 3.487657e+00
458 1.330082e-09 2.494314e-01 3.520147e+00
459 2.504571e-09 8.830190e-01 3.495806e+00
460 1.493027e-09 4.038792e-01 3.518929e+00
461 2.394360e-09 6.036957e-01 3.591762e+00
462 1.772139e-09 2.598694e-01 3.536266e+00
463 1.258891e-09 2.896210e-01 3.375902e+00
464 1.729416e-09 3.737617e-01 3.391871e+00
465 1.241705e-09 2.820091e-01 3.367832e+00
466 1.713124e-09 3.796552e-01 3.431943e+00
467 1.850280e-09 8.006189e-02 3.440072e+00
468 1.878028e-09 1.499648e-02 3.536170e+00
469 1.194967e-09 3.637117e-01 3.463151e+00
470 1.682812e-09 4.082491e-01 3.408231e+00
471 1.156107e-09 3.129910e-01 3.359789e+00
472 1.664491e-09 4.397383e-01 3.391103e+00
473 1.145489e-09 3.118080e-01 3.765886e+00
474 2.333666e-09 1.037265e+00 3.609161e+00
475 1.691850e-09 2.750246e-01 3.191490e+00
476 8.728920e-10 4.840608e-01 3.200155e+00
477 2.396198e-09 1.745125e+00 3.223350e+00
478 1.619237e-09 3.242475e-01 3.351371e+00
479 8.230424e-10 4.917096e-01 3.327471e+00
480 2.247307e-09 1.730487e+00 3.360460e+00
481 1.100327e-09 5.103796e-01 3.447230e+00
482 2.209894e-09 1.008397e+00 3.343481e+00
483 1.483258e-09 3.288104e-01 3.327759e+00
484 7.344287e-10 5.048544e-01 3.447933e+00
485 2.194977e-09 1.988686e+00 3.591771e+00
486 9.964445e-10 5.460341e-01 3.551312e+00
487 2.153678e-09 1.161363e+00 3.400404e+00
488 9.836697e-10 5.432606e-01 3.391571e+00
489 2.066915e-09 1.101229e+00 3.296052e+00
490 1.007207e-09 5.127005e-01 3.319758e+00
491 2.145917e-09 1.130563e+00 3.182928e+00
492 1.351890e-09 3.700173e-01 3.256289e+00
493 7.950687e-10 4.118838e-01 3.215389e+00
494 2.063773e-09 1.595717e+00 3.071462e+00
495 1.596165e-09 2.265795e-01 3.096524e+00
496 8.091553e-10 4.930628e-01 3.182986e+00
497 2.087185e-09 1.579462e+00 3.272142e+00
498 2.337650e-09 1.200012e-01 3.528115e+00
499 1.099016e-09 5.298628e-01 3.630923e+00
500 2.339679e-09 1.128885e+00 3.863631e+00
501 1.045518e-09 5.531363e-01 3.343175e+00
502 2.308003e-09 1.207522e+00 3.391756e+00
503 9.929232e-10 5.697913e-01 3.416092e+00
504 2.034987e-09 1.049491e+00 3.399783e+00
505 7.057918e-10 6.531714e-01 3.271304e+00
506 1.951899e-09 1.765545e+00 3.343867e+00
507 7.126729e-10 6.348823e-01 3.303269e+00
508 1.996822e-09 1.801877e+00 3.269429e+00
509 2.209699e-09 1.066080e-01 3.232034e+00
510 8.888266e-10 5.977612e-01 3.303309e+00
511 1.981442e-09 1.229278e+00 3.239451e+00
512 6.066224e-10 6.938480e-01 3.207864e+00
513 1.953473e-09 2.220245e+00 3.167120e+00
514 5.598598e-10 7.134028e-01 3.240216e+00
515 1.913659e-09 2.418104e+00 3.207185e+00
516 1.533533e-09 1.986386e-01 3.151265e+00
517 5.013674e-10 6.730637e-01 3.304058e+00
518 1.901071e-09 2.791773e+00 3.360003e+00
519 1.302787e-09 3.147089e-01 3.343552e+00
520 5.042596e-10 6.129378e-01 3.327015e+00
521 1.815341e-09 2.600013e+00 3.335683e+00
522 5.270654e-10 7.096604e-01 3.399773e+00
523 1.871683e-09 2.551140e+00 3.336127e+00
524 4.824847e-10 7.422188e-01 3.351700e+00
525 1.855239e-09 2.845176e+00 3.319633e+00
526 4.423705e-10 7.615561e-01 3.223376e+00
527 1.839803e-09 3.158964e+00 3.392204e+00
528 4.056199e-10 7.795308e-01 3.456145e+00
529 1.823967e-09 3.496740e+00 3.423723e+00
530 3.702887e-10 7.969872e-01 3.263432e+00
531 1.810183e-09 3.888573e+00 3.207800e+00
532 1.920679e-09 6.104111e-02 3.344000e+00
533 1.273613e-09 3.368947e-01 3.495352e+00
534 1.157474e-09 9.118802e-02 3.335849e+00
535 8.153465e-10 2.955814e-01 3.304644e+00
536 4.871821e-10 4.024846e-01 3.295106e+00
537 1.077639e-09 1.211985e+00 3.391473e+00
538 4.654060e-10 5.681245e-01 3.367966e+00
539 1.030820e-09 1.214883e+00 3.311537e+00
540 4.515933e-10 5.619086e-01 3.368299e+00
541 1.064092e-09 1.356305e+00 3.295683e+00
542 4.083661e-10 6.162303e-01 3.415426e+00
543 1.042949e-09 1.553955e+00 3.471409e+00
544 3.969004e-10 6.194439e-01 3.391617e+00
545 1.004788e-09 1.531586e+00 3.446436e+00
546 3.962587e-10 6.056294e-01 3.439536e+00
547 1.029598e-09 1.598298e+00 3.471789e+00
548 3.727201e-10 6.379946e-01 3.423697e+00
549 1.019327e-09 1.734832e+00 3.375046e+00
550 3.497603e-10 6.568713e-01 3.447650e+00
551 1.011050e-09 1.890695e+00 3.520542e+00
552 6.744751e-10 3.328967e-01 3.479021e+00
553 3.112511e-10 5.385284e-01 3.375433e+00
554 7.754944e-10 1.491539e+00 3.311938e+00
555 3.041665e-10 6.077774e-01 3.320716e+00
556 9.693464e-10 2.186894e+00 3.359335e+00
557 3.358146e-10 6.535659e-01 3.431663e+00
558 9.916605e-10 1.953000e+00 3.455761e+00
559 3.198721e-10 6.774379e-01 3.424216e+00
560 9.838255e-10 2.075684e+00 3.415072e+00
561 1.089630e-09 1.075444e-01 3.303724e+00
562 4.020696e-10 6.310037e-01 3.343916e+00
563 1.091651e-09 1.715081e+00 3.440392e+00
564 3.736069e-10 6.577599e-01 3.554389e+00
565 1.078212e-09 1.885953e+00 3.487021e+00
566 3.568849e-10 6.690030e-01 3.288270e+00
567 9.621508e-10 1.695970e+00 3.199955e+00
568 7.537989e-10 2.165481e-01 3.214561e+00
569 2.152111e-10 7.144980e-01 3.263509e+00
570 9.412482e-10 3.373605e+00 3.320257e+00
571 9.123553e-10 3.069635e-02 3.295041e+00
572 6.947517e-10 2.385075e-01 3.487749e+00
573 3.943077e-10 4.324480e-01 3.383912e+00
574 3.574382e-10 9.350441e-02 3.495935e+00
575 3.675937e-10 2.841203e-02 3.311393e+00
576 4.494036e-10 2.225552e-01 3.504037e+00
577 1.811137e-10 5.969911e-01 3.528818e+00
578 3.424530e-10 8.908177e-01 3.279746e+00
579 1.996949e-10 4.168690e-01 3.247586e+00
580 3.366905e-10 6.860241e-01 3.256564e+00
581 1.944155e-10 4.225691e-01 3.200532e+00
582 3.214017e-10 6.531692e-01 3.351775e+00
583 2.492330e-10 2.245437e-01 3.367885e+00
584 1.705380e-10 3.157485e-01 3.479022e+00
585 2.388075e-10 4.003183e-01 3.391904e+00
586 4.255257e-10 7.818773e-01 3.431231e+00
587 3.333307e-10 2.166615e-01 3.311033e+00
588 2.043071e-10 3.870738e-01 3.328261e+00
589 2.131307e-10 4.318796e-02 3.311211e+00
590 1.983238e-10 6.947348e-02 3.548898e+00
591 3.177335e-10 6.020947e-01 3.431009e+00
592 2.020168e-10 3.641941e-01 3.463423e+00
593 2.033017e-10 6.360168e-03 3.486752e+00
594 1.843805e-10 9.306955e-02 3.535586e+00
595 1.832969e-10 5.876856e-03 3.495238e+00
596 1.799407e-10 1.831020e-02 3.455807e+00
597 1.782846e-10 9.203696e-03 3.303718e+00
598 2.015056e-10 1.302467e-01 3.312401e+00
599 2.232694e-10 1.080060e-01 3.287549e+00
600 1.064352e-10 5.232880e-01 3.455490e+00
601 1.775615e-10 6.682595e-01 3.495821e+00
602 1.555793e-10 1.238004e-01 3.559365e+00
603 8.969292e-11 4.234908e-01 3.416081e+00
