1 9.992386e-01 1.000000e+00 1.889526e+00
2 9.977947e-01 1.444983e-03 1.908861e+00
3 9.971693e-01 6.268556e-04 1.833019e+00
4 9.909089e-01 6.278085e-03 2.244153e+00
5 9.871678e-01 3.775440e-03 2.089022e+00
6 9.828247e-01 4.399546e-03 1.919064e+00
7 9.810453e-01 1.810510e-03 1.978597e+00
8 9.799440e-01 1.122552e-03 1.948679e+00
9 9.792679e-01 6.899481e-04 1.894249e+00
10 9.785223e-01 7.614218e-04 1.928610e+00
11 9.781784e-01 3.514752e-04 1.873747e+00
12 9.779810e-01 2.018219e-04 1.823296e+00
13 9.777776e-01 2.079265e-04 1.844675e+00
14 9.776727e-01 1.072975e-04 1.754622e+00
15 9.775064e-01 1.701266e-04 1.897438e+00
16 9.770755e-01 4.407935e-04 1.969300e+00
17 9.769835e-01 9.411209e-05 1.974085e+00
18 9.770213e-01 3.865401e-05 2.170109e+00
19 9.774381e-01 4.266441e-04 1.943380e+00
20 9.769546e-01 4.947017e-04 1.913997e+00
21 9.775353e-01 5.944259e-04 1.914038e+00
22 9.773968e-01 1.416568e-04 1.944384e+00
23 9.772862e-01 1.131729e-04 1.919742e+00
24 9.768252e-01 4.717000e-04 1.818047e+00
25 9.766568e-01 1.724219e-04 1.963479e+00
26 9.767103e-01 5.471966e-05 1.934432e+00
27 9.764951e-01 2.203181e-04 1.894355e+00
28 9.777591e-01 1.294404e-03 1.909802e+00
29 9.768104e-01 9.702141e-04 1.913931e+00
30 9.763581e-01 4.630163e-04 1.939564e+00
31 9.753366e-01 1.046297e-03 2.139456e+00
32 9.752010e-01 1.390178e-04 1.943594e+00
33 9.762586e-01 1.084459e-03 1.967190e+00
34 9.753487e-01 9.319865e-04 1.918722e+00
35 9.752068e-01 1.454463e-04 1.904479e+00
36 9.748165e-01 4.002299e-04 2.348995e+00
37 9.742854e-01 5.448911e-04 1.904591e+00
38 9.743575e-01 7.408196e-05 1.948775e+00
39 9.742665e-01 9.346713e-05 1.894108e+00
40 9.745353e-01 2.759678e-04 1.889136e+00
41 9.745588e-01 2.412731e-05 1.984366e+00
42 9.746067e-01 4.909687e-05 1.925504e+00
43 9.749662e-01 3.689076e-04 1.889400e+00
44 9.744477e-01 5.318402e-04 1.943941e+00
45 9.742890e-01 1.628649e-04 2.058979e+00
46 9.743503e-01 6.290934e-05 1.979944e+00
47 9.745600e-01 2.152056e-04 1.923458e+00
48 9.756928e-01 1.162434e-03 1.909237e+00
49 9.752570e-01 4.467213e-04 1.903937e+00
50 9.747838e-01 4.851638e-04 1.885265e+00
51 9.757141e-01 9.543220e-04 1.943003e+00
52 9.748967e-01 8.377042e-04 1.952814e+00
53 9.748563e-01 4.144967e-05 2.129427e+00
54 9.708599e-01 4.099438e-03 1.954983e+00
55 9.707768e-01 8.565625e-05 1.922240e+00
56 9.710993e-01 3.322465e-04 1.888378e+00
57 9.715936e-01 5.089646e-04 1.963179e+00
58 9.715075e-01 8.859179e-05 1.898916e+00
59 9.707382e-01 7.919112e-04 1.949282e+00
60 9.708550e-01 1.203666e-04 1.904222e+00
61 9.707418e-01 1.165558e-04 1.929544e+00
62 9.708218e-01 8.235737e-05 1.868706e+00
63 9.707066e-01 1.186746e-04 1.930425e+00
64 9.706632e-01 4.465785e-05 1.859486e+00
65 9.706441e-01 1.974606e-05 1.838683e+00
66 9.710415e-01 4.095010e-04 1.914098e+00
67 9.707623e-01 2.876088e-04 2.152367e+00
68 9.707137e-01 5.000064e-05 2.044546e+00
69 9.733451e-01 2.710716e-03 1.909301e+00
70 9.719741e-01 1.408540e-03 1.939556e+00
71 9.712223e-01 7.734831e-04 1.944242e+00
72 9.709732e-01 2.564013e-04 1.904661e+00
73 9.708757e-01 1.003924e-04 1.852766e+00
74 9.707855e-01 9.293649e-05 1.980068e+00
75 9.709308e-01 1.496732e-04 1.958634e+00
76 9.707337e-01 2.030448e-04 1.934056e+00
77 9.710118e-01 2.865011e-04 1.994266e+00
78 9.708611e-01 1.551611e-04 1.839532e+00
79 9.709182e-01 5.874341e-05 1.934134e+00
80 9.708095e-01 1.118977e-04 1.959095e+00
81 9.681811e-01 2.707406e-03 2.174641e+00
82 9.683118e-01 1.349859e-04 1.864314e+00
83 9.688536e-01 5.594533e-04 2.219212e+00
84 9.684704e-01 3.954509e-04 1.924249e+00
85 9.681001e-01 3.824051e-04 1.848540e+00
86 9.668335e-01 1.308310e-03 1.794002e+00
87 9.667131e-01 1.245604e-04 1.880136e+00
88 9.666587e-01 5.623366e-05 1.862199e+00
89 9.666263e-01 3.354494e-05 1.813179e+00
90 9.666563e-01 3.104174e-05 1.855053e+00
91 9.666447e-01 1.201794e-05 1.983161e+00
92 9.666137e-01 3.201797e-05 1.979750e+00
93 9.667352e-01 1.257087e-04 1.899884e+00
94 9.665506e-01 1.909782e-04 1.829414e+00
95 9.666246e-01 7.658577e-05 1.944336e+00
96 9.665191e-01 1.091540e-04 1.918539e+00
97 9.665142e-01 5.073659e-06 1.938571e+00
98 9.665878e-01 7.613706e-05 1.933595e+00
99 9.647952e-01 1.854543e-03 2.472440e+00
100 9.647295e-01 6.811393e-05 1.958712e+00
101 9.647113e-01 1.892408e-05 1.999251e+00
102 9.646835e-01 2.873075e-05 2.058015e+00
103 9.646770e-01 6.728855e-06 1.989056e+00
104 9.646874e-01 1.072580e-05 1.894844e+00
105 9.647611e-01 7.640434e-05 1.933109e+00
106 9.628466e-01 1.984396e-03 2.218677e+00
107 9.629658e-01 1.237235e-04 2.075277e+00
108 9.628049e-01 1.670659e-04 1.808682e+00
109 9.627985e-01 6.590412e-06 1.798255e+00
110 9.627546e-01 4.566844e-05 1.817921e+00
111 9.627540e-01 5.875896e-07 1.853409e+00
112 9.627855e-01 3.270697e-05 2.349490e+00
113 9.627646e-01 2.174490e-05 1.809717e+00
114 9.627633e-01 1.279507e-06 1.894402e+00
115 9.628292e-01 6.847769e-05 2.103901e+00
116 9.617255e-01 1.146411e-03 2.234711e+00
117 9.595631e-01 2.248360e-03 2.184107e+00
118 9.483066e-01 1.173088e-02 1.923589e+00
119 9.468160e-01 1.571910e-03 1.914776e+00
120 8.572156e-01 9.463333e-02 1.944459e+00
121 8.567371e-01 5.582053e-04 1.909167e+00
122 8.574643e-01 8.487687e-04 1.923424e+00
123 8.464978e-01 1.278949e-02 1.914635e+00
124 8.469645e-01 5.514000e-04 1.894197e+00
125 8.461285e-01 9.871164e-04 1.894410e+00
126 8.306852e-01 1.825167e-02 1.937491e+00
127 8.280897e-01 3.124496e-03 1.984173e+00
128 8.278565e-01 2.815924e-04 2.153951e+00
129 8.276255e-01 2.790641e-04 1.904161e+00
130 8.276114e-01 1.706347e-05 1.919691e+00
131 8.273446e-01 3.223682e-04 1.908803e+00
132 8.272784e-01 8.002135e-05 1.903793e+00
133 8.272565e-01 2.649991e-05 1.939014e+00
134 8.272450e-01 1.382161e-05 1.917721e+00
135 8.233543e-01 4.703282e-03 1.904744e+00
136 7.109404e-01 1.365316e-01 1.918522e+00
137 6.950276e-01 2.238277e-02 1.958764e+00
138 6.930515e-01 2.843192e-03 1.953069e+00
139 6.795924e-01 1.942013e-02 2.114512e+00
140 5.790894e-01 1.478871e-01 1.932354e+00
141 5.785861e-01 8.691321e-04 1.934206e+00
142 5.635865e-01 2.592467e-02 1.937608e+00
143 5.634165e-01 3.016461e-04 2.113315e+00
144 4.450162e-01 2.101470e-01 2.119764e+00
145 4.390814e-01 1.333598e-02 1.916162e+00
146 4.372606e-01 4.146859e-03 1.925144e+00
147 4.061414e-01 7.116855e-02 1.944595e+00
148 4.058433e-01 7.339804e-04 1.963467e+00
149 3.191869e-01 2.135218e-01 1.918970e+00
150 3.185048e-01 2.137153e-03 1.983910e+00
151 3.181442e-01 1.131898e-03 1.873343e+00
152 3.180996e-01 1.402466e-04 1.908152e+00
153 3.118288e-01 1.971343e-02 1.949985e+00
154 3.125974e-01 2.464882e-03 1.930180e+00
155 3.076973e-01 1.567540e-02 1.883405e+00
156 3.081722e-01 1.543423e-03 1.998696e+00
157 2.480635e-01 1.950493e-01 1.982578e+00
158 2.389813e-01 3.661235e-02 1.803492e+00
159 1.912258e-01 1.998296e-01 1.817794e+00
160 1.910319e-01 1.013961e-03 1.898088e+00
161 1.728378e-01 9.524079e-02 1.925376e+00
162 1.717591e-01 6.241524e-03 1.919108e+00
163 1.715069e-01 1.467823e-03 1.903724e+00
164 1.715469e-01 2.331298e-04 1.848961e+00
165 1.708242e-01 4.212787e-03 1.853570e+00
166 1.708412e-01 9.928301e-05 1.796259e+00
167 1.691388e-01 9.964974e-03 1.844389e+00
168 1.691438e-01 2.987665e-05 1.887696e+00
169 6.968511e-02 5.880127e-01 1.919352e+00
170 2.136292e-02 6.934364e-01 1.918893e+00
171 1.826276e-02 1.451186e-01 1.885275e+00
172 1.766021e-02 3.299378e-02 1.919321e+00
173 1.480924e-02 1.614345e-01 1.919456e+00
174 1.479440e-02 1.002242e-03 1.952768e+00
175 1.176906e-02 2.044923e-01 1.923154e+00
176 2.723746e-03 7.685672e-01 1.903983e+00
177 7.154945e-03 1.626876e+00 1.923774e+00
178 5.084145e-03 2.894222e-01 1.938455e+00
179 4.740814e-03 6.752970e-02 1.958524e+00
180 9.471177e-04 8.002205e-01 2.038587e+00
181 1.985858e-03 1.096738e+00 2.047767e+00
182 1.901065e-03 4.269856e-02 1.880003e+00
183 1.749650e-03 7.964744e-02 1.804276e+00
184 1.489506e-03 1.486834e-01 1.799657e+00
185 1.483270e-03 4.186696e-03 1.779916e+00
186 9.936453e-04 3.300980e-01 1.893512e+00
187 4.999222e-04 4.968807e-01 1.868310e+00
188 4.989963e-04 1.852007e-03 1.884778e+00
189 4.872493e-04 2.354134e-02 1.909303e+00
190 4.962877e-04 1.854986e-02 1.929180e+00
191 4.644849e-04 6.408133e-02 1.936860e+00
192 4.939426e-04 6.342025e-02 1.909375e+00
193 4.595061e-04 6.971771e-02 1.914451e+00
194 4.613252e-04 3.958766e-03 1.924275e+00
195 6.017478e-04 3.043897e-01 1.944234e+00
196 4.937508e-04 1.794722e-01 1.903964e+00
197 4.798549e-04 2.814352e-02 1.938497e+00
198 1.695076e-03 2.532477e+00 2.061898e+00
199 9.230332e-04 4.554622e-01 2.319000e+00
200 8.993747e-04 2.563125e-02 1.919092e+00
201 7.264585e-04 1.922627e-01 1.904363e+00
202 9.007104e-04 2.398648e-01 1.808814e+00
203 7.369335e-04 1.818308e-01 1.825026e+00
204 7.248071e-04 1.645517e-02 1.908070e+00
205 8.641949e-04 1.923102e-01 1.914470e+00
206 6.298424e-04 2.711802e-01 1.885113e+00
207 6.139295e-04 2.526482e-02 1.863645e+00
208 6.351195e-04 3.451534e-02 1.798977e+00
209 4.976647e-04 2.164235e-01 1.769472e+00
210 4.745257e-04 4.649513e-02 1.834731e+00
211 4.665456e-04 1.681716e-02 1.966340e+00
212 4.626996e-04 8.243575e-03 1.988022e+00
213 4.585017e-04 9.072580e-03 1.839430e+00
214 4.575545e-04 2.065762e-03 1.859780e+00
215 4.525567e-04 1.092283e-02 2.007057e+00
216 4.494671e-04 6.827043e-03 1.944064e+00
217 4.466437e-04 6.281708e-03 1.915463e+00
218 4.441429e-04 5.599114e-03 1.984081e+00
219 4.441855e-04 9.599818e-05 1.939060e+00
220 4.398886e-04 9.673632e-03 1.924974e+00
221 4.375235e-04 5.376580e-03 1.908242e+00
222 4.699209e-04 7.404720e-02 1.878003e+00
223 3.722975e-04 2.077444e-01 1.875290e+00
224 5.423758e-04 4.568343e-01 1.799210e+00
225 4.823095e-04 1.107466e-01 1.899336e+00
226 4.647984e-04 3.630674e-02 1.979409e+00
227 4.600791e-04 1.015359e-02 2.044755e+00
228 4.520167e-04 1.752387e-02 1.874510e+00
229 4.677116e-04 3.472190e-02 1.865068e+00
230 4.173093e-04 1.077636e-01 1.884859e+00
231 3.961015e-04 5.082015e-02 1.884120e+00
232 3.941007e-04 5.051376e-03 1.887823e+00
233 3.905923e-04 8.902210e-03 1.904877e+00
234 3.895518e-04 2.663864e-03 1.909089e+00
235 3.679522e-04 5.544738e-02 2.097462e+00
236 4.989279e-04 3.559584e-01 2.024947e+00
237 4.453716e-04 1.073428e-01 1.933919e+00
238 5.384785e-04 2.090546e-01 1.908758e+00
239 5.706325e-04 5.971257e-02 1.919929e+00
240 4.673096e-04 1.810673e-01 1.908951e+00
241 3.320221e-04 2.895030e-01 1.914540e+00
242 3.748325e-04 1.289386e-01 1.933895e+00
243 4.172278e-04 1.131046e-01 1.904536e+00
244 4.213405e-04 9.857358e-03 1.905105e+00
245 4.037922e-04 4.164888e-02 1.899017e+00
246 2.959782e-04 2.670037e-01 1.813850e+00
247 3.395259e-04 1.471314e-01 1.830156e+00
248 3.335373e-04 1.763799e-02 1.961796e+00
249 2.766626e-04 1.705199e-01 2.054876e+00
250 5.436976e-04 9.652011e-01 1.918663e+00
251 4.274301e-04 2.138459e-01 1.904874e+00
252 3.613632e-04 1.545677e-01 1.922129e+00
253 4.624225e-04 2.796614e-01 1.893773e+00
254 3.668932e-04 2.065845e-01 1.887729e+00
255 3.088237e-04 1.582735e-01 1.924032e+00
256 3.013615e-04 2.416329e-02 1.863299e+00
257 4.085654e-04 3.557318e-01 1.925491e+00
258 4.709065e-04 1.525855e-01 1.929721e+00
259 5.138250e-04 9.114015e-02 1.879640e+00
260 3.700795e-04 2.797558e-01 1.889095e+00
261 3.701801e-04 2.718911e-04 1.874027e+00
262 4.043311e-04 9.225494e-02 1.880610e+00
263 6.054668e-04 4.974530e-01 1.849236e+00
264 5.165018e-04 1.469363e-01 1.878376e+00
265 5.938425e-04 1.497396e-01 1.885274e+00
266 4.043667e-04 3.190674e-01 1.898471e+00
267 4.344889e-04 7.449216e-02 1.878836e+00
268 3.739562e-04 1.393193e-01 1.869455e+00
269 4.443058e-04 1.881226e-01 1.909767e+00
270 3.591048e-04 1.917622e-01 1.879641e+00
271 5.256758e-04 4.638508e-01 1.913352e+00
272 3.336987e-04 3.652005e-01 1.913729e+00
273 5.316639e-04 5.932451e-01 1.909581e+00
274 3.293507e-04 3.805283e-01 1.932930e+00
275 5.456040e-04 6.566047e-01 1.883698e+00
276 3.594722e-04 3.411482e-01 1.963327e+00
277 3.413971e-04 5.028231e-02 1.893811e+00
278 3.320713e-04 2.731665e-02 1.876869e+00
279 3.251721e-04 2.077629e-02 1.929805e+00
280 3.139948e-04 3.437325e-02 1.897831e+00
281 4.064450e-04 2.944321e-01 1.882762e+00
282 4.302671e-04 5.861103e-02 1.883991e+00
283 6.045391e-04 4.050320e-01 1.888888e+00
284 3.993516e-04 3.394115e-01 1.929501e+00
285 7.769403e-04 9.455045e-01 1.857905e+00
286 4.350115e-04 4.400966e-01 1.865261e+00
287 4.812523e-04 1.062979e-01 1.997732e+00
288 6.008059e-04 2.484218e-01 1.867932e+00
289 3.918785e-04 3.477453e-01 1.854125e+00
290 6.883392e-04 7.565121e-01 1.900011e+00
291 4.226374e-04 3.860042e-01 1.879573e+00
292 6.610392e-04 5.640813e-01 1.874222e+00
293 6.204349e-04 6.142494e-02 1.994460e+00
294 5.786193e-04 6.739724e-02 2.054664e+00
295 5.215312e-04 9.866259e-02 1.924991e+00
296 4.823230e-04 7.517911e-02 1.872588e+00
297 3.780147e-04 2.162624e-01 1.913317e+00
298 3.514182e-04 7.035835e-02 1.885008e+00
299 3.572044e-04 1.646537e-02 1.873058e+00
300 3.828447e-04 7.178027e-02 1.889685e+00
301 3.820525e-04 2.069107e-03 1.898531e+00
302 5.538198e-04 4.495908e-01 1.917221e+00
303 4.849016e-04 1.244415e-01 1.859485e+00
304 5.425653e-04 1.189183e-01 1.913335e+00
305 3.308093e-04 3.902867e-01 1.954795e+00
306 3.948975e-04 1.937316e-01 1.948615e+00
307 3.538309e-04 1.039932e-01 2.124614e+00
308 5.507560e-04 5.565515e-01 1.923991e+00
309 5.249113e-04 4.692574e-02 1.879923e+00
310 5.228408e-04 3.944513e-03 1.892747e+00
311 3.378799e-04 3.537613e-01 1.904917e+00
312 5.200743e-04 5.392280e-01 1.874859e+00
313 3.715692e-04 2.855460e-01 1.907896e+00
314 3.350073e-04 9.839852e-02 1.922076e+00
315 3.569187e-04 6.540573e-02 1.908833e+00
316 3.436539e-04 3.716470e-02 1.913501e+00
317 3.379590e-04 1.657165e-02 1.897704e+00
318 5.334099e-04 5.783273e-01 1.885303e+00
319 3.320792e-04 3.774408e-01 1.949597e+00
320 3.930202e-04 1.835134e-01 2.294460e+00
321 5.665930e-04 4.416383e-01 1.969013e+00
322 5.455430e-04 3.715188e-02 1.879710e+00
323 5.709829e-04 4.663222e-02 1.934545e+00
324 3.418389e-04 4.013149e-01 1.912064e+00
325 5.540576e-04 6.208147e-01 1.910432e+00
326 3.497177e-04 3.688062e-01 1.903801e+00
327 5.115164e-04 4.626551e-01 2.027757e+00
328 5.168381e-04 1.040375e-02 1.969710e+00
329 6.467622e-04 2.513825e-01 1.914412e+00
330 3.631773e-04 4.384685e-01 1.922582e+00
331 3.347233e-04 7.834730e-02 1.894431e+00
332 3.332977e-04 4.259163e-03 1.948438e+00
333 6.247186e-04 8.743563e-01 1.975406e+00
334 3.836334e-04 3.859101e-01 2.028330e+00
335 3.864841e-04 7.430756e-03 1.909743e+00
336 3.269906e-04 1.539353e-01 1.944758e+00
337 5.114173e-04 5.640125e-01 1.904206e+00
338 4.868500e-04 4.803768e-02 1.898475e+00
339 5.860491e-04 2.037569e-01 1.948896e+00
340 4.661083e-04 2.046599e-01 1.914360e+00
341 5.168873e-04 1.089425e-01 1.918885e+00
342 5.085037e-04 1.621947e-02 1.899435e+00
343 5.367455e-04 5.553912e-02 1.909460e+00
344 5.390239e-04 4.244735e-03 1.893292e+00
345 5.339362e-04 9.438776e-03 1.903444e+00
346 4.881237e-04 8.580132e-02 1.859967e+00
347 5.287791e-04 8.328897e-02 1.806836e+00
348 5.096102e-04 3.625112e-02 1.814070e+00
349 5.013689e-04 1.617174e-02 1.838041e+00
350 4.771302e-04 4.834516e-02 1.899351e+00
351 4.801378e-04 6.303490e-03 1.884772e+00
352 5.384129e-04 1.213716e-01 1.874679e+00
353 5.768362e-04 7.136409e-02 1.893730e+00
354 4.163309e-04 2.782510e-01 1.980123e+00
355 5.561489e-04 3.358337e-01 2.030766e+00
356 4.117731e-04 2.595992e-01 1.957602e+00
357 5.937089e-04 4.418351e-01 1.994101e+00
358 4.387621e-04 2.609812e-01 1.913797e+00
359 5.450335e-04 2.422074e-01 1.919353e+00
360 3.953694e-04 2.745962e-01 1.908108e+00
361 3.549720e-04 1.021762e-01 1.898474e+00
362 4.850740e-04 3.665132e-01 1.884328e+00
363 3.040402e-04 3.732087e-01 1.840082e+00
364 3.601813e-04 1.846504e-01 1.933638e+00
365 3.750127e-04 4.117766e-02 1.978234e+00
366 4.676181e-04 2.469392e-01 1.855342e+00
367 4.563229e-04 2.415462e-02 1.789594e+00
368 4.582494e-04 4.221632e-03 1.818762e+00
369 4.952967e-04 8.084542e-02 1.843706e+00
370 2.672380e-04 4.604487e-01 1.764701e+00
371 4.220066e-04 5.791412e-01 1.754360e+00
372 2.747757e-04 3.488829e-01 1.818465e+00
373 3.365041e-04 2.246504e-01 1.878941e+00
374 3.666781e-04 8.966890e-02 1.843929e+00
375 4.232374e-04 1.542477e-01 1.825339e+00
376 2.729783e-04 3.550231e-01 1.878329e+00
377 3.070785e-04 1.249191e-01 1.813700e+00
378 3.402883e-04 1.081476e-01 1.809470e+00
379 2.528859e-04 2.568483e-01 1.814744e+00
380 3.888941e-04 5.378244e-01 1.904559e+00
381 3.946355e-04 1.476361e-02 1.938486e+00
382 3.906252e-04 1.016200e-02 1.968447e+00
383 4.211250e-04 7.807925e-02 1.809581e+00
384 3.221598e-04 2.350019e-01 1.783727e+00
385 2.504420e-04 2.226155e-01 1.804420e+00
386 3.581809e-04 4.301951e-01 1.828829e+00
387 4.070700e-04 1.364926e-01 1.778322e+00
388 3.949757e-04 2.971062e-02 1.984668e+00
389 3.954335e-04 1.159151e-03 2.029649e+00
390 3.941382e-04 3.275657e-03 1.902587e+00
391 3.951022e-04 2.445757e-03 1.910212e+00
392 3.955902e-04 1.235212e-03 1.854897e+00
393 3.948260e-04 1.931923e-03 1.869229e+00
394 3.948243e-04 4.126154e-06 1.939847e+00
395 3.951026e-04 7.046937e-04 1.804562e+00
396 3.938019e-04 3.291945e-03 1.835360e+00
397 3.940920e-04 7.365081e-04 1.898387e+00
398 3.952405e-04 2.914302e-03 1.833798e+00
399 3.948474e-04 9.944724e-04 1.812876e+00
400 3.933360e-04 3.827761e-03 1.864183e+00
401 3.936999e-04 9.251829e-04 1.822989e+00
402 3.936101e-04 2.282100e-04 1.869300e+00
403 3.932047e-04 1.030034e-03 1.788799e+00
404 3.932493e-04 1.135224e-04 1.868715e+00
405 3.931199e-04 3.289891e-04 1.785238e+00
406 3.930106e-04 2.780685e-04 1.783267e+00
407 3.930167e-04 1.561484e-05 1.753662e+00
408 3.928138e-04 5.163121e-04 1.789323e+00
409 3.927754e-04 9.790808e-05 1.689998e+00
410 3.927711e-04 1.096821e-05 1.703549e+00
411 3.927909e-04 5.047315e-05 1.719533e+00
412 3.927919e-04 2.624613e-06 1.694726e+00
413 3.927885e-04 8.594739e-06 1.684526e+00
414 3.929224e-04 3.409329e-04 1.724166e+00
415 3.929011e-04 5.435169e-05 1.678328e+00
416 3.928915e-04 2.450822e-05 1.642995e+00
417 3.929495e-04 1.478050e-04 1.629831e+00
418 3.929784e-04 7.354530e-05 1.595158e+00
419 3.929567e-04 5.523206e-05 1.564225e+00
420 3.929632e-04 1.641497e-05 1.554722e+00
421 3.928635e-04 2.537176e-04 1.588945e+00
422 3.928477e-04 4.025800e-05 1.604664e+00
423 3.927204e-04 3.238181e-04 1.669022e+00
424 3.927627e-04 1.074730e-04 1.489951e+00
425 3.926335e-04 3.287260e-04 1.514150e+00
426 3.926086e-04 6.349026e-05 1.515185e+00
427 3.925227e-04 2.189209e-04 1.488606e+00
428 3.924104e-04 2.860098e-04 1.469956e+00
429 3.924166e-04 1.578477e-05 1.455390e+00
430 3.923628e-04 1.370203e-04 1.494311e+00
431 3.923062e-04 1.443259e-04 1.469606e+00
432 3.921674e-04 3.537166e-04 1.490186e+00
433 3.922028e-04 9.012332e-05 1.524306e+00
434 3.922516e-04 1.244212e-04 1.525563e+00
435 3.921752e-04 1.947064e-04 1.518770e+00
436 3.919989e-04 4.495096e-04 1.503068e+00
437 3.919400e-04 1.502742e-04 1.534271e+00
438 3.918772e-04 1.602236e-04 1.518245e+00
439 3.917544e-04 3.132691e-04 1.514594e+00
440 3.917843e-04 7.622875e-05 1.478832e+00
441 3.916416e-04 3.641841e-04 1.489608e+00
442 3.916762e-04 8.835413e-05 1.495259e+00
443 3.915301e-04 3.730200e-04 1.455254e+00
444 3.916140e-04 2.141132e-04 1.484671e+00
445 3.914077e-04 5.267701e-04 1.534790e+00
446 3.914138e-04 1.577543e-05 1.578899e+00
447 3.914547e-04 1.043624e-04 1.648732e+00
448 3.912378e-04 5.540012e-04 1.609794e+00
449 4.508625e-04 1.524002e-01 1.674300e+00
450 4.822213e-04 6.955294e-02 1.619343e+00
451 4.106709e-04 1.483768e-01 1.634999e+00
452 3.085633e-04 2.486359e-01 1.694792e+00
453 4.956813e-04 6.064167e-01 1.774465e+00
454 5.110462e-04 3.099747e-02 1.749683e+00
455 3.040767e-04 4.049917e-01 1.954837e+00
456 2.991391e-04 1.623813e-02 1.959375e+00
457 3.148932e-04 5.266483e-02 1.934041e+00
458 3.320742e-04 5.456139e-02 1.944845e+00
459 4.112880e-04 2.385424e-01 1.994184e+00
460 2.909027e-04 2.927031e-01 2.042988e+00
461 3.086755e-04 6.109507e-02 1.948814e+00
462 2.795141e-04 9.447241e-02 1.947366e+00
463 4.357186e-04 5.588429e-01 1.944544e+00
464 3.321749e-04 2.376390e-01 1.928959e+00
465 2.912954e-04 1.230661e-01 1.907870e+00
466 3.264213e-04 1.205850e-01 1.894221e+00
467 3.259221e-04 1.529490e-03 1.890226e+00
468 3.213360e-04 1.407099e-02 1.898621e+00
469 3.207797e-04 1.731144e-03 1.854284e+00
470 3.201138e-04 2.076079e-03 1.882177e+00
471 3.076757e-04 3.885518e-02 1.983371e+00
472 3.282620e-04 6.690910e-02 1.948798e+00
473 2.484465e-04 2.431456e-01 1.954305e+00
474 3.184688e-04 2.818402e-01 1.938783e+00
475 2.491640e-04 2.176188e-01 1.929574e+00
476 2.808992e-04 1.273668e-01 1.923736e+00
477 2.971537e-04 5.786602e-02 1.879885e+00
478 2.409872e-04 1.890149e-01 1.949411e+00
479 2.380782e-04 1.207126e-02 1.949334e+00
480 2.776646e-04 1.662748e-01 1.929104e+00
481 2.519496e-04 9.261176e-02 1.915108e+00
482 2.477703e-04 1.658771e-02 1.983888e+00
483 2.178481e-04 1.207661e-01 2.080460e+00
484 2.647953e-04 2.155041e-01 2.049195e+00
485 2.104140e-04 2.053711e-01 1.910078e+00
486 1.692531e-04 1.956184e-01 1.899597e+00
487 1.566962e-04 7.419022e-02 1.920282e+00
488 1.631389e-04 4.111591e-02 1.899062e+00
489 1.699202e-04 4.156788e-02 1.919420e+00
490 2.517133e-04 4.813614e-01 1.942799e+00
491 1.929097e-04 2.336132e-01 1.904216e+00
492 1.910326e-04 9.730675e-03 1.909545e+00
493 1.913522e-04 1.673027e-03 1.925189e+00
494 1.902329e-04 5.849519e-03 1.928828e+00
495 1.895517e-04 3.580924e-03 1.914406e+00
496 1.897481e-04 1.036408e-03 1.910122e+00
497 1.892135e-04 2.817484e-03 1.953861e+00
498 1.886313e-04 3.077058e-03 1.948971e+00
499 1.872680e-04 7.227054e-03 1.904656e+00
500 1.875869e-04 1.702816e-03 1.875633e+00
501 1.891862e-04 8.525871e-03 1.869051e+00
502 1.882168e-04 5.124288e-03 1.869237e+00
503 1.862269e-04 1.057253e-02 1.873806e+00
504 1.855519e-04 3.624678e-03 1.859639e+00
505 1.851125e-04 2.367836e-03 1.838684e+00
506 1.847329e-04 2.050865e-03 1.845332e+00
507 1.843748e-04 1.938177e-03 1.839133e+00
508 1.841063e-04 1.456625e-03 1.839198e+00
509 1.837185e-04 2.106380e-03 1.814636e+00
510 1.837436e-04 1.369548e-04 1.807225e+00
511 1.831417e-04 3.276104e-03 1.868654e+00
512 1.830824e-04 3.233315e-04 1.854879e+00
513 1.825967e-04 2.653164e-03 1.790261e+00
514 1.822944e-04 1.655499e-03 1.778853e+00
515 1.820344e-04 1.426470e-03 1.820596e+00
516 1.817934e-04 1.323615e-03 1.757919e+00
517 1.815604e-04 1.281668e-03 1.854923e+00
518 1.813851e-04 9.656349e-04 1.925577e+00
519 1.793084e-04 1.144939e-02 1.849166e+00
520 2.826100e-04 5.761116e-01 1.824819e+00
521 2.726482e-04 3.524918e-02 1.735319e+00
522 2.722886e-04 1.319020e-03 1.752798e+00
523 2.718349e-04 1.666029e-03 1.714826e+00
524 2.713676e-04 1.719246e-03 1.743146e+00
525 2.708940e-04 1.745132e-03 1.703997e+00
526 2.704232e-04 1.737984e-03 1.584904e+00
527 2.699456e-04 1.766330e-03 1.569375e+00
528 2.694734e-04 1.748909e-03 1.539199e+00
529 2.689938e-04 1.780099e-03 1.535103e+00
530 2.685219e-04 1.753951e-03 1.499553e+00
531 2.680381e-04 1.801963e-03 1.530497e+00
532 2.675739e-04 1.731638e-03 1.518326e+00
533 2.670865e-04 1.821579e-03 1.529439e+00
534 2.666208e-04 1.743870e-03 1.598414e+00
535 2.661456e-04 1.782107e-03 1.498609e+00
536 2.656823e-04 1.740891e-03 1.499858e+00
537 2.652069e-04 1.789463e-03 1.505191e+00
538 2.647412e-04 1.755835e-03 1.494876e+00
539 2.642732e-04 1.767895e-03 1.484810e+00
540 2.638061e-04 1.767515e-03 1.464849e+00
541 2.633425e-04 1.757303e-03 1.429999e+00
542 2.628706e-04 1.791896e-03 1.424444e+00
543 2.624146e-04 1.734518e-03 1.494526e+00
544 2.619378e-04 1.817031e-03 1.558238e+00
545 2.614570e-04 1.835593e-03 1.634823e+00
546 2.610043e-04 1.731434e-03 1.425519e+00
547 2.021103e-04 2.256438e-01 1.522640e+00
548 1.903107e-04 5.838219e-02 1.548353e+00
549 1.978898e-04 3.982486e-02 1.563621e+00
550 1.796346e-04 9.224900e-02 1.599622e+00
551 1.800601e-04 2.368548e-03 1.679644e+00
552 1.652171e-04 8.243329e-02 1.800046e+00
553 1.662791e-04 6.427606e-03 1.850446e+00
554 1.718787e-04 3.367577e-02 1.898911e+00
555 2.524558e-04 4.688023e-01 1.939110e+00
556 1.863113e-04 2.620044e-01 1.910275e+00
557 1.718745e-04 7.748722e-02 1.918733e+00
558 3.141157e-04 8.275875e-01 1.915182e+00
559 2.787024e-04 1.127398e-01 1.907766e+00
560 2.949839e-04 5.841884e-02 1.959934e+00
561 3.033063e-04 2.821335e-02 1.853760e+00
562 2.730645e-04 9.970720e-02 1.999360e+00
563 2.626805e-04 3.802782e-02 1.829384e+00
564 3.241140e-04 2.338719e-01 1.919167e+00
565 3.131310e-04 3.388638e-02 1.929673e+00
566 3.143865e-04 4.009462e-03 1.974900e+00
567 3.125602e-04 5.808956e-03 1.919220e+00
568 3.128122e-04 8.060393e-04 1.919776e+00
569 3.114379e-04 4.393126e-03 1.904493e+00
570 3.105102e-04 2.978933e-03 1.919839e+00
571 3.099579e-04 1.778506e-03 1.933304e+00
572 3.093361e-04 2.006242e-03 1.943993e+00
573 3.089243e-04 1.331043e-03 1.864456e+00
574 3.084436e-04 1.556225e-03 1.928462e+00
575 3.078372e-04 1.965891e-03 1.904860e+00
576 2.576657e-04 1.629808e-01 2.024733e+00
577 2.650631e-04 2.870944e-02 2.089215e+00
578 2.703334e-04 1.988320e-02 1.899686e+00
579 2.518705e-04 6.829663e-02 1.948615e+00
580 2.195957e-04 1.281407e-01 1.949946e+00
581 2.770783e-04 2.617656e-01 1.889386e+00
582 2.387295e-04 1.384042e-01 1.873887e+00
583 2.306702e-04 3.375906e-02 1.872166e+00
584 2.320815e-04 6.118220e-03 1.897805e+00
585 2.741286e-04 1.811737e-01 1.834458e+00
586 2.009703e-04 2.668757e-01 1.860766e+00
587 2.457016e-04 2.225766e-01 1.940648e+00
588 1.612898e-04 3.435543e-01 1.858293e+00
589 2.432467e-04 5.081347e-01 1.955610e+00
590 1.551130e-04 3.623221e-01 1.979671e+00
591 2.475010e-04 5.956173e-01 1.934646e+00
592 2.110117e-04 1.474311e-01 1.924682e+00
593 1.459389e-04 3.083847e-01 1.904429e+00
594 1.611363e-04 1.041353e-01 1.915292e+00
595 1.469953e-04 8.775828e-02 1.908024e+00
596 1.727343e-04 1.751014e-01 1.936829e+00
597 1.982084e-04 1.474755e-01 1.934142e+00
598 2.227357e-04 1.237449e-01 1.915355e+00
599 1.917588e-04 1.390748e-01 1.909144e+00
600 1.965153e-04 2.480475e-02 2.234601e+00
601 1.620638e-04 1.753124e-01 2.109936e+00
602 1.574247e-04 2.862501e-02 1.944409e+00
603 1.334180e-04 1.524962e-01 1.940150e+00
604 1.303560e-04 2.295061e-02 1.928602e+00
605 1.408848e-04 8.076964e-02 1.915346e+00
606 1.823636e-04 2.944164e-01 1.933717e+00
607 1.728078e-04 5.239954e-02 1.933594e+00
608 1.622871e-04 6.088095e-02 1.928214e+00
609 1.733603e-04 6.823233e-02 1.883628e+00
610 1.515398e-04 1.258683e-01 1.892808e+00
611 1.932320e-04 2.751238e-01 1.912988e+00
612 1.509228e-04 2.189554e-01 1.864796e+00
613 2.020815e-04 3.389729e-01 2.034167e+00
614 1.437032e-04 2.888852e-01 2.129323e+00
615 1.367753e-04 4.820953e-02 1.962875e+00
616 1.366199e-04 1.136391e-03 1.894844e+00
617 1.766402e-04 2.929323e-01 1.929669e+00
618 1.740805e-04 1.449123e-02 1.879206e+00
619 1.980995e-04 1.379763e-01 1.879378e+00
620 1.194525e-04 3.970076e-01 1.904892e+00
621 1.045668e-04 1.246163e-01 1.908204e+00
622 1.090791e-04 4.315288e-02 1.938608e+00
623 1.326465e-04 2.160577e-01 1.954604e+00
624 9.906300e-05 2.531804e-01 1.918885e+00
625 1.287422e-04 2.995989e-01 1.920324e+00
626 1.669841e-04 2.970423e-01 1.941881e+00
627 1.049182e-04 3.716872e-01 1.919358e+00
628 9.005823e-05 1.416340e-01 1.975395e+00
629 1.037659e-04 1.522086e-01 2.089295e+00
630 7.177960e-05 3.082543e-01 1.917720e+00
631 9.199581e-05 2.816428e-01 1.923337e+00
632 6.321969e-05 3.127982e-01 1.891735e+00
633 9.345857e-05 4.783144e-01 1.888667e+00
634 6.418895e-05 3.131828e-01 1.974239e+00
635 7.641617e-05 1.904878e-01 1.918910e+00
636 4.716526e-05 3.827843e-01 1.924735e+00
637 8.305966e-05 7.610349e-01 1.945031e+00
638 6.908748e-05 1.682187e-01 1.930488e+00
639 6.054293e-05 1.236772e-01 1.904589e+00
640 5.326809e-05 1.201600e-01 1.939048e+00
641 5.882663e-05 1.043503e-01 1.910654e+00
642 5.348818e-05 9.074896e-02 1.931986e+00
643 9.283975e-05 7.357060e-01 1.895173e+00
644 1.048571e-04 1.294421e-01 1.923928e+00
645 6.684144e-05 3.625475e-01 1.969235e+00
646 1.036718e-04 5.510116e-01 1.924870e+00
647 3.762131e-05 6.371116e-01 1.919423e+00
648 5.144061e-05 3.673263e-01 1.879916e+00
649 5.274289e-05 2.531614e-02 1.889956e+00
650 6.539066e-05 2.398006e-01 1.898995e+00
651 3.697784e-05 4.345089e-01 1.903558e+00
652 4.958167e-05 3.408483e-01 1.908971e+00
653 4.092946e-05 1.745041e-01 1.938829e+00
654 4.640513e-05 1.337830e-01 1.929365e+00
655 2.957009e-05 3.627841e-01 1.952795e+00
656 4.726834e-05 5.985188e-01 1.944970e+00
657 3.925033e-05 1.696276e-01 1.934030e+00
658 4.725769e-05 2.040074e-01 1.924186e+00
659 2.721005e-05 4.242196e-01 1.924645e+00
660 3.847182e-05 4.138826e-01 1.978421e+00
661 2.150551e-05 4.410062e-01 1.977981e+00
662 3.311556e-05 5.398642e-01 1.929167e+00
663 2.139920e-05 3.538023e-01 1.904053e+00
664 3.170033e-05 4.813793e-01 1.944188e+00
665 2.140262e-05 3.248457e-01 1.942395e+00
666 3.681676e-05 7.201991e-01 2.004383e+00
667 2.119192e-05 4.243949e-01 2.149436e+00
668 3.070667e-05 4.489801e-01 1.979314e+00
669 2.287060e-05 2.551912e-01 1.964788e+00
670 2.258375e-05 1.254209e-02 1.974099e+00
671 2.201196e-05 2.531851e-02 1.865325e+00
672 3.324326e-05 5.102360e-01 1.938390e+00
673 1.874553e-05 4.361104e-01 1.908479e+00
674 2.696049e-05 4.382360e-01 1.922371e+00
675 2.599241e-05 3.590754e-02 1.847444e+00
676 2.836917e-05 9.144057e-02 1.910650e+00
677 1.618637e-05 4.294378e-01 1.906508e+00
678 1.538688e-05 4.939291e-02 1.895106e+00
679 1.544884e-05 4.026646e-03 1.952290e+00
680 1.854666e-05 2.005214e-01 2.026747e+00
681 1.890362e-05 1.924644e-02 2.136128e+00
682 1.577294e-05 1.656124e-01 1.938314e+00
683 1.798621e-05 1.403205e-01 1.923997e+00
684 1.954320e-05 8.656579e-02 1.933517e+00
685 1.962495e-05 4.182686e-03 1.926727e+00
686 2.019004e-05 2.879485e-02 1.968958e+00
687 1.341815e-05 3.354075e-01 1.903002e+00
688 1.438960e-05 7.239799e-02 1.847158e+00
689 1.207136e-05 1.611052e-01 1.923527e+00
690 1.913760e-05 5.853726e-01 1.908893e+00
691 1.877862e-05 1.875801e-02 1.892838e+00
692 1.222648e-05 3.489151e-01 1.892702e+00
693 1.000301e-05 1.818562e-01 1.934066e+00
694 1.859331e-05 8.587708e-01 2.004939e+00
695 2.284078e-05 2.284407e-01 2.073591e+00
696 1.233141e-05 4.601142e-01 1.923625e+00
697 1.466031e-05 1.888587e-01 1.923733e+00
698 1.108620e-05 2.437951e-01 1.954179e+00
699 1.731638e-05 5.619761e-01 1.894492e+00
700 1.072719e-05 3.805174e-01 1.905106e+00
701 1.877950e-05 7.506447e-01 1.973687e+00
702 1.230615e-05 3.447033e-01 1.939390e+00
703 1.600703e-05 3.007347e-01 1.914523e+00
704 9.600804e-06 4.002134e-01 1.914464e+00
705 1.376208e-05 4.334297e-01 1.924243e+00
706 1.101834e-05 1.993691e-01 1.925074e+00
707 1.073505e-05 2.571098e-02 2.034440e+00
708 1.274335e-05 1.870789e-01 2.000093e+00
709 1.035363e-05 1.875270e-01 1.898848e+00
710 9.986940e-06 3.541659e-02 1.964457e+00
711 1.089393e-05 9.081769e-02 1.948266e+00
712 1.098421e-05 8.286948e-03 1.922629e+00
713 1.084532e-05 1.264462e-02 1.919782e+00
714 9.991073e-06 7.876620e-02 1.903065e+00
715 9.755531e-06 2.357523e-02 1.880242e+00
716 9.486491e-06 2.757820e-02 1.979015e+00
717 9.359511e-06 1.338541e-02 1.919312e+00
718 1.011297e-05 8.050151e-02 1.874133e+00
719 1.248165e-05 2.342222e-01 1.944332e+00
720 8.225111e-06 3.410236e-01 1.929387e+00
721 7.551314e-06 8.191948e-02 1.933858e+00
722 6.844434e-06 9.361017e-02 1.869871e+00
723 1.043678e-05 5.248565e-01 1.898424e+00
724 6.876402e-06 3.411376e-01 1.879380e+00
725 1.014327e-05 4.750839e-01 1.894012e+00
726 7.254963e-06 2.847511e-01 1.954666e+00
727 9.512088e-06 3.111147e-01 1.887720e+00
728 7.295005e-06 2.330806e-01 1.894920e+00
729 9.202450e-06 2.614728e-01 1.915241e+00
730 7.364274e-06 1.997485e-01 1.948875e+00
731 6.079798e-06 1.744199e-01 1.912776e+00
732 5.943373e-06 2.243910e-02 1.872388e+00
733 5.201833e-06 1.247675e-01 1.873569e+00
734 6.057187e-06 1.644332e-01 1.933102e+00
735 6.139612e-06 1.360776e-02 1.867859e+00
736 9.023100e-06 4.696532e-01 1.874144e+00
737 6.144955e-06 3.189752e-01 1.902744e+00
738 6.690915e-06 8.884679e-02 1.914584e+00
739 5.095324e-06 2.384712e-01 1.930069e+00
740 7.897704e-06 5.499905e-01 1.878465e+00
741 5.241831e-06 3.362842e-01 1.829785e+00
742 8.346834e-06 5.923507e-01 1.813428e+00
743 5.999667e-06 2.812044e-01 1.874427e+00
744 7.294603e-06 2.158345e-01 1.989773e+00
745 4.888619e-06 3.298306e-01 1.904061e+00
746 7.498260e-06 5.338195e-01 1.930364e+00
747 4.918413e-06 3.440594e-01 1.923502e+00
748 6.757276e-06 3.738734e-01 1.924959e+00
749 4.936722e-06 2.694213e-01 1.919329e+00
750 6.423481e-06 3.011631e-01 1.893457e+00
751 4.681173e-06 2.712404e-01 1.954833e+00
752 6.388154e-06 3.646480e-01 2.078890e+00
753 4.721879e-06 2.608383e-01 2.021856e+00
754 6.062852e-06 2.839914e-01 1.874687e+00
755 6.168344e-06 1.739984e-02 1.978766e+00
756 6.502688e-06 5.420313e-02 1.889770e+00
757 4.484959e-06 3.102915e-01 1.968375e+00
758 3.966139e-06 1.156799e-01 1.933872e+00
759 3.357122e-06 1.535542e-01 1.899730e+00
760 4.586009e-06 3.660537e-01 1.890116e+00
761 2.665817e-06 4.187066e-01 1.868415e+00
762 4.555905e-06 7.090090e-01 1.900127e+00
763 3.574029e-06 2.155173e-01 1.883660e+00
764 3.366557e-06 5.804986e-02 1.913425e+00
765 3.339859e-06 7.930189e-03 1.918491e+00
766 3.969965e-06 1.886623e-01 1.904301e+00
767 3.530891e-06 1.105989e-01 1.824348e+00
768 3.278815e-06 7.139163e-02 1.915376e+00
769 3.942903e-06 2.025391e-01 2.093288e+00
770 3.042406e-06 2.283843e-01 2.014787e+00
771 4.118331e-06 3.536429e-01 1.959361e+00
772 3.475034e-06 1.562033e-01 1.908376e+00
773 3.092310e-06 1.101353e-01 1.899021e+00
774 3.111592e-06 6.235223e-03 1.893903e+00
775 2.968129e-06 4.610598e-02 1.912452e+00
776 3.241176e-06 9.199316e-02 1.889249e+00
777 2.277586e-06 2.972965e-01 1.853151e+00
778 3.282629e-06 4.412755e-01 1.837766e+00
779 2.626647e-06 1.998345e-01 1.859628e+00
780 3.558484e-06 3.547632e-01 1.904586e+00
781 2.613278e-06 2.656205e-01 1.969098e+00
782 4.017145e-06 5.372055e-01 2.045011e+00
783 2.952921e-06 2.649205e-01 2.048613e+00
784 3.087688e-06 4.563856e-02 1.834254e+00
785 2.074303e-06 3.282020e-01 1.889841e+00
786 3.194506e-06 5.400385e-01 1.939509e+00
787 2.074166e-06 3.507083e-01 1.904241e+00
788 3.036340e-06 4.638844e-01 1.909220e+00
789 1.404070e-06 5.375780e-01 1.883434e+00
790 2.369551e-06 6.876304e-01 1.879487e+00
791 1.820313e-06 2.317901e-01 1.898327e+00
792 2.276842e-06 2.507970e-01 1.838895e+00
793 1.327760e-06 4.168412e-01 1.844236e+00
794 2.268643e-06 7.086240e-01 1.888470e+00
795 1.564516e-06 3.103739e-01 2.029744e+00
796 2.222115e-06 4.203216e-01 2.138624e+00
797 1.698860e-06 2.354760e-01 2.019838e+00
798 2.040465e-06 2.010787e-01 1.849335e+00
799 1.207159e-06 4.083901e-01 1.884026e+00
800 1.834144e-06 5.193882e-01 1.892080e+00
801 1.079936e-06 4.112043e-01 1.839345e+00
802 1.550805e-06 4.360161e-01 1.949219e+00
803 1.353067e-06 1.275068e-01 1.914898e+00
804 1.371310e-06 1.348237e-02 1.879716e+00
805 1.074717e-06 2.162843e-01 1.909088e+00
806 1.106387e-06 2.946845e-02 1.854655e+00
807 1.018401e-06 7.952539e-02 1.884407e+00
808 1.272381e-06 2.493910e-01 1.899597e+00
809 8.191973e-07 3.561700e-01 2.034505e+00
810 1.492061e-06 8.213701e-01 2.038974e+00
811 1.226772e-06 1.778005e-01 1.953674e+00
812 8.289154e-07 3.243120e-01 1.908333e+00
813 1.226381e-06 4.795012e-01 1.829276e+00
814 8.248727e-07 3.273930e-01 1.830021e+00
815 1.139633e-06 3.815870e-01 1.919442e+00
816 1.152362e-06 1.116922e-02 1.899810e+00
817 1.261058e-06 9.432458e-02 1.883670e+00
818 9.742694e-07 2.274192e-01 1.888292e+00
819 1.067720e-06 9.591907e-02 1.924016e+00
820 9.418634e-07 1.178745e-01 1.943466e+00
821 8.605342e-07 8.634929e-02 1.924718e+00
822 9.189855e-07 6.792444e-02 1.920277e+00
823 9.045452e-07 1.571329e-02 1.912861e+00
824 8.875584e-07 1.877941e-02 1.920248e+00
825 9.624778e-07 8.441065e-02 1.943895e+00
826 8.119326e-07 1.564142e-01 1.903726e+00
827 8.849044e-07 8.987419e-02 1.929781e+00
828 8.425631e-07 4.784846e-02 1.895617e+00
829 8.423089e-07 3.016842e-04 1.863729e+00
830 9.327934e-07 1.074244e-01 1.959184e+00
831 5.551555e-07 4.048462e-01 2.059159e+00
832 9.089069e-07 6.372113e-01 1.943426e+00
833 7.288446e-07 1.981087e-01 1.869919e+00
834 6.981702e-07 4.208637e-02 1.909454e+00
835 8.292944e-07 1.878113e-01 1.940274e+00
836 5.205758e-07 3.722667e-01 1.954083e+00
837 6.951052e-07 3.352623e-01 1.889316e+00
838 5.527669e-07 2.047722e-01 1.899427e+00
839 8.007969e-07 4.487062e-01 1.922183e+00
840 5.207090e-07 3.497615e-01 1.900080e+00
841 9.241227e-07 7.747393e-01 1.904177e+00
842 5.697041e-07 3.835189e-01 1.968126e+00
843 7.610549e-07 3.358774e-01 1.929068e+00
844 5.680912e-07 2.535476e-01 1.919399e+00
845 7.989362e-07 4.063520e-01 1.965092e+00
846 5.005572e-07 3.734704e-01 1.924302e+00
847 8.483200e-07 6.947513e-01 1.924672e+00
848 6.248736e-07 2.633987e-01 1.894148e+00
849 8.017171e-07 2.830068e-01 1.962774e+00
850 5.325766e-07 3.357050e-01 1.934660e+00
851 8.041256e-07 5.098779e-01 1.922741e+00
852 5.048344e-07 3.721946e-01 1.968883e+00
853 6.941530e-07 3.750114e-01 2.039409e+00
854 4.066311e-07 4.142054e-01 1.955113e+00
855 4.270562e-07 5.023006e-02 1.932681e+00
856 3.747485e-07 1.224842e-01 1.934183e+00
857 5.404027e-07 4.420409e-01 1.928432e+00
858 4.277741e-07 2.084161e-01 1.919942e+00
859 5.020404e-07 1.736110e-01 1.948139e+00
860 4.457548e-07 1.121136e-01 1.929893e+00
861 4.910417e-07 1.015960e-01 2.019750e+00
862 4.384810e-07 1.070390e-01 1.928447e+00
863 4.388515e-07 8.447588e-04 1.918125e+00
864 4.239865e-07 3.387242e-02 1.964625e+00
865 5.659610e-07 3.348561e-01 1.914245e+00
866 4.645710e-07 1.791465e-01 2.019898e+00
867 4.294084e-07 7.568842e-02 2.262077e+00
868 3.624918e-07 1.558343e-01 1.879959e+00
869 4.509645e-07 2.440680e-01 1.982178e+00
870 2.568573e-07 4.304267e-01 2.014230e+00
871 3.455326e-07 3.452316e-01 1.928705e+00
872 2.391631e-07 3.078421e-01 1.934779e+00
873 3.130794e-07 3.090625e-01 1.919342e+00
874 3.131888e-07 3.493674e-04 1.938847e+00
875 5.376116e-07 7.165736e-01 1.919794e+00
876 3.254782e-07 3.945848e-01 1.942066e+00
877 4.928766e-07 5.143151e-01 1.893625e+00
878 3.239643e-07 3.427071e-01 1.926731e+00
879 4.141636e-07 2.784235e-01 1.918904e+00
880 2.652281e-07 3.596055e-01 1.934018e+00
881 4.105507e-07 5.479158e-01 1.938496e+00
882 2.799264e-07 3.181685e-01 1.924625e+00
883 3.882129e-07 3.868392e-01 1.932187e+00
884 2.947067e-07 2.408633e-01 1.924797e+00
885 2.200058e-07 2.534753e-01 1.917794e+00
886 2.122192e-07 3.539284e-02 1.974808e+00
887 2.314147e-07 9.045119e-02 1.934325e+00
888 2.821608e-07 2.192866e-01 1.964058e+00
889 2.362007e-07 1.628862e-01 1.953905e+00
890 2.826817e-07 1.967863e-01 1.949744e+00
891 2.391308e-07 1.540636e-01 1.932854e+00
892 2.219502e-07 7.184587e-02 1.924789e+00
893 3.653092e-07 6.459061e-01 1.878957e+00
894 2.344986e-07 3.580820e-01 1.920006e+00
895 2.818027e-07 2.017247e-01 1.923098e+00
896 2.141766e-07 2.399767e-01 1.864947e+00
897 2.954349e-07 3.793983e-01 1.898713e+00
898 2.337623e-07 2.087518e-01 1.964400e+00
899 3.134966e-07 3.410913e-01 1.984377e+00
900 2.774212e-07 1.150743e-01 1.954842e+00
901 3.401965e-07 2.262818e-01 1.944249e+00
902 2.147535e-07 3.687369e-01 1.889535e+00
903 2.836590e-07 3.208584e-01 1.848539e+00
904 1.900120e-07 3.301394e-01 1.914701e+00
905 2.293054e-07 2.067942e-01 2.004160e+00
906 1.907675e-07 1.680634e-01 2.004348e+00
907 1.792816e-07 6.020916e-02 1.873771e+00
908 1.512750e-07 1.562153e-01 1.943893e+00
909 1.883252e-07 2.449189e-01 1.970111e+00
910 1.696312e-07 9.926409e-02 1.968384e+00
911 2.605102e-07 5.357442e-01 1.917322e+00
912 1.769668e-07 3.206915e-01 1.913884e+00
913 2.301880e-07 3.007415e-01 1.999837e+00
914 1.677996e-07 2.710327e-01 1.918984e+00
915 2.206037e-07 3.146860e-01 1.909475e+00
916 1.524132e-07 3.091086e-01 1.929711e+00
917 1.967587e-07 2.909558e-01 1.943784e+00
918 1.266032e-07 3.565563e-01 1.899795e+00
919 1.930382e-07 5.247497e-01 1.899188e+00
920 1.378257e-07 2.860185e-01 1.912897e+00
921 1.186162e-07 1.393750e-01 1.878992e+00
922 1.429497e-07 2.051447e-01 1.928787e+00
923 1.209385e-07 1.539786e-01 1.893537e+00
924 1.316025e-07 8.817690e-02 2.069203e+00
925 1.749855e-07 3.296519e-01 1.994901e+00
926 1.482418e-07 1.528340e-01 1.914193e+00
927 1.445518e-07 2.489199e-02 1.915194e+00
928 1.044801e-07 2.772128e-01 1.808920e+00
929 1.227678e-07 1.750342e-01 1.974713e+00
930 8.799758e-08 2.832191e-01 1.858451e+00
931 8.679398e-08 1.367762e-02 1.913544e+00
932 7.974703e-08 8.119171e-02 1.863780e+00
933 8.794545e-08 1.028053e-01 1.890010e+00
934 7.334616e-08 1.660039e-01 1.899704e+00
935 8.758798e-08 1.941726e-01 1.873026e+00
936 7.542593e-08 1.388553e-01 1.813555e+00
937 1.009992e-07 3.390512e-01 1.802970e+00
938 7.022647e-08 3.046827e-01 1.888700e+00
939 1.103503e-07 5.713487e-01 1.889273e+00
940 6.380260e-08 4.218174e-01 1.919196e+00
941 1.032817e-07 6.187697e-01 1.875075e+00
942 7.713424e-08 2.531666e-01 1.843011e+00
943 8.607930e-08 1.159674e-01 1.829838e+00
944 7.960800e-08 7.517840e-02 1.834683e+00
945 8.686482e-08 9.115697e-02 1.949152e+00
946 7.865955e-08 9.446029e-02 2.017325e+00
947 8.513594e-08 8.233446e-02 1.914126e+00
948 7.183430e-08 1.562400e-01 1.943995e+00
949 6.983085e-08 2.788987e-02 1.879399e+00
950 5.943222e-08 1.489117e-01 1.908431e+00
951 7.256604e-08 2.209882e-01 1.884502e+00
952 6.193391e-08 1.465166e-01 1.844603e+00
953 6.999964e-08 1.302313e-01 1.895261e+00
954 8.787361e-08 2.553438e-01 1.793998e+00
955 5.480430e-08 3.763281e-01 1.809716e+00
956 5.253449e-08 4.141670e-02 1.843376e+00
957 4.686441e-08 1.079306e-01 1.890407e+00
958 7.759921e-08 6.558239e-01 1.918320e+00
959 4.296567e-08 4.463131e-01 1.929586e+00
960 7.022583e-08 6.344639e-01 2.044745e+00
961 3.630981e-08 4.829565e-01 2.073446e+00
962 6.432980e-08 7.716918e-01 1.845147e+00
963 4.654606e-08 2.764463e-01 1.953720e+00
964 7.054534e-08 5.156027e-01 1.884143e+00
965 4.089767e-08 4.202640e-01 1.899822e+00
966 6.060943e-08 4.819775e-01 1.939252e+00
967 4.671672e-08 2.292170e-01 1.854382e+00
968 3.840726e-08 1.778690e-01 1.924097e+00
969 3.842519e-08 4.668848e-04 1.898349e+00
970 5.799891e-08 5.093981e-01 1.850029e+00
971 4.094678e-08 2.940077e-01 1.868817e+00
972 6.443576e-08 5.736464e-01 1.888706e+00
973 4.770144e-08 2.597054e-01 1.909991e+00
974 4.148797e-08 1.302576e-01 1.899096e+00
975 5.388445e-08 2.987970e-01 1.938006e+00
976 4.087409e-08 2.414492e-01 1.942365e+00
977 3.892108e-08 4.778107e-02 1.915057e+00
978 5.181393e-08 3.312562e-01 1.903754e+00
979 3.952701e-08 2.371355e-01 1.895015e+00
980 4.889437e-08 2.369865e-01 1.944320e+00
981 3.458903e-08 2.925765e-01 1.948663e+00
982 3.916858e-08 1.323987e-01 1.898083e+00
983 3.716972e-08 5.103213e-02 1.954837e+00
984 3.865642e-08 3.999761e-02 1.919363e+00
985 3.388461e-08 1.234415e-01 1.859703e+00
986 3.767852e-08 1.119654e-01 1.879086e+00
987 3.241681e-08 1.396475e-01 1.868723e+00
988 2.766717e-08 1.465178e-01 1.834085e+00
989 2.819476e-08 1.906933e-02 1.874801e+00
990 3.735121e-08 3.247571e-01 1.842484e+00
991 3.207343e-08 1.413015e-01 1.890140e+00
992 1.983599e-08 3.815446e-01 1.903902e+00
993 1.928418e-08 2.781852e-02 1.889297e+00
994 4.280163e-08 1.219521e+00 1.894625e+00
995 1.809763e-08 5.771743e-01 1.884359e+00
996 2.532497e-08 3.993529e-01 1.907983e+00
997 2.148585e-08 1.515942e-01 1.923597e+00
998 2.513220e-08 1.697095e-01 2.038789e+00
999 2.018374e-08 1.968974e-01 2.215197e+00
1000 2.165024e-08 7.265757e-02 1.953844e+00
1001 1.863747e-08 1.391564e-01 1.874668e+00
1002 1.752356e-08 5.976720e-02 1.923146e+00
1003 1.729882e-08 1.282520e-02 1.923641e+00
1004 2.309425e-08 3.350189e-01 1.909681e+00
1005 1.726721e-08 2.523156e-01 1.904810e+00
1006 1.684242e-08 2.460071e-02 1.934101e+00
1007 1.318024e-08 2.174378e-01 1.918242e+00
1008 2.318086e-08 7.587584e-01 1.899442e+00
1009 2.291784e-08 1.134664e-02 1.834382e+00
1010 1.988970e-08 1.321300e-01 2.013820e+00
1011 1.768260e-08 1.109673e-01 1.933974e+00
1012 1.672025e-08 5.442314e-02 1.974188e+00
1013 1.490284e-08 1.086952e-01 1.944400e+00
1014 1.526360e-08 2.420722e-02 1.930030e+00
1015 1.569225e-08 2.808318e-02 1.949856e+00
1016 1.712128e-08 9.106605e-02 1.920194e+00
1017 1.732923e-08 1.214576e-02 1.904281e+00
1018 1.676815e-08 3.237782e-02 1.983926e+00
1019 1.680656e-08 2.290748e-03 1.944180e+00
1020 1.349885e-08 1.968108e-01 1.969652e+00
1021 1.191025e-08 1.176840e-01 1.918248e+00
1022 1.600481e-08 3.437842e-01 1.870273e+00
1023 1.426679e-08 1.085935e-01 1.958462e+00
1024 1.526183e-08 6.974536e-02 1.934186e+00
1025 1.086090e-08 2.883617e-01 1.903937e+00
1026 1.466905e-08 3.506292e-01 1.883487e+00
1027 8.316512e-09 4.330573e-01 1.926514e+00
1028 1.532439e-08 8.426461e-01 2.099222e+00
1029 1.020905e-08 3.338037e-01 2.181842e+00
1030 1.087864e-08 6.558741e-02 1.887693e+00
1031 8.570495e-09 2.121719e-01 1.926906e+00
1032 1.285389e-08 4.997836e-01 1.897991e+00
1033 9.912886e-09 2.288026e-01 1.848301e+00
1034 1.422530e-08 4.350312e-01 1.903232e+00
1035 1.055883e-08 2.577431e-01 1.939479e+00
1036 1.458633e-08 3.814349e-01 1.938107e+00
1037 9.364454e-09 3.579981e-01 1.949799e+00
1038 1.450376e-08 5.488096e-01 1.969617e+00
1039 8.451629e-09 4.172800e-01 1.932580e+00
1040 1.128818e-08 3.356216e-01 1.913761e+00
1041 7.972901e-09 2.936946e-01 1.914421e+00
1042 6.518640e-09 1.824005e-01 1.919025e+00
1043 7.108313e-09 9.045954e-02 1.920326e+00
1044 9.393728e-09 3.215129e-01 1.943465e+00
1045 7.995693e-09 1.488264e-01 1.889651e+00
1046 8.266466e-09 3.386491e-02 1.844516e+00
1047 6.711873e-09 1.880602e-01 1.833422e+00
1048 8.311031e-09 2.382580e-01 1.874025e+00
1049 6.834235e-09 1.776910e-01 1.892336e+00
1050 6.410770e-09 6.196232e-02 1.934835e+00
1051 7.895164e-09 2.315470e-01 1.949607e+00
1052 5.596664e-09 2.911276e-01 1.909330e+00
1053 7.063022e-09 2.620056e-01 1.939068e+00
1054 7.086256e-09 3.289538e-03 1.996971e+00
1055 8.375778e-09 1.819751e-01 2.121033e+00
1056 7.972270e-09 4.817565e-02 1.990019e+00
1057 7.392666e-09 7.270246e-02 1.907992e+00
1058 6.017358e-09 1.860368e-01 1.914607e+00
1059 9.454546e-09 5.712122e-01 1.925154e+00
1060 5.228508e-09 4.469848e-01 1.929815e+00
1061 6.215485e-09 1.887684e-01 1.879884e+00
1062 5.800781e-09 6.672097e-02 1.857914e+00
1063 7.174199e-09 2.367643e-01 1.899595e+00
1064 5.733196e-09 2.008591e-01 1.983116e+00
1065 5.893365e-09 2.793708e-02 1.889470e+00
1066 3.627265e-09 3.845171e-01 1.935096e+00
1067 4.740038e-09 3.067801e-01 1.999587e+00
1068 4.504813e-09 4.962523e-02 2.034494e+00
1069 6.799470e-09 5.093790e-01 1.899903e+00
1070 5.127222e-09 2.459379e-01 1.804246e+00
1071 4.285453e-09 1.641764e-01 1.809221e+00
1072 4.845444e-09 1.306724e-01 1.865112e+00
1073 2.805918e-09 4.209162e-01 1.854137e+00
1074 4.312382e-09 5.368881e-01 1.845340e+00
1075 3.363353e-09 2.200707e-01 1.894175e+00
1076 2.974412e-09 1.156410e-01 1.853707e+00
1077 3.526118e-09 1.854841e-01 1.873187e+00
1078 3.659337e-09 3.778061e-02 1.885329e+00
1079 3.249809e-09 1.119132e-01 1.823181e+00
1080 4.971097e-09 5.296583e-01 1.963925e+00
1081 2.845143e-09 4.276630e-01 2.063825e+00
1082 5.050148e-09 7.750066e-01 2.006996e+00
1083 2.908875e-09 4.240021e-01 1.879570e+00
1084 4.534084e-09 5.587072e-01 1.908590e+00
1085 2.937522e-09 3.521245e-01 1.930248e+00
1086 3.834999e-09 3.055218e-01 1.899290e+00
1087 2.377905e-09 3.799465e-01 1.959015e+00
1088 4.359066e-09 8.331543e-01 1.933859e+00
1089 3.767606e-09 1.356851e-01 1.924310e+00
1090 3.607410e-09 4.251936e-02 1.919448e+00
1091 3.558979e-09 1.342549e-02 1.938262e+00
1092 3.144493e-09 1.164619e-01 1.915298e+00
1093 3.078987e-09 2.083192e-02 1.938544e+00
1094 4.469250e-09 4.515326e-01 2.069193e+00
1095 4.069171e-09 8.951821e-02 2.047598e+00
1096 3.253579e-09 2.004320e-01 1.878062e+00
1097 2.204696e-09 3.223782e-01 1.798320e+00
1098 4.831865e-09 1.191624e+00 1.748159e+00
1099 2.109247e-09 5.634715e-01 1.779303e+00
1100 3.133896e-09 4.857888e-01 1.859451e+00
1101 2.418405e-09 2.283071e-01 1.883163e+00
1102 3.158773e-09 3.061390e-01 1.880128e+00
1103 2.591331e-09 1.796400e-01 1.932246e+00
1104 2.495990e-09 3.679219e-02 1.903277e+00
1105 2.222350e-09 1.096318e-01 1.929402e+00
1106 3.128106e-09 4.075666e-01 1.884375e+00
1107 3.188818e-09 1.940858e-02 1.893399e+00
1108 3.348407e-09 5.004620e-02 1.903896e+00
1109 2.002017e-09 4.020986e-01 1.878317e+00
1110 3.018730e-09 5.078444e-01 1.962566e+00
1111 1.667711e-09 4.475454e-01 2.089747e+00
1112 2.674111e-09 6.034613e-01 1.904477e+00
1113 2.066038e-09 2.273926e-01 1.824640e+00
1114 2.898040e-09 4.027042e-01 1.888288e+00
1115 1.863484e-09 3.569846e-01 1.884451e+00
1116 2.556046e-09 3.716490e-01 1.908187e+00
1117 1.962221e-09 2.323217e-01 1.892690e+00
1118 2.726376e-09 3.894337e-01 1.859673e+00
1119 1.691353e-09 3.796333e-01 1.903851e+00
1120 2.099357e-09 2.412296e-01 1.922276e+00
1121 1.946053e-09 7.302433e-02 2.013551e+00
1122 2.471837e-09 2.701799e-01 1.959061e+00
1123 1.531376e-09 3.804704e-01 1.892221e+00
1124 2.086407e-09 3.624394e-01 1.919804e+00
1125 1.416878e-09 3.209004e-01 1.909217e+00
1126 2.153730e-09 5.200527e-01 1.854426e+00
1127 1.324362e-09 3.850844e-01 1.899609e+00
1128 2.073750e-09 5.658481e-01 1.889268e+00
1129 1.247206e-09 3.985744e-01 1.918623e+00
1130 1.866107e-09 4.962294e-01 1.894349e+00
1131 1.897738e-09 1.695022e-02 1.838369e+00
1132 1.639485e-09 1.360845e-01 1.874917e+00
1133 7.685962e-10 5.311966e-01 1.893582e+00
1134 1.168662e-09 5.205145e-01 1.809451e+00
1135 1.520288e-09 3.008796e-01 1.809525e+00
1136 8.514150e-10 4.399646e-01 1.864038e+00
1137 1.017927e-09 1.955712e-01 1.849353e+00
1138 9.866687e-10 3.070804e-02 1.774997e+00
1139 9.102388e-10 7.746265e-02 1.758554e+00
1140 1.301111e-09 4.294168e-01 1.919128e+00
1141 8.121254e-10 3.758214e-01 2.113642e+00
1142 7.590903e-10 6.530398e-02 2.047650e+00
1143 8.137505e-10 7.200746e-02 1.895257e+00
1144 1.336765e-09 6.427206e-01 1.896216e+00
1145 8.386812e-10 3.726037e-01 1.974182e+00
1146 1.105962e-09 3.186921e-01 1.917137e+00
1147 7.633743e-10 3.097647e-01 1.879470e+00
1148 9.427945e-10 2.350358e-01 1.869365e+00
1149 8.115639e-10 1.391932e-01 1.923932e+00
1150 1.080691e-09 3.316149e-01 1.910673e+00
1151 6.956976e-10 3.562472e-01 1.923904e+00
1152 1.063971e-09 5.293591e-01 1.907247e+00
1153 7.907474e-10 2.567965e-01 1.909099e+00
1154 1.037285e-09 3.117775e-01 1.998827e+00
1155 6.981782e-10 3.269174e-01 2.120919e+00
1156 1.212224e-09 7.362672e-01 1.894980e+00
1157 6.673221e-10 4.495059e-01 1.869205e+00
1158 9.906870e-10 4.845709e-01 1.885052e+00
1159 7.869003e-10 2.057024e-01 1.834646e+00
1160 9.071242e-10 1.527815e-01 1.795173e+00
1161 6.843566e-10 2.455756e-01 1.759385e+00
1162 8.961397e-10 3.094632e-01 1.835340e+00
1163 6.738028e-10 2.481052e-01 1.907763e+00
1164 8.726803e-10 2.951568e-01 1.904115e+00
1165 6.943657e-10 2.043298e-01 1.839920e+00
1166 6.649983e-10 4.229385e-02 1.899727e+00
1167 5.543843e-10 1.663372e-01 1.913213e+00
1168 7.576340e-10 3.666223e-01 2.064344e+00
1169 6.179027e-10 1.844311e-01 1.984331e+00
1170 5.593425e-10 9.477263e-02 1.847339e+00
1171 4.826435e-10 1.371235e-01 1.825259e+00
1172 4.220558e-10 1.255329e-01 1.824413e+00
1173 5.032129e-10 1.922899e-01 1.804176e+00
1174 5.783813e-10 1.493770e-01 1.811728e+00
1175 4.124701e-10 2.868545e-01 1.793873e+00
1176 5.700761e-10 3.821030e-01 1.909411e+00
1177 4.095837e-10 2.815280e-01 1.931957e+00
1178 5.189212e-10 2.669480e-01 1.904776e+00
1179 2.965080e-10 4.286069e-01 1.894650e+00
1180 7.358504e-10 1.481722e+00 1.903123e+00
1181 3.593636e-10 5.116349e-01 1.945503e+00
1182 6.683148e-10 8.597174e-01 2.009341e+00
1183 5.225206e-10 2.181521e-01 1.907220e+00
1184 2.795943e-10 4.649123e-01 1.878558e+00
1185 4.017447e-10 4.368844e-01 1.898184e+00
1186 3.800319e-10 5.404639e-02 1.774533e+00
1187 5.889859e-10 5.498327e-01 1.804090e+00
1188 4.287140e-10 2.721150e-01 1.934351e+00
1189 5.367696e-10 2.520461e-01 1.888350e+00
1190 3.376869e-10 3.708905e-01 1.898017e+00
1191 3.227213e-10 4.431793e-02 1.849663e+00
1192 3.265984e-10 1.201384e-02 1.934769e+00
1193 3.196295e-10 2.133773e-02 1.893180e+00
1194 4.080731e-10 2.767065e-01 1.839392e+00
1195 4.648936e-10 1.392408e-01 1.939058e+00
1196 3.265950e-10 2.974844e-01 1.959287e+00
1197 4.489945e-10 3.747747e-01 2.163711e+00
1198 3.785228e-10 1.569546e-01 1.868667e+00
1199 4.372599e-10 1.551746e-01 1.784306e+00
1200 3.592671e-10 1.783672e-01 1.784281e+00
1201 4.873858e-10 3.566114e-01 1.804803e+00
1202 3.234921e-10 3.362709e-01 1.779617e+00
1203 4.517946e-10 3.966170e-01 1.759767e+00
1204 3.264380e-10 2.774637e-01 1.769619e+00
1205 4.582665e-10 4.038395e-01 1.748652e+00
1206 2.888574e-10 3.696738e-01 1.768647e+00
1207 3.603271e-10 2.474222e-01 1.788350e+00
1208 2.668571e-10 2.594032e-01 1.719677e+00
1209 3.762278e-10 4.098476e-01 1.884490e+00
1210 2.501555e-10 3.350958e-01 1.759808e+00
1211 3.371350e-10 3.477019e-01 1.669668e+00
1212 2.497987e-10 2.590542e-01 1.667953e+00
1213 2.088774e-10 1.638174e-01 1.728931e+00
1214 2.832578e-10 3.560960e-01 1.699745e+00
1215 2.791394e-10 1.453931e-02 1.952604e+00
1216 3.305278e-10 1.840960e-01 1.977109e+00
1217 2.920981e-10 1.162677e-01 1.875068e+00
1218 2.315247e-10 2.073736e-01 1.813977e+00
1219 1.894725e-10 1.816313e-01 1.773454e+00
1220 2.598092e-10 3.712233e-01 1.759130e+00
1221 2.280962e-10 1.220625e-01 1.809132e+00
1222 2.621087e-10 1.491145e-01 1.713967e+00
1223 1.868404e-10 2.871642e-01 1.753790e+00
1224 1.955008e-10 4.635188e-02 1.718779e+00
1225 1.861037e-10 4.806706e-02 1.756910e+00
1226 1.846990e-10 7.547697e-03 1.905308e+00
1227 1.344987e-10 2.717951e-01 1.779374e+00
1228 1.445050e-10 7.439637e-02 1.803437e+00
1229 1.575862e-10 9.052425e-02 1.779783e+00
1230 1.328185e-10 1.571688e-01 1.812342e+00
1231 1.927609e-10 4.513104e-01 1.767961e+00
1232 1.500059e-10 2.218034e-01 1.759648e+00
1233 1.694137e-10 1.293803e-01 1.798782e+00
1234 1.429200e-10 1.563846e-01 1.717539e+00
1235 1.364654e-10 4.516243e-02 1.763965e+00
1236 1.506677e-10 1.040726e-01 1.775042e+00
1237 1.827652e-10 2.130354e-01 1.833906e+00
1238 1.241898e-10 3.204957e-01 1.734380e+00
1239 1.560021e-10 2.561590e-01 1.745137e+00
1240 1.000449e-10 3.586954e-01 1.845138e+00
1241 1.489063e-10 4.883956e-01 1.953099e+00
1242 1.034726e-10 3.051164e-01 1.759364e+00
1243 1.555516e-10 5.033122e-01 1.719141e+00
1244 1.163715e-10 2.518785e-01 1.721875e+00
1245 1.425940e-10 2.253351e-01 1.754287e+00
1246 9.776480e-11 3.143837e-01 1.773879e+00
