1 2.203746e-01 1.000000e+00 2.982215e+00
2 9.835727e-02 5.536816e-01 2.987093e+00
3 7.837711e-02 2.031386e-01 2.960993e+00
4 3.407928e-02 5.651884e-01 3.121780e+00
5 2.651065e-02 2.220887e-01 2.953386e+00
6 2.375365e-02 1.039962e-01 2.813780e+00
7 1.344799e-02 4.338558e-01 3.016184e+00
8 1.185023e-02 1.188099e-01 3.134666e+00
9 8.975339e-03 2.426024e-01 3.134775e+00
10 7.074573e-03 2.117765e-01 2.940614e+00
11 6.848881e-03 3.190191e-02 2.882666e+00
12 6.616373e-03 3.394833e-02 2.757369e+00
13 5.372295e-03 1.880302e-01 3.023483e+00
14 5.241587e-03 2.433003e-02 2.862231e+00
15 4.581707e-03 1.258932e-01 3.008930e+00
16 4.429973e-03 3.311723e-02 2.890820e+00
17 4.234550e-03 4.411395e-02 2.904177e+00
18 3.932364e-03 7.136191e-02 3.143028e+00
19 3.903338e-03 7.381358e-03 2.958877e+00
20 3.809167e-03 2.412586e-02 3.136311e+00
21 3.076185e-03 1.924258e-01 2.917346e+00
22 2.864301e-03 6.887893e-02 2.869127e+00
23 2.695549e-03 5.891528e-02 3.206013e+00
24 2.668207e-03 1.014363e-02 2.898087e+00
25 2.547051e-03 4.540728e-02 2.876387e+00
26 2.387611e-03 6.259773e-02 2.891104e+00
27 2.306001e-03 3.418060e-02 3.030099e+00
28 2.277474e-03 1.237086e-02 3.030655e+00
29 2.267141e-03 4.536944e-03 2.897687e+00
30 2.249430e-03 7.812023e-03 2.996183e+00
31 2.247121e-03 1.026381e-03 3.106619e+00
32 2.234221e-03 5.740773e-03 3.358429e+00
33 2.212313e-03 9.805656e-03 3.030282e+00
34 2.095217e-03 5.292946e-02 2.974392e+00
35 2.041557e-03 2.561038e-02 3.009028e+00
36 1.967998e-03 3.603102e-02 3.016938e+00
37 1.966427e-03 7.984400e-04 3.016817e+00
38 1.878969e-03 4.447528e-02 3.023304e+00
39 1.853127e-03 1.375340e-02 3.044745e+00
40 1.842956e-03 5.488718e-03 2.961908e+00
41 1.784071e-03 3.195139e-02 2.981308e+00
42 1.713589e-03 3.950606e-02 2.974354e+00
43 1.653423e-03 3.511147e-02 3.331285e+00
44 1.645957e-03 4.514975e-03 3.165824e+00
45 1.640640e-03 3.230515e-03 3.044220e+00
46 1.638124e-03 1.533375e-03 3.352674e+00
47 1.638836e-03 4.346561e-04 3.289307e+00
48 1.636993e-03 1.124996e-03 3.037499e+00
49 1.607907e-03 1.776793e-02 3.283130e+00
50 1.528321e-03 4.949668e-02 3.184096e+00
51 1.518448e-03 6.459879e-03 2.953938e+00
52 1.433799e-03 5.574716e-02 3.120894e+00
53 1.421059e-03 8.885432e-03 2.903296e+00
54 1.387158e-03 2.385594e-02 2.905489e+00
55 1.387646e-03 3.519229e-04 2.869558e+00
56 1.378959e-03 6.260499e-03 2.785395e+00
57 1.379923e-03 6.991450e-04 2.807377e+00
58 1.379013e-03 6.592444e-04 2.911513e+00
59 1.397093e-03 1.311050e-02 2.953467e+00
60 1.357329e-03 2.846155e-02 2.926100e+00
61 1.347364e-03 7.342236e-03 2.994700e+00
62 1.230587e-03 8.667073e-02 2.932526e+00
63 1.125589e-03 8.532310e-02 2.932113e+00
64 1.078611e-03 4.173650e-02 2.975149e+00
65 1.072117e-03 6.021179e-03 2.848643e+00
66 1.072021e-03 8.913301e-05 2.826583e+00
67 9.987185e-04 6.837788e-02 2.855513e+00
68 8.402522e-04 1.586696e-01 3.079623e+00
69 8.220192e-04 2.169940e-02 2.883601e+00
70 8.259829e-04 4.821885e-03 2.932649e+00
71 8.148606e-04 1.346556e-02 2.918660e+00
72 8.166577e-04 2.205465e-03 2.981968e+00
73 8.173430e-04 8.390710e-04 3.002570e+00
74 8.175337e-04 2.333638e-04 2.946347e+00
75 8.153496e-04 2.671548e-03 3.204824e+00
76 8.037600e-04 1.421423e-02 3.338996e+00
77 6.438455e-04 1.989580e-01 2.862164e+00
78 6.364761e-04 1.144593e-02 2.849097e+00
79 3.519630e-04 4.470131e-01 2.918673e+00
80 3.529305e-04 2.748812e-03 3.205712e+00
81 2.939738e-04 1.670490e-01 3.142851e+00
82 2.334993e-04 2.057139e-01 2.989507e+00
83 2.170211e-04 7.057073e-02 3.024432e+00
84 2.127153e-04 1.984042e-02 3.212448e+00
85 2.037233e-04 4.227225e-02 3.100658e+00
86 1.924521e-04 5.532627e-02 3.192339e+00
87 1.932383e-04 4.085473e-03 3.117184e+00
88 1.695105e-04 1.227906e-01 2.912091e+00
89 1.552509e-04 8.412184e-02 2.876461e+00
90 1.508878e-04 2.810402e-02 3.183915e+00
91 1.476576e-04 2.140780e-02 2.925934e+00
92 1.447478e-04 1.970649e-02 3.003254e+00
93 1.459120e-04 8.042986e-03 2.911737e+00
94 1.450010e-04 6.243627e-03 2.981539e+00
95 1.454504e-04 3.099536e-03 2.883427e+00
96 1.446152e-04 5.742289e-03 2.848997e+00
97 1.420830e-04 1.750953e-02 2.819892e+00
98 1.425562e-04 3.329963e-03 2.975261e+00
99 1.456990e-04 2.204644e-02 3.127757e+00
100 1.624714e-04 1.151164e-01 2.856442e+00
101 1.399735e-04 1.384729e-01 2.918560e+00
102 1.296153e-04 7.400092e-02 3.023789e+00
103 1.380626e-04 6.517198e-02 2.848347e+00
104 1.214477e-04 1.203433e-01 2.933139e+00
105 1.068614e-04 1.201039e-01 3.009343e+00
106 1.064441e-04 3.904406e-03 3.099572e+00
107 1.077426e-04 1.219859e-02 2.876757e+00
108 1.113117e-04 3.312587e-02 3.177764e+00
109 8.541409e-05 2.326583e-01 2.933346e+00
110 9.045459e-05 5.901252e-02 2.960327e+00
111 8.578182e-05 5.165868e-02 3.288671e+00
112 8.337638e-05 2.804136e-02 3.073060e+00
113 8.432728e-05 1.140490e-02 2.855022e+00
114 8.946308e-05 6.090312e-02 2.848348e+00
115 8.561696e-05 4.299110e-02 2.890804e+00
116 7.204378e-05 1.585338e-01 2.904392e+00
117 6.972334e-05 3.220883e-02 2.869301e+00
118 7.414502e-05 6.341763e-02 2.855281e+00
119 6.609623e-05 1.085548e-01 2.898075e+00
120 6.612753e-05 4.735484e-04 2.946000e+00
121 6.796429e-05 2.777610e-02 2.764696e+00
122 6.491302e-05 4.489517e-02 2.807567e+00
123 6.514026e-05 3.500623e-03 2.834912e+00
124 6.021662e-05 7.558518e-02 2.813701e+00
125 5.106499e-05 1.519785e-01 2.869254e+00
126 5.175507e-05 1.351381e-02 2.834589e+00
127 4.528777e-05 1.249597e-01 2.807197e+00
128 3.805089e-05 1.597976e-01 2.820371e+00
129 3.026795e-05 2.045402e-01 2.849250e+00
130 3.392137e-05 1.207025e-01 2.862169e+00
131 3.266368e-05 3.707662e-02 2.841366e+00
132 3.436796e-05 5.217662e-02 2.989538e+00
133 3.062087e-05 1.090286e-01 3.050633e+00
134 2.736096e-05 1.064603e-01 2.701747e+00
135 2.562626e-05 6.340074e-02 2.681165e+00
136 2.516748e-05 1.790253e-02 2.651996e+00
137 2.441559e-05 2.987567e-02 2.800373e+00
138 2.390352e-05 2.097304e-02 2.820970e+00
139 2.425138e-05 1.455278e-02 2.946665e+00
140 2.202577e-05 9.177261e-02 2.925440e+00
141 1.994680e-05 9.438823e-02 2.883575e+00
142 1.897219e-05 4.886028e-02 2.820844e+00
143 1.985479e-05 4.652049e-02 2.785411e+00
144 1.784579e-05 1.011844e-01 2.925116e+00
145 1.606098e-05 1.000129e-01 3.066060e+00
146 1.582666e-05 1.458962e-02 3.068679e+00
147 1.669757e-05 5.502831e-02 2.853530e+00
148 1.550448e-05 7.145305e-02 2.909719e+00
149 1.542837e-05 4.908891e-03 2.884351e+00
150 1.709925e-05 1.082988e-01 2.939422e+00
151 1.720962e-05 6.455197e-03 2.874336e+00
152 1.557903e-05 9.474900e-02 2.953668e+00
153 1.512211e-05 2.932909e-02 2.925812e+00
154 2.945432e-05 9.477653e-01 2.896646e+00
155 1.703350e-05 4.216977e-01 2.945953e+00
156 1.607402e-05 5.632898e-02 2.946908e+00
157 1.757668e-05 9.348389e-02 3.010383e+00
158 1.387076e-05 2.108432e-01 3.120707e+00
159 1.671023e-05 2.047090e-01 2.939029e+00
160 1.373891e-05 1.778142e-01 2.919084e+00
161 1.297227e-05 5.580110e-02 2.807062e+00
162 1.199714e-05 7.517014e-02 2.932885e+00
163 1.173524e-05 2.183010e-02 3.000139e+00
164 1.580810e-05 3.470620e-01 2.919661e+00
165 1.177159e-05 2.553446e-01 3.016086e+00
166 1.062312e-05 9.756251e-02 2.862433e+00
167 1.056807e-05 5.181926e-03 2.856552e+00
168 9.878704e-06 6.523116e-02 2.897486e+00
169 8.997203e-06 8.923244e-02 2.897398e+00
170 1.239959e-05 3.781603e-01 2.827899e+00
171 9.672829e-06 2.199073e-01 2.882934e+00
172 1.021611e-05 5.616616e-02 2.841552e+00
173 9.535128e-06 6.665806e-02 2.862822e+00
174 9.297838e-06 2.488583e-02 2.883748e+00
175 8.336127e-06 1.034339e-01 2.904733e+00
176 1.088293e-05 3.055137e-01 2.904928e+00
177 9.549229e-06 1.225497e-01 2.905120e+00
178 8.453892e-06 1.147042e-01 2.813689e+00
179 8.350148e-06 1.227176e-02 2.841652e+00
180 7.757809e-06 7.093747e-02 2.778427e+00
181 7.592498e-06 2.130908e-02 2.874958e+00
182 7.865531e-06 3.596096e-02 2.925551e+00
183 7.583762e-06 3.582329e-02 2.926091e+00
184 7.673672e-06 1.185559e-02 2.946883e+00
185 7.532079e-06 1.845184e-02 2.904002e+00
186 7.586732e-06 7.256061e-03 2.905607e+00
187 8.988896e-06 1.848180e-01 2.953262e+00
188 8.225569e-06 8.491889e-02 3.084354e+00
189 7.199340e-06 1.247609e-01 2.945667e+00
190 6.996443e-06 2.818268e-02 2.820670e+00
191 7.869300e-06 1.247573e-01 2.890819e+00
192 6.951334e-06 1.166515e-01 2.897472e+00
193 6.877699e-06 1.059307e-02 2.918257e+00
194 6.756431e-06 1.763192e-02 2.897468e+00
195 6.581792e-06 2.584784e-02 2.848711e+00
196 6.724278e-06 2.164842e-02 2.855026e+00
197 8.465599e-06 2.589604e-01 2.833978e+00
198 6.888976e-06 1.862388e-01 2.869733e+00
199 8.727202e-06 2.668359e-01 3.001019e+00
200 6.760567e-06 2.253454e-01 3.009270e+00
201 6.578595e-06 2.691668e-02 3.043417e+00
202 6.195586e-06 5.822052e-02 2.880413e+00
203 6.137691e-06 9.344533e-03 2.862782e+00
204 5.991486e-06 2.382091e-02 2.868850e+00
205 5.852921e-06 2.312687e-02 2.910240e+00
206 6.331468e-06 8.176204e-02 2.735775e+00
207 6.067589e-06 4.167734e-02 2.743527e+00
208 6.059852e-06 1.275191e-03 2.849641e+00
209 5.806339e-06 4.183492e-02 2.854322e+00
210 5.800457e-06 1.012992e-03 2.848036e+00
211 5.634272e-06 2.865023e-02 2.854841e+00
212 5.778098e-06 2.552689e-02 2.924020e+00
213 5.676456e-06 1.759083e-02 2.848818e+00
214 5.670113e-06 1.117514e-03 3.303919e+00
215 5.596331e-06 1.301247e-02 3.065882e+00
216 5.599094e-06 4.937242e-04 2.952850e+00
217 5.654140e-06 9.831359e-03 2.918750e+00
218 5.947195e-06 5.183011e-02 2.897790e+00
219 5.650837e-06 4.983166e-02 2.897828e+00
220 5.604312e-06 8.233174e-03 2.911648e+00
221 5.746034e-06 2.528793e-02 2.910852e+00
222 5.579080e-06 2.905550e-02 2.974851e+00
223 5.914118e-06 6.005267e-02 2.897934e+00
224 5.648882e-06 4.484804e-02 2.897921e+00
225 5.541443e-06 1.901951e-02 2.903668e+00
226 1.199140e-05 1.163948e+00 2.897419e+00
227 7.905468e-06 3.407382e-01 3.105551e+00
228 7.231900e-06 8.520279e-02 3.120182e+00
229 6.338217e-06 1.235751e-01 2.953779e+00
230 6.246619e-06 1.445172e-02 2.952370e+00
231 6.463656e-06 3.474462e-02 2.877145e+00
232 6.270369e-06 2.990358e-02 2.825890e+00
233 5.639099e-06 1.006751e-01 2.827715e+00
234 5.986049e-06 6.152570e-02 2.918674e+00
235 5.551420e-06 7.260687e-02 2.917785e+00
236 5.554275e-06 5.141634e-04 2.863093e+00
237 5.491884e-06 1.123284e-02 2.854211e+00
238 5.595350e-06 1.883968e-02 2.814251e+00
239 5.789805e-06 3.475308e-02 2.883540e+00
240 5.480409e-06 5.343821e-02 3.058207e+00
241 5.412640e-06 1.236560e-02 2.918571e+00
242 5.434245e-06 3.991495e-03 2.904147e+00
243 5.396874e-06 6.876897e-03 2.742858e+00
244 5.408127e-06 2.085158e-03 2.764499e+00
245 5.533663e-06 2.321245e-02 2.855681e+00
246 5.388880e-06 2.616400e-02 2.863159e+00
247 6.064451e-06 1.253639e-01 2.911841e+00
248 5.701066e-06 5.992059e-02 2.876748e+00
249 5.606501e-06 1.658722e-02 2.862818e+00
250 5.594238e-06 2.187276e-03 2.868965e+00
251 5.488119e-06 1.896929e-02 2.848892e+00
252 5.504831e-06 3.045157e-03 3.065725e+00
253 5.356817e-06 2.688803e-02 3.086273e+00
254 5.334519e-06 4.162665e-03 2.806592e+00
255 5.297241e-06 6.988022e-03 2.820057e+00
256 5.773476e-06 8.990244e-02 2.854967e+00
257 5.524652e-06 4.309771e-02 2.835319e+00
258 5.340210e-06 3.338533e-02 2.876724e+00
259 5.304027e-06 6.775487e-03 2.813248e+00
260 5.374516e-06 1.328972e-02 2.805089e+00
261 5.379681e-06 9.609476e-04 2.827489e+00
262 5.252263e-06 2.368512e-02 2.772335e+00
263 5.426407e-06 3.315610e-02 2.834092e+00
264 5.258968e-06 3.085629e-02 2.881676e+00
265 5.259720e-06 1.429410e-04 2.834089e+00
266 5.183216e-06 1.454532e-02 2.890726e+00
267 5.097902e-06 1.645963e-02 2.884085e+00
268 5.910298e-06 1.593588e-01 2.982130e+00
269 5.157832e-06 1.273143e-01 3.121609e+00
270 5.455795e-06 5.776905e-02 2.876785e+00
271 5.275298e-06 3.308354e-02 2.834569e+00
272 5.284959e-06 1.831436e-03 2.918991e+00
273 5.436902e-06 2.874993e-02 2.763290e+00
274 5.221862e-06 3.955181e-02 2.666711e+00
275 5.243926e-06 4.225334e-03 2.715748e+00
276 5.221518e-06 4.273132e-03 2.807080e+00
277 5.217851e-06 7.024033e-04 2.785624e+00
278 5.037092e-06 3.464231e-02 2.842312e+00
279 5.066021e-06 5.743015e-03 2.855702e+00
280 5.091558e-06 5.040929e-03 2.946445e+00
281 5.029367e-06 1.221459e-02 3.289794e+00
282 5.109934e-06 1.601933e-02 3.071921e+00
283 4.994826e-06 2.252618e-02 2.960007e+00
284 5.061760e-06 1.340057e-02 2.793041e+00
285 5.364703e-06 5.984942e-02 2.855257e+00
286 5.021625e-06 6.395098e-02 2.813786e+00
287 6.474657e-06 2.893549e-01 2.819247e+00
288 5.163011e-06 2.025816e-01 2.841840e+00
289 5.048777e-06 2.212533e-02 2.862914e+00
290 5.212473e-06 3.242277e-02 2.862606e+00
291 5.013426e-06 3.818656e-02 2.854197e+00
292 4.958088e-06 1.103806e-02 2.840610e+00
293 6.757738e-06 3.629726e-01 2.981945e+00
294 5.315996e-06 2.133468e-01 3.214213e+00
295 5.154732e-06 3.033562e-02 2.939732e+00
296 4.905623e-06 4.832633e-02 2.792441e+00
297 4.860439e-06 9.210552e-03 2.848371e+00
298 5.192609e-06 6.834157e-02 2.744339e+00
299 4.883727e-06 5.948497e-02 2.659169e+00
300 4.877063e-06 1.364641e-03 2.660278e+00
301 4.756784e-06 2.466206e-02 2.651219e+00
302 4.762797e-06 1.263965e-03 2.702154e+00
303 4.736772e-06 5.464218e-03 2.686789e+00
304 4.747098e-06 2.180091e-03 2.832307e+00
305 4.785767e-06 8.145885e-03 2.778765e+00
306 4.667947e-06 2.461895e-02 2.819773e+00
307 4.751180e-06 1.783086e-02 2.987820e+00
308 4.644365e-06 2.248194e-02 2.709204e+00
309 5.001603e-06 7.691867e-02 2.841586e+00
310 4.701195e-06 6.006229e-02 2.897509e+00
311 4.780734e-06 1.691889e-02 2.933030e+00
312 4.616948e-06 3.425971e-02 2.827561e+00
313 4.645850e-06 6.260027e-03 2.833270e+00
314 4.596042e-06 1.072086e-02 2.777117e+00
315 4.658455e-06 1.357965e-02 2.757491e+00
316 4.572413e-06 1.847000e-02 2.617845e+00
317 4.568034e-06 9.576889e-04 2.792260e+00
318 4.572805e-06 1.044310e-03 2.918677e+00
319 4.592827e-06 4.378444e-03 3.114242e+00
320 4.571391e-06 4.667300e-03 3.110345e+00
321 4.565470e-06 1.295251e-03 2.806990e+00
322 4.567000e-06 3.351725e-04 2.904714e+00
323 4.592547e-06 5.593819e-03 2.833758e+00
324 4.564699e-06 6.063567e-03 2.855821e+00
325 4.553607e-06 2.430104e-03 2.825555e+00
326 4.541918e-06 2.566942e-03 2.896116e+00
327 4.551554e-06 2.121506e-03 2.807437e+00
328 4.540693e-06 2.386238e-03 2.791244e+00
329 5.381897e-06 1.852591e-01 2.821494e+00
330 4.816806e-06 1.049985e-01 2.848180e+00
331 7.830041e-06 6.255670e-01 2.960599e+00
332 5.328328e-06 3.195020e-01 3.312082e+00
333 5.372560e-06 8.301323e-03 2.870350e+00
334 5.217403e-06 2.887941e-02 2.792282e+00
335 5.721569e-06 9.663152e-02 2.883197e+00
336 1.225020e-05 1.141056e+00 2.862805e+00
337 7.894725e-06 3.555431e-01 2.798424e+00
338 6.342535e-06 1.966110e-01 2.743012e+00
339 5.041667e-06 2.051023e-01 2.771274e+00
340 4.934170e-06 2.132155e-02 2.855212e+00
341 5.268124e-06 6.768189e-02 2.842046e+00
342 4.963737e-06 5.777911e-02 2.869370e+00
343 4.859101e-06 2.108010e-02 2.932885e+00
344 4.793121e-06 1.357853e-02 2.974522e+00
345 6.133820e-06 2.797130e-01 2.974693e+00
346 5.577694e-06 9.066546e-02 2.820812e+00
347 4.874017e-06 1.261591e-01 2.819196e+00
348 7.563637e-06 5.518281e-01 2.834896e+00
349 5.565226e-06 2.642130e-01 2.855387e+00
350 5.244789e-06 5.757837e-02 2.715529e+00
351 4.675558e-06 1.085326e-01 2.694188e+00
352 5.236297e-06 1.199297e-01 2.659609e+00
353 4.946118e-06 5.541676e-02 2.681089e+00
354 4.388061e-06 1.128273e-01 2.707879e+00
355 4.394911e-06 1.560973e-03 2.666802e+00
356 4.342678e-06 1.188475e-02 2.723438e+00
357 4.123150e-06 5.055137e-02 2.890905e+00
358 4.075566e-06 1.154069e-02 2.980113e+00
359 4.592661e-06 1.268767e-01 2.904702e+00
360 5.063173e-06 1.024487e-01 2.834076e+00
361 4.746261e-06 6.259159e-02 2.910591e+00
362 4.459222e-06 6.047669e-02 2.889191e+00
363 5.191267e-06 1.641642e-01 2.807440e+00
364 4.183063e-06 1.942115e-01 2.890689e+00
365 4.772074e-06 1.408084e-01 2.819989e+00
366 4.096822e-06 1.415006e-01 2.785394e+00
367 4.123247e-06 6.450069e-03 2.701136e+00
368 3.622015e-06 1.215624e-01 2.855710e+00
369 3.460823e-06 4.450359e-02 2.806860e+00
370 3.491040e-06 8.731360e-03 2.849003e+00
371 4.916537e-06 4.083300e-01 2.967874e+00
372 4.497490e-06 8.523216e-02 3.010578e+00
373 3.871085e-06 1.392788e-01 2.849173e+00
374 3.698994e-06 4.445543e-02 2.819223e+00
375 3.652653e-06 1.252812e-02 2.806570e+00
376 3.725254e-06 1.987640e-02 2.812877e+00
377 3.450110e-06 7.385915e-02 2.797285e+00
378 3.407876e-06 1.224150e-02 2.785822e+00
379 3.279060e-06 3.779949e-02 2.891184e+00
380 3.294466e-06 4.698302e-03 2.814020e+00
381 3.212800e-06 2.478860e-02 2.826006e+00
382 3.217086e-06 1.333894e-03 2.646317e+00
383 3.281566e-06 2.004307e-02 2.673727e+00
384 3.208347e-06 2.231232e-02 2.695068e+00
385 3.163211e-06 1.406840e-02 2.652138e+00
386 3.410636e-06 7.821982e-02 2.638205e+00
387 3.652535e-06 7.092482e-02 2.715506e+00
388 3.250647e-06 1.100298e-01 2.995735e+00
389 3.203149e-06 1.461188e-02 3.022913e+00
390 3.174712e-06 8.877806e-03 2.799001e+00
391 3.140721e-06 1.070700e-02 2.820899e+00
392 3.740146e-06 1.908559e-01 2.806799e+00
393 3.428704e-06 8.326998e-02 2.779537e+00
394 3.247753e-06 5.277544e-02 2.799011e+00
395 3.198924e-06 1.503465e-02 2.882082e+00
396 3.172325e-06 8.314888e-03 2.813565e+00
397 3.418546e-06 7.761517e-02 2.806680e+00
398 3.240164e-06 5.218059e-02 2.827651e+00
399 3.238219e-06 6.002350e-04 2.799766e+00
400 3.177278e-06 1.881935e-02 2.958654e+00
401 3.165839e-06 3.600287e-03 3.104998e+00
402 3.139854e-06 8.207940e-03 2.932357e+00
403 3.204518e-06 2.059459e-02 2.890467e+00
404 3.691210e-06 1.518768e-01 2.841896e+00
405 3.270583e-06 1.139536e-01 2.876652e+00
406 3.176393e-06 2.879928e-02 2.904146e+00
407 3.170599e-06 1.823831e-03 2.785868e+00
408 3.113361e-06 1.805272e-02 2.834803e+00
409 3.281013e-06 5.384899e-02 2.834803e+00
410 3.108179e-06 5.267689e-02 2.842005e+00
411 3.185103e-06 2.474889e-02 2.827233e+00
412 3.265620e-06 2.527902e-02 2.883196e+00
413 3.265224e-06 1.212209e-04 3.373012e+00
414 3.114695e-06 4.610048e-02 3.078506e+00
415 3.234727e-06 3.853727e-02 2.869229e+00
416 3.199552e-06 1.087410e-02 2.869132e+00
417 4.033838e-06 2.607508e-01 2.834985e+00
418 3.547384e-06 1.205933e-01 2.849222e+00
419 3.453829e-06 2.637306e-02 2.813230e+00
420 3.232038e-06 6.421584e-02 2.862503e+00
421 3.315634e-06 2.586478e-02 2.889762e+00
422 3.213070e-06 3.093356e-02 2.785783e+00
423 3.171798e-06 1.284505e-02 2.708009e+00
424 3.106455e-06 2.060136e-02 2.840912e+00
425 3.141652e-06 1.133049e-02 2.981381e+00
426 3.082743e-06 1.875093e-02 3.115416e+00
427 3.163617e-06 2.623420e-02 2.784448e+00
428 3.053375e-06 3.484680e-02 2.890879e+00
429 3.126296e-06 2.388205e-02 2.813780e+00
430 3.025129e-06 3.236005e-02 2.897362e+00
431 2.985247e-06 1.318359e-02 2.821437e+00
432 2.976366e-06 2.974745e-03 2.869742e+00
433 2.975261e-06 3.714658e-04 2.876111e+00
434 2.985194e-06 3.338520e-03 2.890996e+00
435 3.618582e-06 2.121765e-01 2.854705e+00
436 3.298418e-06 8.847765e-02 2.737187e+00
437 3.419749e-06 3.678465e-02 2.916287e+00
438 5.821080e-06 7.021951e-01 3.038329e+00
439 5.231886e-06 1.012173e-01 3.043213e+00
440 4.261756e-06 1.854264e-01 2.855745e+00
441 3.975401e-06 6.719187e-02 2.869590e+00
442 3.644201e-06 8.331238e-02 2.891129e+00
443 3.601714e-06 1.165859e-02 2.883583e+00
444 3.709836e-06 3.001960e-02 2.835328e+00
445 3.624538e-06 2.299256e-02 2.821483e+00
446 3.639171e-06 4.037313e-03 2.889429e+00
447 3.594549e-06 1.226173e-02 2.820478e+00
448 3.635035e-06 1.126332e-02 2.863557e+00
449 3.400193e-06 6.460532e-02 2.832517e+00
450 3.311841e-06 2.598436e-02 2.973090e+00
451 3.469231e-06 4.752360e-02 3.112271e+00
452 3.391852e-06 2.230449e-02 2.824053e+00
453 3.520306e-06 3.787138e-02 2.662847e+00
454 3.248177e-06 7.730268e-02 2.782067e+00
455 3.221386e-06 8.248064e-03 2.679302e+00
456 3.232239e-06 3.368971e-03 2.689748e+00
457 3.187804e-06 1.374743e-02 2.657793e+00
458 3.109229e-06 2.464855e-02 2.667804e+00
459 3.139959e-06 9.883540e-03 2.771208e+00
460 3.082491e-06 1.830214e-02 2.666452e+00
461 2.961445e-06 3.926891e-02 2.804637e+00
462 2.911652e-06 1.681391e-02 2.848594e+00
463 3.201161e-06 9.943124e-02 2.995216e+00
464 3.058246e-06 4.464457e-02 3.135536e+00
465 3.005580e-06 1.722121e-02 2.846562e+00
466 2.969669e-06 1.194783e-02 2.823879e+00
467 2.974678e-06 1.686520e-03 2.966346e+00
468 2.943600e-06 1.044747e-02 2.810103e+00
469 3.015003e-06 2.425713e-02 2.856558e+00
470 3.417791e-06 1.335946e-01 2.852026e+00
471 3.076359e-06 9.989864e-02 2.805513e+00
472 2.950941e-06 4.076821e-02 2.827154e+00
473 2.943996e-06 2.353334e-03 2.867689e+00
474 2.918820e-06 8.551699e-03 2.895918e+00
475 2.900958e-06 6.119495e-03 2.934364e+00
476 2.882217e-06 6.460292e-03 2.812155e+00
477 2.883747e-06 5.305207e-04 2.823445e+00
478 2.866617e-06 5.940084e-03 2.851128e+00
479 2.952582e-06 2.998833e-02 2.909010e+00
480 2.864990e-06 2.966605e-02 2.724401e+00
481 2.862809e-06 7.614274e-04 2.733622e+00
482 2.868376e-06 1.944756e-03 2.813645e+00
483 2.857419e-06 3.820159e-03 2.953415e+00
484 2.870595e-06 4.611171e-03 3.321965e+00
485 2.861534e-06 3.156348e-03 2.797892e+00
486 2.858123e-06 1.192227e-03 2.894814e+00
487 2.955614e-06 3.411024e-02 2.838937e+00
488 2.866680e-06 3.008974e-02 2.868491e+00
489 2.878593e-06 4.155710e-03 2.865576e+00
490 2.851475e-06 9.420838e-03 2.839157e+00
491 2.917419e-06 2.312646e-02 2.876621e+00
492 2.845335e-06 2.470808e-02 2.860069e+00
493 2.837339e-06 2.810140e-03 2.928128e+00
494 2.853454e-06 5.679295e-03 2.886661e+00
495 2.860187e-06 2.359930e-03 2.923042e+00
496 2.853821e-06 2.226011e-03 2.991013e+00
497 2.871689e-06 6.261101e-03 2.669319e+00
498 2.882226e-06 3.669463e-03 2.684745e+00
499 2.846495e-06 1.239715e-02 2.703474e+00
500 2.835470e-06 3.873235e-03 2.665888e+00
501 2.860208e-06 8.724515e-03 2.725479e+00
502 2.851975e-06 2.878500e-03 2.672473e+00
503 2.856378e-06 1.543812e-03 2.739906e+00
504 2.848199e-06 2.863236e-03 2.665352e+00
505 2.877823e-06 1.040078e-02 2.689857e+00
506 2.857374e-06 7.105445e-03 2.831800e+00
507 2.868195e-06 3.786831e-03 2.850401e+00
508 2.831735e-06 1.271191e-02 2.952840e+00
509 2.824782e-06 2.455387e-03 3.058675e+00
510 2.830370e-06 1.978382e-03 2.816397e+00
511 2.825077e-06 1.870041e-03 2.809676e+00
512 2.822223e-06 1.010289e-03 2.833403e+00
513 2.822059e-06 5.812640e-05 2.824120e+00
514 2.822592e-06 1.890183e-04 2.823720e+00
515 2.824335e-06 6.173610e-04 2.812942e+00
516 2.818781e-06 1.966318e-03 2.848074e+00
517 2.840105e-06 7.564650e-03 2.833832e+00
518 2.826547e-06 4.773614e-03 2.900896e+00
519 6.522714e-06 1.307662e+00 2.846187e+00
520 5.484693e-06 1.591394e-01 2.937677e+00
521 4.023680e-06 2.663801e-01 3.046541e+00
522 4.084113e-06 1.501948e-02 3.189841e+00
523 4.161233e-06 1.888275e-02 2.854220e+00
524 3.604969e-06 1.336776e-01 2.865713e+00
525 3.503156e-06 2.824240e-02 2.819123e+00
526 3.357878e-06 4.147082e-02 2.923451e+00
527 3.327608e-06 9.014389e-03 2.801917e+00
528 3.291518e-06 1.084570e-02 2.770027e+00
529 3.604001e-06 9.493593e-02 2.684484e+00
530 1.341268e-05 2.721608e+00 2.679120e+00
531 8.516976e-06 3.650057e-01 2.763844e+00
532 6.345870e-06 2.549151e-01 2.797008e+00
533 5.657943e-06 1.084054e-01 2.812188e+00
534 4.817652e-06 1.485153e-01 2.922890e+00
535 4.365021e-06 9.395264e-02 2.779274e+00
536 3.496840e-06 1.988951e-01 2.865542e+00
537 3.457168e-06 1.134515e-02 2.836458e+00
538 3.381853e-06 2.178524e-02 2.831313e+00
539 3.201378e-06 5.336564e-02 2.879079e+00
540 3.715181e-06 1.604944e-01 2.838971e+00
541 3.246492e-06 1.261553e-01 2.857704e+00
542 3.428363e-06 5.602080e-02 2.821671e+00
543 3.202910e-06 6.576115e-02 2.864837e+00
544 3.064394e-06 4.324687e-02 2.828119e+00
545 3.158233e-06 3.062258e-02 2.783729e+00
546 3.092104e-06 2.093889e-02 2.782330e+00
547 3.056048e-06 1.166050e-02 3.002808e+00
548 2.979637e-06 2.500332e-02 2.839792e+00
549 2.936388e-06 1.451465e-02 2.926476e+00
550 3.169918e-06 7.952967e-02 2.854185e+00
551 2.934407e-06 7.429583e-02 2.847928e+00
552 3.047493e-06 3.853794e-02 2.875850e+00
553 2.951583e-06 3.147158e-02 2.840505e+00
554 2.992104e-06 1.372838e-02 2.798532e+00
555 2.898895e-06 3.115168e-02 2.812743e+00
556 3.023669e-06 4.304199e-02 2.812525e+00
557 2.901310e-06 4.046716e-02 2.791937e+00
558 3.056412e-06 5.345936e-02 2.849047e+00
559 2.971557e-06 2.776289e-02 3.058700e+00
560 2.884822e-06 2.918828e-02 2.925331e+00
561 2.908278e-06 8.130683e-03 2.819522e+00
562 2.877773e-06 1.048913e-02 2.813635e+00
563 2.843822e-06 1.179746e-02 2.840855e+00
564 2.831811e-06 4.223457e-03 2.855056e+00
565 2.830046e-06 6.232978e-04 2.841212e+00
566 2.858521e-06 1.006166e-02 2.820434e+00
567 2.830859e-06 9.676980e-03 2.792602e+00
568 2.818577e-06 4.338765e-03 2.687159e+00
569 2.812686e-06 2.090043e-03 2.688042e+00
570 2.825583e-06 4.585409e-03 2.740846e+00
571 2.810686e-06 5.272430e-03 2.861507e+00
572 2.822888e-06 4.341558e-03 2.887285e+00
573 2.813183e-06 3.437978e-03 3.044146e+00
574 2.831867e-06 6.641410e-03 2.666154e+00
575 2.813187e-06 6.596290e-03 2.707843e+00
576 2.810846e-06 8.321541e-04 2.841257e+00
577 2.805618e-06 1.860029e-03 2.813567e+00
578 2.807287e-06 5.949794e-04 2.841683e+00
579 2.799867e-06 2.643120e-03 2.820335e+00
580 2.819107e-06 6.871566e-03 2.854431e+00
581 2.798147e-06 7.434991e-03 2.792859e+00
582 2.800210e-06 7.375565e-04 2.813446e+00
583 2.797535e-06 9.552802e-04 2.793512e+00
584 2.802779e-06 1.874381e-03 2.945861e+00
585 2.796947e-06 2.080713e-03 2.967595e+00
586 2.806006e-06 3.238934e-03 2.833618e+00
587 3.004120e-06 7.060339e-02 2.792052e+00
588 2.934924e-06 2.303365e-02 2.800286e+00
589 2.868667e-06 2.257535e-02 2.792066e+00
590 2.826012e-06 1.486940e-02 2.841125e+00
591 3.966384e-06 4.035271e-01 2.785320e+00
592 3.471603e-06 1.247437e-01 2.799601e+00
593 3.099297e-06 1.072430e-01 2.799815e+00
594 3.019962e-06 2.559777e-02 2.827678e+00
595 3.016487e-06 1.150744e-03 2.847135e+00
596 2.972372e-06 1.462469e-02 3.042580e+00
597 2.972025e-06 1.168087e-04 3.147903e+00
598 2.896101e-06 2.554628e-02 2.945896e+00
599 2.879801e-06 5.627999e-03 2.861671e+00
600 2.866002e-06 4.791835e-03 2.735592e+00
601 2.886562e-06 7.173979e-03 2.785913e+00
602 2.851666e-06 1.208942e-02 2.847668e+00
603 2.833435e-06 6.393089e-03 2.727430e+00
604 2.981287e-06 5.218150e-02 2.679731e+00
605 3.041437e-06 2.017575e-02 2.869107e+00
606 5.313301e-06 7.469705e-01 2.861653e+00
607 3.867572e-06 2.720962e-01 2.945617e+00
608 3.519229e-06 9.006761e-02 2.882269e+00
609 3.685352e-06 4.720448e-02 3.044508e+00
610 3.302011e-06 1.040176e-01 2.847047e+00
611 3.246691e-06 1.675325e-02 2.637431e+00
612 3.135812e-06 3.415146e-02 2.673889e+00
613 3.223297e-06 2.789885e-02 2.721697e+00
614 3.058846e-06 5.101975e-02 2.720722e+00
615 3.043471e-06 5.026174e-03 2.713971e+00
616 3.040053e-06 1.123288e-03 2.686101e+00
617 2.982110e-06 1.905973e-02 2.716518e+00
618 2.942194e-06 1.338529e-02 2.742187e+00
619 2.928028e-06 4.814508e-03 2.862222e+00
620 2.990281e-06 2.126089e-02 2.924105e+00
621 3.757404e-06 2.565389e-01 2.819925e+00
622 3.176799e-06 1.545231e-01 2.981860e+00
623 3.119095e-06 1.816395e-02 3.103473e+00
624 3.072239e-06 1.502230e-02 3.049502e+00
625 2.994701e-06 2.523834e-02 2.819853e+00
626 2.990371e-06 1.445924e-03 2.848777e+00
627 2.940062e-06 1.682378e-02 2.910575e+00
628 2.909025e-06 1.055662e-02 2.883405e+00
629 2.917744e-06 2.997224e-03 2.911339e+00
630 2.853152e-06 2.213765e-02 2.875508e+00
631 2.838588e-06 5.104435e-03 2.828254e+00
632 2.812790e-06 9.088210e-03 2.763886e+00
633 2.824901e-06 4.305543e-03 2.832598e+00
634 2.799652e-06 8.937997e-03 3.058742e+00
635 2.825037e-06 9.067352e-03 3.252486e+00
636 2.811515e-06 4.786690e-03 2.842060e+00
637 2.795529e-06 5.685768e-03 2.895745e+00
638 2.795113e-06 1.487118e-04 2.974040e+00
639 2.798867e-06 1.342936e-03 2.939587e+00
640 2.799350e-06 1.726551e-04 2.860996e+00
641 2.833463e-06 1.218590e-02 2.897735e+00
642 2.795910e-06 1.325331e-02 2.875365e+00
643 2.782080e-06 4.946540e-03 2.841186e+00
644 2.796589e-06 5.214981e-03 2.904766e+00
645 2.766904e-06 1.061464e-02 2.832946e+00
646 2.762349e-06 1.646322e-03 2.869547e+00
647 2.744165e-06 6.582666e-03 2.797767e+00
648 2.738051e-06 2.227824e-03 2.771071e+00
649 2.737192e-06 3.137638e-04 2.826525e+00
650 2.742097e-06 1.791938e-03 2.770447e+00
651 2.732103e-06 3.644613e-03 2.714252e+00
652 2.738708e-06 2.417527e-03 2.692604e+00
653 2.731863e-06 2.499323e-03 2.686826e+00
654 2.739960e-06 2.963940e-03 2.728628e+00
655 2.746047e-06 2.221294e-03 2.721470e+00
656 2.730397e-06 5.698947e-03 2.764787e+00
657 2.728677e-06 6.298275e-04 2.673169e+00
658 2.736376e-06 2.821369e-03 2.750944e+00
659 2.729101e-06 2.658509e-03 2.729489e+00
660 2.737631e-06 3.125466e-03 2.672046e+00
661 2.729576e-06 2.942443e-03 2.841757e+00
662 2.733727e-06 1.520973e-03 2.853527e+00
663 2.736516e-06 1.020046e-03 2.819572e+00
664 2.728699e-06 2.856421e-03 2.821071e+00
665 2.728611e-06 3.227093e-05 2.834383e+00
666 2.725208e-06 1.247051e-03 2.895144e+00
667 2.725654e-06 1.635691e-04 2.853666e+00
668 2.721810e-06 1.410521e-03 2.778000e+00
669 2.723184e-06 5.049955e-04 2.804759e+00
670 3.024259e-06 1.105600e-01 2.799075e+00
671 2.931250e-06 3.075452e-02 2.624763e+00
672 2.816585e-06 3.911808e-02 2.658731e+00
673 2.781443e-06 1.247666e-02 2.831161e+00
674 2.761512e-06 7.165813e-03 3.009738e+00
675 2.758310e-06 1.159672e-03 3.012815e+00
676 2.754400e-06 1.417369e-03 2.854360e+00
677 2.739966e-06 5.240372e-03 2.820025e+00
678 2.733056e-06 2.521899e-03 2.785277e+00
679 2.728413e-06 1.698987e-03 2.841046e+00
680 2.726109e-06 8.443525e-04 2.833314e+00
681 2.723250e-06 1.048535e-03 2.854197e+00
682 2.723855e-06 2.218740e-04 2.869307e+00
683 2.729301e-06 1.999519e-03 2.869440e+00
684 2.722631e-06 2.443889e-03 2.967720e+00
685 2.723095e-06 1.705267e-04 2.924257e+00
686 2.721464e-06 5.991265e-04 3.002771e+00
687 2.720353e-06 4.083245e-04 3.170227e+00
688 2.722736e-06 8.759914e-04 2.874421e+00
689 2.717652e-06 1.867109e-03 2.820393e+00
690 2.719772e-06 7.801655e-04 2.728308e+00
691 3.683033e-06 3.541699e-01 2.757912e+00
692 3.075639e-06 1.649169e-01 2.825437e+00
693 2.941776e-06 4.352351e-02 2.729878e+00
694 2.843745e-06 3.332382e-02 2.749168e+00
695 2.856022e-06 4.317272e-03 2.778739e+00
696 2.814771e-06 1.444377e-02 2.854621e+00
697 2.799144e-06 5.551478e-03 2.869432e+00
698 2.792084e-06 2.522197e-03 2.924327e+00
699 2.803617e-06 4.130317e-03 3.267090e+00
700 2.774149e-06 1.051041e-02 2.925356e+00
701 2.781506e-06 2.651675e-03 2.848139e+00
702 2.781036e-06 1.688451e-04 2.783991e+00
703 2.759606e-06 7.705905e-03 2.847439e+00
704 2.758984e-06 2.251166e-04 2.805910e+00
705 2.751709e-06 2.636841e-03 2.848305e+00
706 2.772922e-06 7.708928e-03 2.736169e+00
707 2.737450e-06 1.279234e-02 2.777111e+00
708 2.740370e-06 1.066752e-03 2.890974e+00
709 2.723356e-06 6.208803e-03 2.895895e+00
710 2.724473e-06 4.103051e-04 2.784827e+00
711 2.731324e-06 2.514435e-03 3.104528e+00
712 2.719339e-06 4.387965e-03 3.100007e+00
713 2.724754e-06 1.991235e-03 2.890047e+00
714 2.707064e-06 6.492010e-03 2.855648e+00
715 2.705900e-06 4.300172e-04 2.833710e+00
716 2.707487e-06 5.863351e-04 2.694757e+00
717 2.709847e-06 8.716533e-04 2.652390e+00
718 2.708832e-06 3.745667e-04 2.812509e+00
719 2.704015e-06 1.778308e-03 2.814118e+00
720 2.702215e-06 6.654421e-04 2.778431e+00
721 2.701996e-06 8.109923e-05 2.757118e+00
722 2.703289e-06 4.783221e-04 2.798812e+00
723 5.368232e-06 9.858153e-01 2.798052e+00
724 4.444054e-06 1.721568e-01 2.749421e+00
725 3.522776e-06 2.073057e-01 2.741740e+00
726 3.460523e-06 1.767172e-02 2.876616e+00
727 3.296559e-06 4.738110e-02 2.728850e+00
728 3.182226e-06 3.468260e-02 2.756557e+00
729 3.139482e-06 1.343229e-02 2.897617e+00
730 3.135344e-06 1.317989e-03 3.024029e+00
731 3.145637e-06 3.282973e-03 2.890487e+00
732 3.015759e-06 4.128836e-02 2.826596e+00
733 3.049421e-06 1.116220e-02 2.875874e+00
734 2.976345e-06 2.396388e-02 2.924688e+00
735 2.907056e-06 2.328006e-02 2.749949e+00
736 2.921688e-06 5.033471e-03 2.890701e+00
737 3.257946e-06 1.150901e-01 2.903292e+00
738 3.207646e-06 1.543908e-02 2.910165e+00
739 2.995855e-06 6.602705e-02 2.861478e+00
740 2.913232e-06 2.757904e-02 2.883915e+00
741 3.373839e-06 1.581085e-01 2.883268e+00
742 3.223425e-06 4.458249e-02 2.911022e+00
743 3.036239e-06 5.807032e-02 3.151467e+00
744 3.025180e-06 3.642453e-03 2.993021e+00
745 5.589426e-06 8.476341e-01 2.890435e+00
746 5.098957e-06 8.774939e-02 2.854585e+00
747 4.562766e-06 1.051570e-01 2.840069e+00
748 4.098708e-06 1.017054e-01 2.890373e+00
749 3.802988e-06 7.214963e-02 2.911930e+00
750 3.899468e-06 2.536971e-02 2.715484e+00
751 3.920159e-06 5.305951e-03 2.860918e+00
752 3.379962e-06 1.377996e-01 2.895625e+00
753 3.425611e-06 1.350569e-02 2.862878e+00
754 3.397053e-06 8.336520e-03 3.016642e+00
755 3.237480e-06 4.697420e-02 3.169244e+00
756 3.148033e-06 2.762833e-02 2.818139e+00
757 3.114689e-06 1.059215e-02 2.974915e+00
758 3.075530e-06 1.257240e-02 2.986419e+00
759 3.202500e-06 4.128408e-02 2.882699e+00
760 2.965902e-06 7.387939e-02 2.860061e+00
761 3.040899e-06 2.528658e-02 2.848053e+00
762 3.038276e-06 8.627261e-04 2.819921e+00
763 5.425030e-06 7.855620e-01 2.904112e+00
764 3.968480e-06 2.684869e-01 2.936310e+00
765 3.546208e-06 1.064066e-01 2.785020e+00
766 3.451664e-06 2.666038e-02 2.771069e+00
767 3.289218e-06 4.706325e-02 2.813161e+00
768 3.168678e-06 3.664701e-02 2.945192e+00
769 3.165071e-06 1.138446e-03 2.954306e+00
770 3.229801e-06 2.045145e-02 3.028827e+00
771 3.078395e-06 4.687768e-02 2.930195e+00
772 3.036048e-06 1.375616e-02 2.910535e+00
773 2.949882e-06 2.838102e-02 2.841458e+00
774 2.884585e-06 2.213560e-02 2.862157e+00
775 3.185141e-06 1.041939e-01 2.848215e+00
776 3.172425e-06 3.992157e-03 2.891057e+00
777 2.937487e-06 7.405627e-02 2.839038e+00
778 2.870258e-06 2.288666e-02 2.945156e+00
779 2.763663e-06 3.713782e-02 2.946852e+00
780 2.707584e-06 2.029152e-02 2.897424e+00
781 2.870774e-06 6.027152e-02 3.148949e+00
782 2.698736e-06 5.992730e-02 3.163148e+00
783 2.661371e-06 1.384561e-02 3.064219e+00
784 2.631124e-06 1.136511e-02 2.924418e+00
785 2.655613e-06 9.307504e-03 2.756137e+00
786 2.629991e-06 9.648217e-03 2.806346e+00
787 2.630040e-06 1.835281e-05 2.867887e+00
788 2.638459e-06 3.201419e-03 2.848602e+00
789 2.983449e-06 1.307540e-01 2.904435e+00
790 2.713840e-06 9.036826e-02 2.904220e+00
791 2.656923e-06 2.097267e-02 2.855060e+00
792 2.664960e-06 3.024767e-03 2.869963e+00
793 2.653183e-06 4.419214e-03 2.988415e+00
794 2.629939e-06 8.760498e-03 3.130724e+00
795 2.629138e-06 3.047244e-04 2.840556e+00
796 2.632413e-06 1.245577e-03 2.833667e+00
797 2.637942e-06 2.100372e-03 2.792621e+00
798 2.611754e-06 9.927475e-03 2.917458e+00
799 2.644745e-06 1.263199e-02 2.832642e+00
800 2.597014e-06 1.804745e-02 2.855018e+00
801 2.611191e-06 5.458700e-03 2.812005e+00
802 2.586845e-06 9.323475e-03 2.834342e+00
803 2.611568e-06 9.557020e-03 2.869356e+00
804 2.599490e-06 4.624716e-03 2.827481e+00
805 2.603336e-06 1.479322e-03 2.875133e+00
806 2.647533e-06 1.697734e-02 3.072390e+00
807 2.654306e-06 2.557922e-03 3.061718e+00
808 2.604755e-06 1.866783e-02 2.869430e+00
809 2.593659e-06 4.259934e-03 2.833828e+00
810 2.589591e-06 1.568641e-03 2.833132e+00
811 2.589401e-06 7.323952e-05 2.855502e+00
812 2.589182e-06 8.454850e-05 2.820646e+00
813 2.580945e-06 3.181399e-03 2.868494e+00
814 2.580267e-06 2.629002e-04 2.855642e+00
815 2.581362e-06 4.243692e-04 2.874764e+00
816 2.582727e-06 5.288628e-04 2.846981e+00
817 2.580252e-06 9.579937e-04 2.891192e+00
818 2.584997e-06 1.838748e-03 3.056111e+00
819 2.578545e-06 2.495916e-03 3.063560e+00
820 2.577131e-06 5.482491e-04 2.959910e+00
821 2.574501e-06 1.020435e-03 2.897100e+00
822 2.574283e-06 8.479684e-05 2.793176e+00
823 2.572489e-06 6.969959e-04 2.735848e+00
824 2.574851e-06 9.182241e-04 2.890870e+00
825 2.906863e-06 1.289441e-01 2.770740e+00
826 2.737825e-06 5.815138e-02 2.673068e+00
827 2.637861e-06 3.651204e-02 2.715514e+00
828 2.635159e-06 1.024326e-03 2.784124e+00
829 4.475799e-06 6.984929e-01 2.736316e+00
830 3.626157e-06 1.898302e-01 2.917539e+00
831 3.309086e-06 8.744000e-02 3.038370e+00
832 3.094855e-06 6.474020e-02 3.133321e+00
833 3.069751e-06 8.111589e-03 2.882948e+00
834 2.991001e-06 2.565364e-02 2.875645e+00
835 4.585114e-06 5.329698e-01 2.737049e+00
836 4.744358e-06 3.473074e-02 2.722343e+00
837 3.945149e-06 1.684548e-01 2.889668e+00
838 3.850709e-06 2.393820e-02 2.840395e+00
839 3.446732e-06 1.049097e-01 2.848414e+00
840 3.332668e-06 3.309328e-02 2.784910e+00
841 3.181865e-06 4.525017e-02 2.846866e+00
842 3.134429e-06 1.490819e-02 2.848813e+00
843 3.059299e-06 2.396928e-02 2.986829e+00
844 2.921732e-06 4.496678e-02 3.094563e+00
845 2.979013e-06 1.960520e-02 2.784671e+00
846 2.888272e-06 3.045999e-02 2.854877e+00
847 2.848359e-06 1.381896e-02 2.958268e+00
848 2.788973e-06 2.084949e-02 2.837755e+00
849 2.830653e-06 1.494469e-02 2.838858e+00
850 2.868892e-06 1.350885e-02 2.789925e+00
851 2.793246e-06 2.636768e-02 2.869634e+00
852 2.768037e-06 9.024864e-03 2.827751e+00
853 2.787263e-06 6.945802e-03 2.826286e+00
854 2.662972e-06 4.459263e-02 2.881799e+00
855 2.689022e-06 9.782262e-03 2.939990e+00
856 2.605416e-06 3.109140e-02 2.988114e+00
857 2.577129e-06 1.085714e-02 2.915923e+00
858 2.574119e-06 1.168000e-03 2.869552e+00
859 2.570856e-06 1.267720e-03 2.876558e+00
860 2.609295e-06 1.495189e-02 2.813548e+00
861 2.584845e-06 9.370316e-03 2.869255e+00
862 2.568800e-06 6.207233e-03 2.861547e+00
863 2.567670e-06 4.399400e-04 2.876286e+00
864 2.560258e-06 2.886530e-03 2.848401e+00
865 2.582603e-06 8.727333e-03 2.776844e+00
866 2.565100e-06 6.777158e-03 2.940290e+00
867 2.574692e-06 3.739283e-03 2.817520e+00
868 2.557752e-06 6.579220e-03 2.937094e+00
869 2.565112e-06 2.877596e-03 3.149952e+00
870 2.557638e-06 2.913831e-03 2.799318e+00
871 2.560193e-06 9.988494e-04 2.869278e+00
872 2.553240e-06 2.715868e-03 2.823768e+00
873 2.553253e-06 5.171206e-06 2.869389e+00
874 2.578904e-06 1.004648e-02 2.833746e+00
875 3.351297e-06 2.995044e-01 2.722517e+00
876 2.906236e-06 1.328027e-01 2.756962e+00
877 2.764379e-06 4.881130e-02 2.806508e+00
878 2.738407e-06 9.395134e-03 2.742672e+00
879 2.695300e-06 1.574145e-02 2.862107e+00
880 2.666069e-06 1.084544e-02 2.839947e+00
881 2.661823e-06 1.592480e-03 2.982092e+00
882 2.814517e-06 5.736445e-02 3.021545e+00
883 2.684181e-06 4.630835e-02 2.842103e+00
884 2.648508e-06 1.329005e-02 2.952500e+00
885 2.637982e-06 3.974495e-03 2.961615e+00
886 2.623185e-06 5.609281e-03 2.778293e+00
887 2.590730e-06 1.237236e-02 2.820031e+00
888 2.591720e-06 3.821572e-04 2.925000e+00
889 2.579657e-06 4.654288e-03 2.840504e+00
890 2.571515e-06 3.156169e-03 2.862761e+00
891 2.563098e-06 3.273186e-03 2.841366e+00
892 2.559247e-06 1.502556e-03 2.820564e+00
893 2.756614e-06 7.711918e-02 2.911303e+00
894 2.600939e-06 5.647349e-02 3.009166e+00
895 2.561982e-06 1.497807e-02 2.839847e+00
896 2.557760e-06 1.647924e-03 3.086170e+00
897 2.560186e-06 9.484895e-04 2.658542e+00
898 2.624123e-06 2.497365e-02 2.701987e+00
899 2.952738e-06 1.252287e-01 2.819250e+00
900 2.697458e-06 8.645539e-02 2.841982e+00
901 2.662683e-06 1.289195e-02 2.819583e+00
902 3.478787e-06 3.064971e-01 2.749001e+00
903 2.918006e-06 1.612000e-01 2.680488e+00
904 2.774547e-06 4.916344e-02 2.714302e+00
905 2.770031e-06 1.627730e-03 2.701562e+00
906 3.610718e-06 3.034938e-01 2.656721e+00
907 3.061852e-06 1.520102e-01 2.679794e+00
908 2.920533e-06 4.615478e-02 2.723147e+00
909 2.803389e-06 4.011043e-02 2.721278e+00
910 2.766975e-06 1.298933e-02 2.714917e+00
911 2.729033e-06 1.371246e-02 2.756600e+00
912 2.735567e-06 2.394086e-03 2.826924e+00
913 2.772148e-06 1.337227e-02 2.848570e+00
914 2.737213e-06 1.260189e-02 2.840061e+00
915 2.697673e-06 1.444538e-02 2.848401e+00
916 2.647479e-06 1.860663e-02 2.947022e+00
917 2.651503e-06 1.519960e-03 2.937482e+00
918 2.659611e-06 3.058192e-03 2.701873e+00
919 2.703585e-06 1.653391e-02 2.708618e+00
920 3.314617e-06 2.260081e-01 2.680186e+00
921 2.786022e-06 1.594741e-01 2.721599e+00
922 2.785760e-06 9.404563e-05 2.658381e+00
923 2.722103e-06 2.285074e-02 2.714455e+00
924 2.730831e-06 3.206276e-03 2.736167e+00
925 2.699221e-06 1.157507e-02 2.665836e+00
926 2.698392e-06 3.072771e-04 2.701872e+00
927 2.732756e-06 1.273505e-02 2.687002e+00
928 2.644078e-06 3.244997e-02 2.742310e+00
929 2.647938e-06 1.459724e-03 2.834825e+00
930 2.639375e-06 3.233611e-03 2.854914e+00
931 2.628872e-06 3.979441e-03 2.846456e+00
932 2.631872e-06 1.140910e-03 2.980725e+00
933 2.694194e-06 2.367984e-02 3.182732e+00
934 2.584737e-06 4.062681e-02 2.951668e+00
935 2.561972e-06 8.807449e-03 2.917611e+00
936 2.555884e-06 2.376309e-03 2.932000e+00
937 2.558049e-06 8.469455e-04 2.895254e+00
938 2.560514e-06 9.636799e-04 2.841448e+00
939 2.545919e-06 5.700109e-03 2.790909e+00
940 2.565740e-06 7.785331e-03 2.877138e+00
941 2.550899e-06 5.784110e-03 2.826213e+00
942 2.547190e-06 1.454019e-03 2.806288e+00
943 2.522997e-06 9.498011e-03 2.897058e+00
944 2.512084e-06 4.325609e-03 2.820555e+00
945 2.525587e-06 5.375555e-03 2.853141e+00
946 2.523579e-06 7.950930e-04 2.960741e+00
947 2.528715e-06 2.035138e-03 2.798698e+00
948 2.512358e-06 6.468665e-03 2.709106e+00
949 2.524581e-06 4.865161e-03 2.778005e+00
950 2.554279e-06 1.176368e-02 2.820270e+00
951 2.516957e-06 1.461156e-02 2.890365e+00
952 2.517382e-06 1.689137e-04 2.924855e+00
953 2.513212e-06 1.656448e-03 3.285703e+00
954 2.511130e-06 8.286032e-04 2.901488e+00
955 2.519381e-06 3.285770e-03 2.876686e+00
956 2.506991e-06 4.917741e-03 2.874028e+00
957 2.521521e-06 5.795693e-03 2.840015e+00
958 2.507278e-06 5.648559e-03 2.883721e+00
959 2.539012e-06 1.265667e-02 2.904481e+00
960 2.507707e-06 1.232960e-02 2.862753e+00
961 2.508502e-06 3.172657e-04 2.875692e+00
962 2.506950e-06 6.189721e-04 2.911501e+00
963 2.507531e-06 2.317098e-04 2.852135e+00
964 2.512857e-06 2.124254e-03 2.876116e+00
965 2.510720e-06 8.503381e-04 3.017042e+00
966 2.515691e-06 1.979861e-03 3.049995e+00
967 2.513248e-06 9.711701e-04 2.876741e+00
968 2.514067e-06 3.257026e-04 2.826329e+00
969 2.507245e-06 2.713234e-03 2.859702e+00
970 2.515116e-06 3.139031e-03 2.855851e+00
971 2.504910e-06 4.057777e-03 2.868437e+00
972 2.510771e-06 2.339912e-03 2.951744e+00
973 2.503165e-06 3.029446e-03 2.799492e+00
974 2.501617e-06 6.182467e-04 2.910895e+00
975 2.502488e-06 3.480515e-04 2.868292e+00
976 2.506197e-06 1.482127e-03 2.848574e+00
977 2.500600e-06 2.233380e-03 3.008650e+00
978 2.501670e-06 4.280180e-04 3.176804e+00
979 2.498540e-06 1.251416e-03 2.926059e+00
980 2.499083e-06 2.176535e-04 2.891290e+00
981 2.501121e-06 8.151882e-04 2.853534e+00
982 2.680443e-06 7.169684e-02 2.825983e+00
983 2.595675e-06 3.162446e-02 2.800243e+00
984 2.538190e-06 2.214666e-02 2.876880e+00
985 2.540232e-06 8.043581e-04 2.812864e+00
986 2.526883e-06 5.254999e-03 2.890177e+00
987 2.519310e-06 2.996854e-03 3.042688e+00
988 2.513445e-06 2.328045e-03 2.890072e+00
989 2.513999e-06 2.205383e-04 2.854349e+00
990 2.511055e-06 1.171234e-03 2.845994e+00
991 2.519684e-06 3.436492e-03 2.835049e+00
992 2.511342e-06 3.310740e-03 3.079342e+00
993 2.508317e-06 1.204579e-03 2.847891e+00
994 2.508978e-06 2.634406e-04 2.811992e+00
995 2.505878e-06 1.235385e-03 2.806312e+00
996 2.500976e-06 1.956085e-03 2.841094e+00
997 2.507209e-06 2.492307e-03 2.734422e+00
998 2.504028e-06 1.268892e-03 2.792483e+00
999 2.500600e-06 1.368989e-03 2.819586e+00
1000 2.501144e-06 2.175164e-04 2.861369e+00
1001 2.509674e-06 3.410441e-03 2.826126e+00
1002 2.499175e-06 4.183259e-03 2.812792e+00
1003 2.505676e-06 2.601126e-03 2.855764e+00
1004 2.498098e-06 3.024391e-03 2.862096e+00
1005 2.502058e-06 1.585279e-03 2.715561e+00
1006 2.497109e-06 1.978100e-03 2.694420e+00
1007 2.499910e-06 1.121656e-03 2.665665e+00
1008 2.495860e-06 1.619748e-03 2.791702e+00
1009 2.500159e-06 1.722133e-03 2.821322e+00
1010 2.517946e-06 7.114269e-03 2.995613e+00
1011 2.502551e-06 6.113900e-03 2.868159e+00
1012 2.499079e-06 1.387490e-03 2.883526e+00
1013 2.499110e-06 1.243362e-05 2.862662e+00
1014 2.498533e-06 2.306250e-04 2.799247e+00
1015 2.500466e-06 7.734771e-04 2.848356e+00
1016 4.458154e-06 7.829290e-01 2.882636e+00
1017 3.659220e-06 1.792072e-01 2.701261e+00
1018 3.053613e-06 1.655018e-01 2.673813e+00
1019 2.725537e-06 1.074385e-01 2.665968e+00
1020 2.786131e-06 2.223205e-02 2.701178e+00
1021 2.699867e-06 3.096226e-02 2.693635e+00
1022 2.677885e-06 8.141566e-03 2.873359e+00
1023 2.676854e-06 3.849852e-04 2.821005e+00
1024 2.668532e-06 3.109198e-03 2.876688e+00
1025 2.633534e-06 1.311507e-02 2.826726e+00
1026 2.603086e-06 1.156166e-02 2.938996e+00
1027 2.608652e-06 2.138294e-03 2.876487e+00
1028 2.589700e-06 7.264887e-03 2.826983e+00
1029 2.579889e-06 3.788691e-03 2.840746e+00
1030 2.581046e-06 4.486388e-04 2.876191e+00
1031 2.580646e-06 1.548388e-04 2.932645e+00
1032 2.556217e-06 9.466232e-03 3.022303e+00
1033 2.547136e-06 3.552636e-03 3.048497e+00
1034 2.533398e-06 5.393644e-03 2.891509e+00
1035 2.528807e-06 1.812040e-03 2.881506e+00
1036 2.521940e-06 2.715505e-03 2.826022e+00
1037 2.538738e-06 6.660836e-03 2.855042e+00
1038 2.525597e-06 5.176343e-03 2.946510e+00
1039 2.514383e-06 4.440040e-03 2.876976e+00
1040 2.534392e-06 7.957887e-03 2.875354e+00
1041 2.518483e-06 6.277322e-03 2.862278e+00
1042 2.520038e-06 6.175349e-04 2.861661e+00
1043 2.511001e-06 3.586244e-03 2.883250e+00
1044 2.501040e-06 3.966807e-03 2.967123e+00
1045 2.497034e-06 1.601972e-03 3.190711e+00
1046 2.495066e-06 7.878908e-04 2.951536e+00
1047 2.494554e-06 2.053385e-04 2.729797e+00
1048 2.493278e-06 5.116766e-04 2.862647e+00
1049 2.494827e-06 6.213474e-04 2.862442e+00
1050 2.497456e-06 1.053688e-03 2.918245e+00
1051 2.489901e-06 3.025056e-03 2.859346e+00
1052 2.490941e-06 4.178453e-04 2.897083e+00
1053 2.488408e-06 1.016735e-03 2.882305e+00
1054 2.487066e-06 5.394165e-04 2.848206e+00
1055 2.487698e-06 2.540583e-04 2.897097e+00
1056 2.487050e-06 2.603908e-04 2.961166e+00
1057 2.487050e-06 8.325389e-08 3.051029e+00
1058 2.487400e-06 1.406251e-04 3.093256e+00
1059 2.486682e-06 2.885210e-04 2.904396e+00
1060 2.486397e-06 1.147360e-04 2.854095e+00
1061 2.486389e-06 2.958545e-06 2.840305e+00
1062 2.486333e-06 2.266313e-05 2.868292e+00
1063 2.486633e-06 1.206097e-04 2.770117e+00
1064 2.486269e-06 1.465175e-04 2.785087e+00
1065 2.486322e-06 2.159610e-05 2.791953e+00
1066 2.486220e-06 4.108516e-05 2.771427e+00
1067 2.486103e-06 4.725688e-05 2.770670e+00
1068 2.486151e-06 1.960999e-05 2.742562e+00
1069 2.486324e-06 6.952757e-05 2.848708e+00
1070 2.486100e-06 9.030165e-05 3.021095e+00
1071 2.486200e-06 4.032734e-05 2.749584e+00
1072 2.486035e-06 6.623185e-05 2.832248e+00
1073 2.486188e-06 6.147641e-05 2.722633e+00
1074 2.485987e-06 8.084661e-05 2.713457e+00
1075 2.486052e-06 2.606429e-05 2.821176e+00
1076 2.485945e-06 4.290927e-05 2.827124e+00
1077 2.486025e-06 3.203100e-05 2.986840e+00
1078 2.485863e-06 6.527041e-05 2.658814e+00
1079 2.485950e-06 3.512862e-05 2.784716e+00
1080 2.485837e-06 4.529497e-05 2.751035e+00
1081 2.485861e-06 9.468330e-06 2.756067e+00
1082 2.485839e-06 8.856199e-06 2.673808e+00
1083 2.485839e-06 1.849450e-07 2.848248e+00
1084 2.485818e-06 8.426941e-06 2.784302e+00
1085 2.485819e-06 2.777993e-07 2.812753e+00
1086 2.485813e-06 2.406224e-06 2.750701e+00
1087 2.485826e-06 5.046937e-06 2.896839e+00
1088 2.485797e-06 1.161930e-05 3.037443e+00
1089 2.485795e-06 7.644908e-07 2.947111e+00
1090 2.485788e-06 2.851490e-06 2.736204e+00
1091 2.485781e-06 2.600314e-06 2.712909e+00
1092 2.485769e-06 4.992647e-06 2.757978e+00
1093 2.485769e-06 9.490922e-08 2.771423e+00
1094 2.485770e-06 6.184062e-07 2.728532e+00
1095 2.485753e-06 6.926762e-06 2.777108e+00
1096 2.485762e-06 3.726584e-06 2.707624e+00
1097 2.485762e-06 5.131811e-08 2.792168e+00
1098 2.485752e-06 4.132783e-06 2.742871e+00
1099 2.485745e-06 2.736709e-06 2.855007e+00
1100 2.485746e-06 3.267142e-07 3.260616e+00
1101 2.485739e-06 2.729436e-06 3.028300e+00
1102 2.485739e-06 7.820614e-08 2.771419e+00
1103 2.485738e-06 4.376149e-07 2.770388e+00
1104 2.485735e-06 1.357822e-06 2.708466e+00
1105 2.485736e-06 3.169788e-07 2.784189e+00
1106 2.485730e-06 2.075570e-06 2.799647e+00
1107 2.485731e-06 4.211801e-08 2.770344e+00
1108 2.485727e-06 1.437506e-06 2.729225e+00
1109 2.485730e-06 1.378596e-06 2.750252e+00
1110 2.485726e-06 1.736263e-06 2.749678e+00
1111 2.485727e-06 1.751719e-07 2.714330e+00
1112 2.485725e-06 6.196673e-07 2.751423e+00
1113 2.485727e-06 6.781774e-07 2.904495e+00
1114 2.485722e-06 1.815767e-06 2.945376e+00
1115 2.485725e-06 1.022806e-06 2.806381e+00
1116 2.485725e-06 2.732988e-07 2.764585e+00
1117 2.485724e-06 4.453442e-07 2.791785e+00
1118 2.485720e-06 1.718893e-06 2.749211e+00
1119 2.485717e-06 1.041029e-06 2.729636e+00
1120 2.485721e-06 1.514336e-06 2.749615e+00
1121 2.485721e-06 2.110375e-07 2.730182e+00
1122 2.485712e-06 3.474147e-06 2.743499e+00
1123 2.485711e-06 4.836238e-07 2.728181e+00
1124 2.485712e-06 4.706267e-07 2.750228e+00
1125 2.485710e-06 7.027463e-07 2.756978e+00
1126 2.485712e-06 6.437900e-07 2.714619e+00
1127 2.485709e-06 1.065777e-06 2.792010e+00
1128 2.485709e-06 5.270380e-08 2.756510e+00
1129 2.485708e-06 3.986283e-07 2.792769e+00
1130 2.485708e-06 1.526624e-07 2.945739e+00
1131 2.485707e-06 5.750075e-07 3.275053e+00
1132 2.485708e-06 2.971068e-07 2.758054e+00
1133 2.485710e-06 7.067226e-07 2.736794e+00
1134 2.485713e-06 1.365698e-06 2.757904e+00
1135 2.485708e-06 1.942936e-06 2.750088e+00
1136 2.485708e-06 7.843043e-08 2.721548e+00
1137 2.485711e-06 1.130006e-06 2.748697e+00
1138 2.485710e-06 6.379388e-07 2.834452e+00
1139 2.485708e-06 6.884544e-07 2.827639e+00
1140 2.485707e-06 4.142164e-07 2.820593e+00
1141 2.485712e-06 2.181805e-06 2.786313e+00
1142 2.485702e-06 4.098251e-06 2.785538e+00
1143 2.485707e-06 2.021822e-06 3.008931e+00
1144 2.485701e-06 2.383420e-06 2.804096e+00
1145 2.485705e-06 1.398129e-06 2.742649e+00
1146 2.485701e-06 1.636188e-06 2.729073e+00
1147 2.485703e-06 9.831973e-07 2.728505e+00
1148 2.485699e-06 1.491789e-06 2.755606e+00
1149 2.485703e-06 1.698766e-06 2.686552e+00
1150 2.485699e-06 1.898681e-06 2.715434e+00
1151 2.485702e-06 1.477990e-06 2.741961e+00
1152 2.485698e-06 1.888186e-06 2.721494e+00
1153 2.485702e-06 1.534402e-06 2.735608e+00
1154 2.485697e-06 1.845309e-06 2.687178e+00
1155 2.485700e-06 1.357799e-06 2.799699e+00
1156 2.485698e-06 8.555018e-07 2.862237e+00
1157 2.485699e-06 5.161869e-07 2.890010e+00
1158 2.485698e-06 7.964558e-07 2.617606e+00
1159 2.485698e-06 7.168644e-08 2.638261e+00
1160 2.485697e-06 3.867941e-07 2.610127e+00
1161 6.584466e-06 1.648942e+00 2.757553e+00
1162 4.602454e-06 3.010133e-01 2.581360e+00
1163 3.841192e-06 1.654035e-01 2.792092e+00
1164 3.350312e-06 1.277937e-01 2.840740e+00
1165 3.228117e-06 3.647292e-02 2.875784e+00
1166 2.251224e-06 3.026198e-01 2.827268e+00
1167 2.203016e-06 2.141453e-02 2.849487e+00
1168 2.230837e-06 1.262891e-02 2.937262e+00
1169 2.151941e-06 3.536609e-02 3.136954e+00
1170 1.405462e-06 3.468864e-01 3.036522e+00
1171 3.367482e-06 1.395996e+00 2.784204e+00
1172 2.341159e-06 3.047747e-01 2.924681e+00
1173 1.222900e-06 4.776518e-01 2.918529e+00
1174 9.360442e-07 2.345702e-01 2.904974e+00
1175 1.416623e-06 5.134148e-01 2.848165e+00
1176 6.902233e-07 5.127686e-01 2.923611e+00
1177 5.935540e-07 1.400552e-01 2.925447e+00
1178 5.230908e-07 1.187140e-01 2.869615e+00
1179 5.869833e-07 1.221443e-01 2.848454e+00
1180 4.852377e-07 1.733364e-01 3.091563e+00
1181 4.918308e-07 1.358722e-02 3.036966e+00
1182 1.862774e-07 6.212571e-01 3.040173e+00
1183 3.269209e-07 7.550213e-01 2.923808e+00
1184 2.797001e-07 1.444409e-01 2.898182e+00
1185 3.422003e-07 2.234542e-01 2.776929e+00
1186 2.379355e-07 3.046893e-01 2.720138e+00
1187 4.120875e-07 7.319291e-01 2.924528e+00
1188 2.513661e-07 3.900176e-01 2.841367e+00
1189 3.456562e-07 3.751108e-01 2.897288e+00
1190 1.979911e-07 4.272022e-01 2.862282e+00
1191 2.851557e-07 4.402449e-01 2.916501e+00
1192 2.920713e-07 2.425199e-02 2.867718e+00
1193 2.221148e-07 2.395187e-01 3.017191e+00
1194 2.131817e-07 4.021817e-02 3.066347e+00
1195 2.624735e-07 2.312197e-01 2.855150e+00
1196 1.434274e-07 4.535548e-01 2.806149e+00
1197 1.591170e-07 1.093906e-01 2.855897e+00
1198 1.375122e-07 1.357794e-01 2.792070e+00
1199 1.706408e-07 2.409136e-01 2.932061e+00
1200 1.679870e-07 1.555153e-02 2.848820e+00
1201 1.668424e-07 6.813503e-03 2.980032e+00
1202 1.702156e-07 2.021771e-02 2.924757e+00
1203 1.547774e-07 9.069794e-02 2.806513e+00
1204 1.444193e-07 6.692292e-02 2.889414e+00
1205 1.819085e-07 2.595860e-01 2.777143e+00
1206 1.714463e-07 5.751347e-02 3.058633e+00
1207 1.683210e-07 1.822912e-02 2.764541e+00
1208 1.629078e-07 3.215973e-02 2.785686e+00
1209 1.468271e-07 9.871049e-02 2.868816e+00
1210 1.751525e-07 1.929170e-01 2.894682e+00
1211 1.183576e-07 3.242600e-01 2.945141e+00
1212 1.784876e-07 5.080368e-01 2.917946e+00
1213 1.294828e-07 2.745557e-01 3.405908e+00
1214 1.464702e-07 1.311940e-01 3.140040e+00
1215 1.157865e-07 2.094878e-01 2.889327e+00
1216 1.443166e-07 2.464034e-01 2.846949e+00
1217 1.247713e-07 1.354336e-01 2.876669e+00
1218 1.388367e-07 1.127290e-01 2.926165e+00
1219 8.339044e-08 3.993629e-01 2.875821e+00
1220 1.129341e-07 3.542815e-01 2.813651e+00
1221 1.240325e-07 9.827295e-02 2.877139e+00
1222 1.424371e-07 1.483851e-01 2.707780e+00
1223 9.875431e-08 3.066811e-01 2.834681e+00
1224 1.675744e-07 6.968823e-01 2.860737e+00
1225 5.728644e-08 6.581434e-01 2.889554e+00
1226 1.036722e-07 8.097168e-01 3.015963e+00
1227 5.072430e-08 5.107243e-01 3.023831e+00
1228 8.944876e-08 7.634302e-01 2.874677e+00
1229 5.832772e-08 3.479203e-01 2.778468e+00
1230 8.137743e-08 3.951758e-01 2.667192e+00
1231 4.183213e-08 4.859492e-01 2.700768e+00
1232 3.702812e-08 1.148402e-01 2.729112e+00
1233 2.136703e-08 4.229514e-01 2.868043e+00
1234 2.238995e-08 4.787393e-02 2.819217e+00
1235 4.264705e-08 9.047407e-01 2.917827e+00
1236 2.816870e-08 3.394925e-01 2.827627e+00
1237 2.866228e-08 1.752225e-02 2.984649e+00
1238 2.823385e-08 1.494733e-02 3.051325e+00
1239 3.649954e-08 2.927580e-01 3.155991e+00
1240 2.478098e-08 3.210605e-01 2.903725e+00
1241 3.385408e-08 3.661318e-01 2.820403e+00
1242 1.999561e-08 4.093589e-01 2.819765e+00
1243 3.205703e-08 6.032032e-01 2.862344e+00
1244 1.752514e-08 4.533138e-01 2.834407e+00
1245 2.041570e-08 1.649378e-01 2.869532e+00
1246 1.517940e-08 2.564839e-01 2.932097e+00
1247 1.341330e-08 1.163483e-01 2.883211e+00
1248 1.280572e-08 4.529724e-02 2.875080e+00
1249 1.039741e-08 1.880653e-01 2.855611e+00
1250 1.250133e-08 2.023506e-01 2.959792e+00
1251 8.966534e-09 2.827534e-01 3.485266e+00
1252 5.953460e-09 3.360355e-01 3.125877e+00
1253 9.202811e-09 5.457919e-01 2.898461e+00
1254 8.085723e-09 1.213855e-01 2.820514e+00
1255 7.342079e-09 9.197006e-02 2.951976e+00
1256 7.072647e-09 3.669694e-02 2.896705e+00
1257 6.012289e-09 1.499239e-01 2.848076e+00
1258 8.338512e-09 3.869115e-01 2.876175e+00
1259 5.813787e-09 3.027788e-01 2.834251e+00
1260 4.007777e-09 3.106426e-01 2.862824e+00
1261 4.137676e-09 3.241170e-02 2.910730e+00
1262 7.410369e-09 7.909496e-01 2.912415e+00
1263 5.149720e-09 3.050657e-01 2.918588e+00
1264 4.983011e-09 3.237252e-02 2.819555e+00
1265 4.126194e-09 1.719476e-01 2.701836e+00
1266 4.990423e-09 2.094495e-01 2.665042e+00
1267 4.199420e-09 1.585042e-01 2.673529e+00
1268 2.822772e-09 3.278186e-01 2.686208e+00
1269 3.687316e-09 3.062747e-01 2.784849e+00
1270 2.586366e-09 2.985776e-01 2.917019e+00
1271 4.058188e-09 5.690696e-01 2.827747e+00
1272 1.516938e-09 6.262031e-01 2.756395e+00
1273 3.470492e-09 1.287827e+00 2.672728e+00
1274 1.611923e-09 5.355349e-01 2.806549e+00
1275 2.979427e-09 8.483684e-01 2.905072e+00
1276 2.871949e-09 3.607346e-02 2.820165e+00
1277 1.205519e-09 5.802436e-01 2.841402e+00
1278 2.770781e-09 1.298414e+00 2.819366e+00
1279 1.056362e-09 6.187494e-01 2.869042e+00
1280 1.535140e-09 4.532328e-01 2.805903e+00
1281 8.742518e-10 4.305067e-01 2.946663e+00
1282 1.950435e-09 1.230977e+00 3.083654e+00
1283 7.950822e-10 5.923565e-01 2.931829e+00
1284 1.417198e-09 7.824543e-01 2.911239e+00
1285 8.695766e-10 3.864112e-01 2.869916e+00
1286 6.863411e-10 2.107181e-01 2.898011e+00
1287 8.770831e-10 2.779113e-01 2.776887e+00
1288 6.330286e-10 2.782569e-01 2.855257e+00
1289 4.584235e-10 2.758250e-01 2.897556e+00
1290 4.483235e-10 2.203210e-02 2.959201e+00
1291 6.363962e-10 4.195022e-01 2.765102e+00
1292 4.004279e-10 3.707883e-01 2.806161e+00
1293 3.706858e-10 7.427579e-02 2.854845e+00
1294 6.385789e-10 7.226957e-01 3.023882e+00
1295 3.767803e-10 4.099706e-01 3.001304e+00
1296 4.930500e-10 3.085877e-01 2.730172e+00
1297 3.221730e-10 3.465715e-01 2.762791e+00
1298 4.158700e-10 2.908284e-01 2.736673e+00
1299 2.890851e-10 3.048667e-01 2.819243e+00
1300 3.703097e-10 2.809712e-01 2.974733e+00
1301 2.646519e-10 2.853229e-01 2.904761e+00
1302 3.428836e-10 2.956025e-01 2.818470e+00
1303 2.434402e-10 2.900210e-01 2.834395e+00
1304 2.369637e-10 2.660402e-02 2.945201e+00
1305 1.748869e-10 2.619675e-01 2.812368e+00
1306 2.465405e-10 4.097138e-01 2.807038e+00
1307 1.499879e-10 3.916296e-01 3.043869e+00
1308 1.337755e-10 1.080911e-01 3.084617e+00
1309 1.769819e-10 3.229763e-01 2.854776e+00
1310 1.508176e-10 1.478360e-01 2.855091e+00
1311 1.232169e-10 1.830072e-01 2.777989e+00
1312 1.340459e-10 8.788572e-02 2.798256e+00
1313 1.299252e-10 3.074099e-02 2.875967e+00
1314 1.390883e-10 7.052609e-02 2.854862e+00
1315 1.015136e-10 2.701501e-01 3.023561e+00
1316 1.121624e-10 1.049004e-01 2.952192e+00
1317 8.397683e-11 2.512925e-01 2.779271e+00
