1 9.999241e-01 1.000000e+00 3.673931e+00
2 9.998039e-01 1.202177e-04 3.925508e+00
3 9.905541e-01 9.251646e-03 3.903425e+00
4 9.786776e-01 1.198976e-02 4.148216e+00
5 9.642082e-01 1.478459e-02 4.108709e+00
6 9.576514e-01 6.800201e-03 3.452638e+00
7 9.557301e-01 2.006302e-03 3.613676e+00
8 9.551278e-01 6.301456e-04 3.487213e+00
9 9.530865e-01 2.137260e-03 3.638177e+00
10 9.528289e-01 2.702688e-04 3.581728e+00
11 9.522867e-01 5.689801e-04 4.326609e+00
12 9.521073e-01 1.884077e-04 3.621704e+00
13 9.506367e-01 1.544603e-03 3.861321e+00
14 9.502756e-01 3.798871e-04 3.572593e+00
15 9.503263e-01 5.336455e-05 4.205849e+00
16 9.494622e-01 9.091948e-04 4.030515e+00
17 9.489775e-01 5.105708e-04 4.159350e+00
18 9.499407e-01 1.015063e-03 3.631350e+00
19 9.486557e-01 1.352804e-03 3.800003e+00
20 9.480366e-01 6.525959e-04 3.575241e+00
21 9.480260e-01 1.113386e-05 3.734903e+00
22 9.476044e-01 4.447430e-04 3.598504e+00
23 9.475445e-01 6.317604e-05 3.464008e+00
24 9.464177e-01 1.189218e-03 3.548941e+00
25 9.408410e-01 5.892465e-03 3.596087e+00
26 9.405097e-01 3.521287e-04 3.814714e+00
27 9.402582e-01 2.674085e-04 3.374682e+00
28 9.397771e-01 5.116715e-04 3.573985e+00
29 9.400981e-01 3.416490e-04 3.446162e+00
30 9.390514e-01 1.113401e-03 3.390038e+00
31 9.389470e-01 1.111685e-04 3.413589e+00
32 9.384842e-01 4.929693e-04 3.384122e+00
33 9.387468e-01 2.798945e-04 3.694076e+00
34 9.382065e-01 5.755678e-04 3.502828e+00
35 9.382797e-01 7.798386e-05 3.455927e+00
36 9.380576e-01 2.367271e-04 3.501862e+00
37 9.381705e-01 1.204304e-04 3.688258e+00
38 9.377107e-01 4.901081e-04 3.847012e+00
39 9.374654e-01 2.616705e-04 4.235389e+00
40 9.373697e-01 1.020380e-04 3.830250e+00
41 9.305168e-01 7.310769e-03 4.117930e+00
42 9.237843e-01 7.235291e-03 3.981707e+00
43 9.239054e-01 1.311707e-04 3.580439e+00
44 9.239584e-01 5.729492e-05 3.567100e+00
45 9.231012e-01 9.277262e-04 3.503616e+00
46 9.230060e-01 1.031452e-04 3.896082e+00
47 9.230399e-01 3.672306e-05 3.606179e+00
48 9.230033e-01 3.964317e-05 3.678829e+00
49 9.224489e-01 6.005928e-04 4.806975e+00
50 9.227392e-01 3.147013e-04 3.770908e+00
51 9.216266e-01 1.205767e-03 3.279478e+00
52 9.194804e-01 2.328753e-03 3.447896e+00
53 9.115745e-01 8.598203e-03 3.415007e+00
54 9.110641e-01 5.598800e-04 3.558473e+00
55 9.111947e-01 1.433752e-04 3.543796e+00
56 9.109941e-01 2.202435e-04 3.472038e+00
57 9.108096e-01 2.024392e-04 3.455170e+00
58 9.127126e-01 2.089363e-03 3.488179e+00
59 9.096345e-01 3.372520e-03 3.407160e+00
60 9.092783e-01 3.916229e-04 4.231425e+00
61 9.093458e-01 7.429313e-05 4.492915e+00
62 9.090639e-01 3.100506e-04 3.399921e+00
63 9.090893e-01 2.798925e-05 3.390591e+00
64 9.089269e-01 1.787095e-04 3.278424e+00
65 9.087379e-01 2.078893e-04 3.591223e+00
66 9.087320e-01 6.483183e-06 3.446478e+00
67 8.965914e-01 1.335993e-02 3.581457e+00
68 8.864675e-01 1.129155e-02 3.582951e+00
69 8.645076e-01 2.477238e-02 3.694779e+00
70 8.649283e-01 4.866288e-04 3.782872e+00
71 8.640533e-01 1.011647e-03 3.511114e+00
72 8.637601e-01 3.393464e-04 3.591409e+00
73 8.639716e-01 2.449022e-04 3.509948e+00
74 8.621871e-01 2.065541e-03 3.542365e+00
75 8.544120e-01 9.017780e-03 3.527848e+00
76 8.540976e-01 3.679899e-04 3.479569e+00
77 8.536727e-01 4.975282e-04 3.404269e+00
78 8.529382e-01 8.604181e-04 3.499746e+00
79 8.451993e-01 9.073165e-03 3.517367e+00
80 8.391112e-01 7.203193e-03 4.431077e+00
81 8.378030e-01 1.558990e-03 3.503004e+00
82 8.375998e-01 2.425438e-04 3.462818e+00
83 8.371670e-01 5.167097e-04 3.468025e+00
84 8.368612e-01 3.652748e-04 3.614551e+00
85 8.358750e-01 1.178538e-03 3.384811e+00
86 8.198567e-01 1.916344e-02 3.411634e+00
87 8.194140e-01 5.400079e-04 3.278203e+00
88 8.191176e-01 3.617080e-04 3.214704e+00
89 8.153553e-01 4.593149e-03 3.599403e+00
90 8.089459e-01 7.860861e-03 3.831397e+00
91 8.070037e-01 2.400838e-03 3.405293e+00
92 8.043362e-01 3.305473e-03 3.511247e+00
93 8.042662e-01 8.701076e-05 3.487474e+00
94 8.035334e-01 9.111867e-04 3.317366e+00
95 7.973947e-01 7.639635e-03 3.286689e+00
96 7.968043e-01 7.404437e-04 3.310629e+00
97 7.984917e-01 2.117827e-03 3.364512e+00
98 7.952991e-01 3.998304e-03 3.367934e+00
99 7.944053e-01 1.123956e-03 3.701312e+00
100 7.940292e-01 4.733529e-04 3.420940e+00
101 7.696484e-01 3.070519e-02 3.445738e+00
102 7.519162e-01 2.303933e-02 3.639725e+00
103 7.488398e-01 4.091382e-03 3.603967e+00
104 6.836227e-01 8.709083e-02 3.551034e+00
105 6.619781e-01 3.166174e-02 3.335342e+00
106 6.561985e-01 8.730812e-03 3.519567e+00
107 6.535497e-01 4.036591e-03 3.447159e+00
108 6.524593e-01 1.668373e-03 3.429475e+00
109 6.525881e-01 1.974831e-04 3.493572e+00
110 6.419672e-01 1.627510e-02 3.643811e+00
111 6.500377e-01 1.257152e-02 3.453884e+00
112 6.384339e-01 1.785092e-02 3.495402e+00
113 6.397934e-01 2.129402e-03 3.711759e+00
114 6.328409e-01 1.086685e-02 3.615310e+00
115 6.318884e-01 1.505156e-03 4.469337e+00
116 6.309911e-01 1.420034e-03 3.606780e+00
117 6.321353e-01 1.813361e-03 3.648570e+00
118 6.311689e-01 1.528673e-03 3.548684e+00
119 6.344709e-01 5.231444e-03 3.684898e+00
120 6.294767e-01 7.871442e-03 3.579665e+00
121 6.298433e-01 5.824543e-04 3.439736e+00
122 6.295068e-01 5.342599e-04 3.575568e+00
123 6.300508e-01 8.642270e-04 3.544289e+00
124 6.302345e-01 2.914928e-04 3.879124e+00
125 6.288518e-01 2.193989e-03 3.591450e+00
126 6.287925e-01 9.430998e-05 3.671470e+00
127 6.316722e-01 4.579820e-03 3.613583e+00
128 6.285026e-01 5.017828e-03 3.564940e+00
129 6.302003e-01 2.701234e-03 3.428132e+00
130 6.282421e-01 3.107322e-03 3.510225e+00
131 6.274831e-01 1.208094e-03 3.525788e+00
132 6.268940e-01 9.388457e-04 3.381730e+00
133 6.276604e-01 1.222445e-03 3.467364e+00
134 6.272158e-01 7.082691e-04 3.381276e+00
135 6.267802e-01 6.945278e-04 3.348632e+00
136 6.269825e-01 3.227618e-04 3.622944e+00
137 6.261716e-01 1.293316e-03 3.461094e+00
138 6.266153e-01 7.086136e-04 3.649721e+00
139 6.263987e-01 3.456839e-04 3.319637e+00
140 6.260308e-01 5.872712e-04 3.324410e+00
141 6.260624e-01 5.036682e-05 3.334129e+00
142 6.256002e-01 7.382575e-04 3.356267e+00
143 6.253512e-01 3.978963e-04 3.368043e+00
144 6.259682e-01 9.865217e-04 3.348314e+00
145 6.259590e-01 1.457797e-05 3.285194e+00
146 6.257948e-01 2.624496e-04 3.517995e+00
147 6.253114e-01 7.723741e-04 3.399402e+00
148 6.257506e-01 7.022794e-04 3.598058e+00
149 6.259382e-01 2.998741e-04 3.429197e+00
150 6.259098e-01 4.531193e-05 3.341280e+00
151 6.256691e-01 3.846119e-04 3.295527e+00
152 6.266496e-01 1.567114e-03 3.278785e+00
153 6.264593e-01 3.037637e-04 3.358886e+00
154 4.015630e-01 3.589958e-01 3.286054e+00
155 4.048184e-01 8.106777e-03 3.437797e+00
156 2.861017e-01 2.932592e-01 3.511219e+00
157 2.851535e-01 3.314205e-03 3.432226e+00
158 2.852741e-01 4.230850e-04 3.447490e+00
159 2.849736e-01 1.053502e-03 3.615685e+00
160 2.857020e-01 2.556133e-03 3.368119e+00
161 2.842259e-01 5.166535e-03 3.550215e+00
162 2.716703e-01 4.417483e-02 3.508525e+00
163 2.723065e-01 2.341971e-03 3.574962e+00
164 1.828874e-01 3.283769e-01 3.575587e+00
165 1.801555e-01 1.493755e-02 3.477564e+00
166 1.789762e-01 6.545992e-03 3.469848e+00
167 1.797526e-01 4.338206e-03 3.504270e+00
168 1.779903e-01 9.804255e-03 3.590974e+00
169 1.694092e-01 4.821099e-02 3.471553e+00
170 1.677792e-01 9.621654e-03 3.471801e+00
171 1.121289e-01 3.316876e-01 3.560290e+00
172 1.025797e-01 8.516233e-02 3.510455e+00
173 9.712547e-02 5.317099e-02 3.447820e+00
174 2.684836e-02 7.235703e-01 3.567747e+00
175 2.528253e-02 5.832117e-02 3.592338e+00
176 2.504001e-02 9.592753e-03 3.470597e+00
177 2.451432e-02 2.099384e-02 3.535741e+00
178 1.394384e-02 4.311963e-01 3.502655e+00
179 1.488429e-02 6.744568e-02 3.678623e+00
180 4.272237e-03 7.129700e-01 3.509814e+00
181 4.574488e-03 7.074768e-02 3.542219e+00
182 4.281331e-03 6.408522e-02 3.526752e+00
183 4.007741e-03 6.390305e-02 3.637825e+00
184 4.238725e-03 5.763444e-02 3.487041e+00
185 3.945521e-03 6.917277e-02 3.660883e+00
186 4.154546e-03 5.297789e-02 3.510089e+00
187 3.337341e-03 1.967014e-01 3.460831e+00
188 3.584407e-03 7.403090e-02 3.517603e+00
189 3.220378e-03 1.015591e-01 3.462298e+00
190 3.784375e-03 1.751337e-01 3.533820e+00
191 3.423088e-03 9.546814e-02 3.451996e+00
192 2.673922e-03 2.188568e-01 3.534889e+00
193 2.837564e-03 6.119936e-02 3.598030e+00
194 3.067840e-03 8.115277e-02 3.682781e+00
195 2.969182e-03 3.215872e-02 3.905723e+00
196 2.109725e-03 2.894593e-01 3.582460e+00
197 2.581880e-03 2.237992e-01 3.692425e+00
198 2.210679e-03 1.437714e-01 3.566546e+00
199 2.194715e-03 7.221499e-03 3.606289e+00
200 2.282093e-03 3.981280e-02 3.495553e+00
201 2.057013e-03 9.862865e-02 3.595443e+00
202 1.709779e-03 1.688050e-01 3.575071e+00
203 1.324847e-03 2.251353e-01 3.612103e+00
204 1.220581e-03 7.870055e-02 3.580424e+00
205 1.495285e-03 2.250596e-01 3.677454e+00
206 1.346474e-03 9.952001e-02 4.235953e+00
207 1.406465e-03 4.455432e-02 3.591472e+00
208 1.432768e-03 1.870142e-02 3.596939e+00
209 1.513176e-03 5.612038e-02 3.571286e+00
210 1.383835e-03 8.547621e-02 3.608254e+00
211 1.431473e-03 3.442474e-02 3.693689e+00
212 1.442999e-03 8.051969e-03 3.550535e+00
213 1.484348e-03 2.865488e-02 3.630928e+00
214 8.949455e-04 3.970785e-01 3.587631e+00
215 1.342058e-03 4.995972e-01 3.439144e+00
216 1.361488e-03 1.447775e-02 3.786742e+00
217 1.129190e-03 1.706207e-01 3.748956e+00
218 9.541382e-04 1.550240e-01 3.518957e+00
219 9.449216e-04 9.659596e-03 3.535960e+00
220 1.233857e-03 3.057769e-01 3.468554e+00
221 1.043711e-03 1.541072e-01 3.469517e+00
222 1.112582e-03 6.598702e-02 3.452339e+00
223 1.170607e-03 5.215392e-02 3.471172e+00
224 1.062021e-03 9.276061e-02 3.459382e+00
225 8.593167e-04 1.908667e-01 3.515000e+00
226 9.401234e-04 9.403596e-02 3.514290e+00
227 8.730628e-04 7.133163e-02 3.636650e+00
228 6.577064e-04 2.466677e-01 3.718747e+00
229 7.757029e-04 1.794060e-01 3.588427e+00
230 6.798285e-04 1.235968e-01 3.535770e+00
231 7.799479e-04 1.472716e-01 3.549601e+00
232 7.041159e-04 9.722702e-02 3.565590e+00
233 7.635691e-04 8.443673e-02 3.501013e+00
234 8.358750e-04 9.469451e-02 3.579866e+00
235 6.712856e-04 1.969067e-01 3.547546e+00
236 8.669284e-04 2.914450e-01 3.444762e+00
237 5.522958e-04 3.629279e-01 3.557402e+00
238 7.376934e-04 3.356852e-01 3.348752e+00
239 6.045751e-04 1.804521e-01 3.443398e+00
240 6.437057e-04 6.472412e-02 3.375119e+00
241 4.906970e-04 2.376997e-01 3.453295e+00
242 5.986417e-04 2.199824e-01 3.517921e+00
243 5.318702e-04 1.115383e-01 3.503366e+00
244 4.772707e-04 1.026558e-01 3.623053e+00
245 5.213419e-04 9.234016e-02 3.510021e+00
246 6.333828e-04 2.149086e-01 3.591231e+00
247 5.374767e-04 1.514189e-01 3.558669e+00
248 5.874689e-04 9.301284e-02 3.550490e+00
249 6.117854e-04 4.139192e-02 3.502305e+00
250 5.584656e-04 8.715434e-02 3.572729e+00
251 5.743588e-04 2.845861e-02 3.502871e+00
252 6.024210e-04 4.885841e-02 3.707599e+00
253 5.897645e-04 2.100944e-02 3.667693e+00
254 4.118475e-04 3.016747e-01 3.546399e+00
255 2.399200e-04 4.174542e-01 3.467912e+00
256 5.598896e-04 1.333651e+00 3.517084e+00
257 4.472349e-04 2.012086e-01 3.437627e+00
258 2.371844e-04 4.696648e-01 3.438106e+00
259 4.485258e-04 8.910426e-01 3.437504e+00
260 4.264974e-04 4.911296e-02 3.631398e+00
261 3.757388e-04 1.190127e-01 3.447122e+00
262 4.363968e-04 1.614365e-01 3.462719e+00
263 4.600679e-04 5.424232e-02 3.493970e+00
264 3.420928e-04 2.564298e-01 3.516858e+00
265 4.330470e-04 2.658760e-01 3.574207e+00
266 4.336740e-04 1.447749e-03 3.661764e+00
267 3.503155e-04 1.922147e-01 3.794433e+00
268 3.709020e-04 5.876565e-02 3.446697e+00
269 4.070219e-04 9.738391e-02 3.454610e+00
270 3.139187e-04 2.287425e-01 3.500191e+00
271 3.671186e-04 1.694704e-01 3.663310e+00
272 3.149220e-04 1.421791e-01 4.019337e+00
273 2.816376e-04 1.056910e-01 3.933047e+00
274 3.077270e-04 9.263466e-02 3.462294e+00
275 3.386583e-04 1.005154e-01 3.334261e+00
276 2.891746e-04 1.461168e-01 3.485751e+00
277 3.319936e-04 1.480733e-01 3.479121e+00
278 3.405280e-04 2.570638e-02 3.511406e+00
279 2.288675e-04 3.279041e-01 3.423190e+00
280 2.902509e-04 2.682053e-01 3.452007e+00
281 3.105883e-04 7.006827e-02 3.453950e+00
282 2.777901e-04 1.056005e-01 3.484504e+00
283 2.841378e-04 2.285073e-02 3.643059e+00
284 3.294534e-04 1.594846e-01 3.730105e+00
285 2.668092e-04 1.901458e-01 3.494976e+00
286 2.072717e-04 2.231464e-01 3.484961e+00
287 2.081834e-04 4.398791e-03 3.501666e+00
288 2.403979e-04 1.547408e-01 3.509712e+00
289 2.163614e-04 9.998650e-02 3.501314e+00
290 2.464793e-04 1.392018e-01 3.486774e+00
291 2.430908e-04 1.374753e-02 3.479798e+00
292 2.398135e-04 1.348156e-02 3.455749e+00
293 2.091132e-04 1.280177e-01 3.542600e+00
294 2.231017e-04 6.689456e-02 3.534765e+00
295 2.110064e-04 5.421421e-02 3.604595e+00
296 1.932524e-04 8.413980e-02 4.045804e+00
297 1.966974e-04 1.782663e-02 3.655034e+00
298 1.880625e-04 4.389938e-02 3.565125e+00
299 1.737445e-04 7.613444e-02 3.535186e+00
300 1.683827e-04 3.086044e-02 3.512771e+00
301 1.776858e-04 5.525022e-02 3.470942e+00
302 1.685595e-04 5.136228e-02 3.539905e+00
303 1.792603e-04 6.348374e-02 3.519524e+00
304 1.209493e-04 3.252865e-01 3.539332e+00
305 1.412833e-04 1.681200e-01 3.537626e+00
306 1.362639e-04 3.552725e-02 3.562779e+00
307 1.282937e-04 5.849111e-02 3.646105e+00
308 1.267779e-04 1.181543e-02 3.730803e+00
309 1.372270e-04 8.242129e-02 3.534987e+00
310 1.309794e-04 4.552759e-02 3.447931e+00
311 1.491771e-04 1.389354e-01 3.501321e+00
312 1.136122e-04 2.384070e-01 3.573367e+00
313 1.364026e-04 2.005981e-01 3.604222e+00
314 1.205938e-04 1.158983e-01 3.526590e+00
315 1.202360e-04 2.966683e-03 3.476427e+00
316 1.170073e-04 2.685329e-02 3.551224e+00
317 1.362998e-04 1.648826e-01 3.555146e+00
318 1.087364e-04 2.022258e-01 3.668406e+00
319 1.326463e-04 2.198883e-01 3.814658e+00
320 9.939899e-05 2.506464e-01 3.598835e+00
321 1.046206e-04 5.253209e-02 3.487544e+00
322 1.032698e-04 1.291116e-02 3.510436e+00
323 1.197565e-04 1.596461e-01 3.501943e+00
324 1.312864e-04 9.627766e-02 3.604588e+00
325 1.427927e-04 8.764286e-02 3.531788e+00
326 1.445464e-04 1.228151e-02 3.559508e+00
327 1.099638e-04 2.392488e-01 3.455604e+00
328 1.375227e-04 2.506177e-01 3.484934e+00
329 1.534157e-04 1.155664e-01 3.772535e+00
330 1.450838e-04 5.430944e-02 4.460465e+00
331 1.330603e-04 8.287304e-02 3.603349e+00
332 1.246252e-04 6.339280e-02 3.454715e+00
333 1.332047e-04 6.884258e-02 3.507586e+00
334 1.327740e-04 3.233562e-03 3.470253e+00
335 9.883841e-05 2.555891e-01 3.477146e+00
336 1.200990e-04 2.151042e-01 3.611760e+00
337 1.236145e-04 2.927196e-02 3.627221e+00
338 1.249458e-04 1.076970e-02 3.547572e+00
339 8.097802e-05 3.518948e-01 3.530775e+00
340 1.123171e-04 3.870074e-01 3.558591e+00
341 9.621092e-05 1.433993e-01 3.469807e+00
342 9.798698e-05 1.846002e-02 3.481067e+00
343 6.896116e-05 2.962211e-01 3.541078e+00
344 9.842276e-05 4.272202e-01 3.457563e+00
345 8.651915e-05 1.209437e-01 3.550294e+00
346 1.032228e-04 1.930631e-01 3.586645e+00
347 9.647806e-05 6.534167e-02 3.543034e+00
348 9.542532e-05 1.091166e-02 3.478622e+00
349 5.969075e-05 3.744768e-01 3.530141e+00
350 8.318194e-05 3.935482e-01 3.482746e+00
351 7.934696e-05 4.610354e-02 3.523140e+00
352 7.993672e-05 7.432646e-03 3.445572e+00
353 5.972675e-05 2.528246e-01 3.500318e+00
354 8.406435e-05 4.074824e-01 3.506679e+00
355 6.827605e-05 1.878120e-01 3.476872e+00
356 7.196028e-05 5.396079e-02 3.525739e+00
357 5.102883e-05 2.908751e-01 3.479754e+00
358 6.885971e-05 3.494276e-01 3.511712e+00
359 8.340993e-05 2.113024e-01 3.563265e+00
360 6.048581e-05 2.748368e-01 3.592328e+00
361 6.877664e-05 1.370707e-01 3.539240e+00
362 5.557753e-05 1.919127e-01 3.538616e+00
363 6.702414e-05 2.059575e-01 3.546185e+00
364 4.840552e-05 2.777898e-01 3.477761e+00
365 6.729969e-05 3.903308e-01 3.529129e+00
366 5.919882e-05 1.203701e-01 3.566561e+00
367 5.336872e-05 9.848339e-02 3.541812e+00
368 5.342468e-05 1.048580e-03 3.427396e+00
369 4.805314e-05 1.005442e-01 3.551718e+00
370 4.286314e-05 1.080055e-01 3.557931e+00
371 5.123927e-05 1.954159e-01 3.604418e+00
372 5.640302e-05 1.007770e-01 3.712225e+00
373 4.027438e-05 2.859534e-01 3.581058e+00
374 4.559812e-05 1.321867e-01 3.630191e+00
375 4.782620e-05 4.886329e-02 3.458855e+00
376 4.736309e-05 9.683174e-03 3.372325e+00
377 4.769746e-05 7.059814e-03 3.455783e+00
378 4.739859e-05 6.265886e-03 3.528038e+00
379 4.352157e-05 8.179612e-02 3.566512e+00
380 4.941465e-05 1.354059e-01 3.583814e+00
381 3.710955e-05 2.490173e-01 3.357979e+00
382 4.978521e-05 3.415742e-01 3.349711e+00
383 3.728156e-05 2.511519e-01 3.510088e+00
384 3.739796e-05 3.122068e-03 3.463178e+00
385 3.487388e-05 6.749243e-02 3.864740e+00
386 3.924703e-05 1.253990e-01 3.563883e+00
387 3.458405e-05 1.188109e-01 3.463282e+00
388 4.040253e-05 1.682416e-01 3.648056e+00
389 3.214617e-05 2.043525e-01 3.564063e+00
390 3.577540e-05 1.128979e-01 3.589718e+00
391 3.116924e-05 1.287524e-01 3.478308e+00
392 3.806260e-05 2.211594e-01 3.511661e+00
393 3.131956e-05 1.771566e-01 3.559189e+00
394 3.386894e-05 8.139899e-02 3.573155e+00
395 3.749430e-05 1.070407e-01 3.671797e+00
396 3.792098e-05 1.137991e-02 3.388379e+00
397 3.000096e-05 2.088560e-01 3.572349e+00
398 3.528158e-05 1.760151e-01 3.439012e+00
399 2.843981e-05 1.939191e-01 3.533644e+00
400 3.646324e-05 2.821197e-01 3.459272e+00
401 2.724060e-05 2.529297e-01 3.454696e+00
402 3.201617e-05 1.753106e-01 3.494218e+00
403 2.435771e-05 2.392060e-01 3.468292e+00
404 3.759768e-05 5.435640e-01 3.429032e+00
405 3.149352e-05 1.623547e-01 3.439656e+00
406 3.215526e-05 2.101202e-02 3.495153e+00
407 3.012671e-05 6.308618e-02 3.643517e+00
408 3.010977e-05 5.622502e-04 3.811613e+00
409 2.791414e-05 7.292090e-02 3.509008e+00
410 2.708797e-05 2.959665e-02 3.455253e+00
411 2.505810e-05 7.493610e-02 3.422020e+00
412 2.711920e-05 8.225262e-02 3.508470e+00
413 2.420334e-05 1.075203e-01 3.441156e+00
414 2.867444e-05 1.847311e-01 3.390013e+00
415 2.323433e-05 1.897200e-01 3.470530e+00
416 2.317993e-05 2.341335e-03 3.452499e+00
417 2.819188e-05 2.162195e-01 3.493560e+00
418 2.844656e-05 9.033824e-03 3.437828e+00
419 2.811146e-05 1.178006e-02 3.743539e+00
420 2.674564e-05 4.858607e-02 3.756723e+00
421 2.480680e-05 7.249168e-02 3.493629e+00
422 2.553668e-05 2.942277e-02 3.533809e+00
423 2.027450e-05 2.060637e-01 3.477653e+00
424 1.946362e-05 3.999520e-02 3.558356e+00
425 1.773286e-05 8.892283e-02 3.601453e+00
426 2.283880e-05 2.879370e-01 3.597902e+00
427 1.742568e-05 2.370143e-01 3.466206e+00
428 2.152230e-05 2.350909e-01 3.429337e+00
429 1.533323e-05 2.875655e-01 3.531384e+00
430 1.906089e-05 2.431098e-01 3.451372e+00
431 1.787423e-05 6.225601e-02 3.429127e+00
432 1.717225e-05 3.927362e-02 3.474239e+00
433 1.463578e-05 1.477072e-01 3.610604e+00
434 1.312896e-05 1.029549e-01 3.524798e+00
435 1.780946e-05 3.565021e-01 3.383710e+00
436 1.731844e-05 2.757052e-02 3.418279e+00
437 1.522172e-05 1.210689e-01 3.435393e+00
438 1.595033e-05 4.786644e-02 3.494460e+00
439 1.333112e-05 1.642104e-01 3.574212e+00
440 1.277979e-05 4.135650e-02 3.519356e+00
441 1.546263e-05 2.099288e-01 3.447669e+00
442 1.518190e-05 1.815539e-02 3.471357e+00
443 1.334175e-05 1.212067e-01 3.520086e+00
444 1.032690e-05 2.259717e-01 3.511114e+00
445 9.698930e-06 6.080885e-02 3.575713e+00
446 9.801527e-06 1.057819e-02 3.583464e+00
447 1.275097e-05 3.009170e-01 3.477944e+00
448 1.017787e-05 2.017967e-01 3.463177e+00
449 8.619356e-06 1.531275e-01 3.750049e+00
450 1.010291e-05 1.721183e-01 3.911119e+00
451 1.136055e-05 1.244839e-01 3.470343e+00
452 8.484899e-06 2.531263e-01 3.433111e+00
453 1.093568e-05 2.888399e-01 3.250176e+00
454 8.548269e-06 2.183137e-01 3.258749e+00
455 9.498976e-06 1.112163e-01 3.250946e+00
456 8.952209e-06 5.756067e-02 3.312494e+00
457 1.034634e-05 1.557302e-01 3.270265e+00
458 9.051365e-06 1.251624e-01 3.286506e+00
459 9.589911e-06 5.949881e-02 3.343487e+00
460 7.025581e-06 2.673987e-01 3.317206e+00
461 1.017514e-05 4.482980e-01 3.382758e+00
462 9.758481e-06 4.094826e-02 3.335210e+00
463 9.183770e-06 5.889348e-02 4.181037e+00
464 8.038151e-06 1.247439e-01 3.430991e+00
465 9.965905e-06 2.398255e-01 3.358735e+00
466 9.715619e-06 2.511420e-02 3.468112e+00
467 9.881264e-06 1.704933e-02 3.481288e+00
468 7.628419e-06 2.279916e-01 3.553870e+00
469 8.435577e-06 1.058093e-01 3.486664e+00
470 8.701808e-06 3.156048e-02 3.491704e+00
471 9.648584e-06 1.088023e-01 3.500012e+00
472 8.850151e-06 8.275135e-02 3.459726e+00
473 8.909433e-06 6.698414e-03 3.467452e+00
474 9.475268e-06 6.350972e-02 3.339453e+00
475 8.680963e-06 8.382934e-02 3.515351e+00
476 8.943371e-06 3.022803e-02 3.510079e+00
477 4.958938e-06 4.455180e-01 3.485908e+00
478 7.503962e-06 5.132194e-01 3.563985e+00
479 7.068997e-06 5.796460e-02 3.501751e+00
480 7.095456e-06 3.742922e-03 3.455110e+00
481 8.143638e-06 1.477257e-01 3.612649e+00
482 7.666046e-06 5.864599e-02 3.422947e+00
483 5.925397e-06 2.270596e-01 3.464103e+00
484 7.001217e-06 1.815608e-01 3.495481e+00
485 6.351702e-06 9.277170e-02 3.652149e+00
486 6.877525e-06 8.278455e-02 3.469555e+00
487 5.646768e-06 1.789534e-01 3.516474e+00
488 4.873845e-06 1.368789e-01 3.712621e+00
489 4.201822e-06 1.378835e-01 3.467151e+00
490 5.841700e-06 3.902779e-01 3.500839e+00
491 5.134013e-06 1.211440e-01 3.459931e+00
492 5.175908e-06 8.160310e-03 3.464322e+00
493 3.589135e-06 3.065690e-01 3.483977e+00
494 4.607813e-06 2.838226e-01 3.479458e+00
495 4.726867e-06 2.583748e-02 3.496051e+00
496 4.853022e-06 2.668894e-02 3.462583e+00
497 4.417435e-06 8.975574e-02 3.520320e+00
498 3.483657e-06 2.113847e-01 3.526859e+00
499 3.407283e-06 2.192351e-02 3.703690e+00
500 4.717225e-06 3.844534e-01 3.783285e+00
501 3.841472e-06 1.856499e-01 3.471836e+00
502 4.135483e-06 7.653598e-02 3.519402e+00
503 4.086214e-06 1.191388e-02 3.464271e+00
504 4.031955e-06 1.327836e-02 3.479839e+00
505 3.603109e-06 1.063619e-01 3.448069e+00
506 3.035489e-06 1.575360e-01 3.487704e+00
507 2.836355e-06 6.560210e-02 3.495609e+00
508 3.852182e-06 3.581453e-01 3.527181e+00
509 2.987896e-06 2.243629e-01 3.479936e+00
510 3.390371e-06 1.347021e-01 3.552121e+00
511 3.401305e-06 3.224759e-03 3.607958e+00
512 2.684538e-06 2.107327e-01 3.795142e+00
513 2.676253e-06 3.086345e-03 3.455298e+00
514 2.496347e-06 6.722309e-02 3.431718e+00
515 2.644209e-06 5.923118e-02 3.535080e+00
516 2.912375e-06 1.014167e-01 3.551576e+00
517 2.424661e-06 1.674626e-01 3.464267e+00
518 2.330458e-06 3.885204e-02 3.495537e+00
519 2.130775e-06 8.568431e-02 3.583969e+00
520 2.951427e-06 3.851428e-01 3.535984e+00
521 2.056819e-06 3.031104e-01 3.407893e+00
522 1.885500e-06 8.329309e-02 3.656418e+00
523 3.169506e-06 6.809896e-01 3.623258e+00
524 2.391970e-06 2.453177e-01 3.886008e+00
525 2.637341e-06 1.025812e-01 3.399855e+00
526 1.967317e-06 2.540531e-01 3.470098e+00
527 2.213494e-06 1.251338e-01 3.456423e+00
528 2.451697e-06 1.076140e-01 3.399031e+00
529 2.335597e-06 4.735519e-02 3.407330e+00
530 2.244151e-06 3.915288e-02 3.486289e+00
531 1.160242e-06 4.829931e-01 3.464089e+00
532 2.103585e-06 8.130575e-01 3.471618e+00
533 2.095396e-06 3.892822e-03 3.456003e+00
534 2.116266e-06 9.960069e-03 3.464022e+00
535 1.840975e-06 1.300837e-01 3.477407e+00
536 2.046464e-06 1.116198e-01 3.605555e+00
537 1.844013e-06 9.892697e-02 3.559528e+00
538 1.871862e-06 1.510206e-02 3.511598e+00
539 1.812754e-06 3.157703e-02 3.535285e+00
540 1.276620e-06 2.957565e-01 3.455823e+00
541 1.177642e-06 7.753136e-02 3.392369e+00
542 1.423182e-06 2.085017e-01 3.415957e+00
543 1.544238e-06 8.505949e-02 3.503676e+00
544 1.719487e-06 1.134860e-01 3.479606e+00
545 1.303141e-06 2.421339e-01 3.431418e+00
546 1.519006e-06 1.656501e-01 3.407193e+00
547 1.556355e-06 2.458784e-02 3.503179e+00
548 1.621176e-06 4.164900e-02 3.512085e+00
549 1.168304e-06 2.793480e-01 3.689945e+00
550 1.218816e-06 4.323519e-02 3.496606e+00
551 1.240402e-06 1.771128e-02 3.383542e+00
552 1.358309e-06 9.505496e-02 3.439438e+00
553 1.442158e-06 6.173086e-02 3.494163e+00
554 1.358610e-06 5.793259e-02 3.431773e+00
555 1.395330e-06 2.702708e-02 3.511922e+00
556 1.423411e-06 2.012538e-02 3.455117e+00
557 1.044024e-06 2.665341e-01 3.416290e+00
558 6.064815e-07 4.190921e-01 3.542999e+00
559 1.241472e-06 1.047007e+00 3.584624e+00
560 1.046414e-06 1.571180e-01 3.583610e+00
561 1.220677e-06 1.665333e-01 3.671155e+00
562 1.215997e-06 3.833594e-03 3.342610e+00
563 1.186271e-06 2.444633e-02 3.383118e+00
564 6.673249e-07 4.374598e-01 3.487772e+00
565 1.124033e-06 6.843866e-01 3.391721e+00
566 1.180276e-06 5.003678e-02 3.391554e+00
567 8.049263e-07 3.180187e-01 3.456445e+00
568 7.993333e-07 6.948524e-03 3.495378e+00
569 1.019142e-06 2.749896e-01 3.455417e+00
570 9.209269e-07 9.636997e-02 3.423944e+00
571 9.688990e-07 5.209109e-02 3.487668e+00
572 7.014633e-07 2.760202e-01 3.504404e+00
573 8.782046e-07 2.519608e-01 3.518935e+00
574 6.939666e-07 2.097893e-01 3.320144e+00
575 8.180720e-07 1.788347e-01 3.206426e+00
576 7.383955e-07 9.739547e-02 3.439917e+00
577 7.681050e-07 4.023529e-02 3.391640e+00
578 8.089103e-07 5.312462e-02 3.536508e+00
579 5.868572e-07 2.745089e-01 3.430961e+00
580 7.958379e-07 3.561015e-01 3.415744e+00
581 5.861345e-07 2.635002e-01 3.479675e+00
582 7.546534e-07 2.875091e-01 3.415698e+00
583 5.528220e-07 2.674492e-01 3.559799e+00
584 6.642067e-07 2.014839e-01 3.304033e+00
585 5.706797e-07 1.408102e-01 3.549032e+00
586 6.233588e-07 9.230944e-02 3.207864e+00
587 4.631635e-07 2.569872e-01 3.207267e+00
588 6.086797e-07 3.141787e-01 3.183537e+00
589 5.337050e-07 1.231759e-01 3.351822e+00
590 3.497686e-07 3.446406e-01 3.231595e+00
591 4.121476e-07 1.783438e-01 3.214880e+00
592 4.263781e-07 3.452770e-02 3.359365e+00
593 4.131654e-07 3.098827e-02 3.319959e+00
594 4.284304e-07 3.694634e-02 3.391983e+00
595 3.976065e-07 7.194607e-02 3.455218e+00
596 3.229648e-07 1.877277e-01 3.615945e+00
597 3.085546e-07 4.461838e-02 3.746931e+00
598 3.738906e-07 2.117487e-01 3.447830e+00
599 3.261163e-07 1.277762e-01 3.311902e+00
600 3.220251e-07 1.254524e-02 3.335041e+00
601 3.242338e-07 6.858683e-03 3.360020e+00
602 3.782739e-07 1.666701e-01 3.391573e+00
603 3.042467e-07 1.956973e-01 3.471674e+00
604 3.710299e-07 2.195036e-01 3.376578e+00
605 2.939129e-07 2.078459e-01 3.367956e+00
606 3.296322e-07 1.215303e-01 3.567043e+00
607 3.288273e-07 2.441803e-03 3.663617e+00
608 2.431197e-07 2.606464e-01 4.479400e+00
609 2.479812e-07 1.999633e-02 3.318934e+00
610 2.962807e-07 1.947710e-01 3.319578e+00
611 3.123436e-07 5.421511e-02 3.200382e+00
612 2.950370e-07 5.540899e-02 3.167772e+00
613 3.036329e-07 2.913528e-02 3.239533e+00
614 2.810724e-07 7.430211e-02 3.431980e+00
615 2.762588e-07 1.712575e-02 3.239578e+00
616 2.628926e-07 4.838288e-02 3.183259e+00
617 2.569934e-07 2.243958e-02 3.200338e+00
618 3.065299e-07 1.927541e-01 3.503469e+00
619 2.615068e-07 1.468800e-01 3.662081e+00
620 3.010596e-07 1.512496e-01 3.823667e+00
621 2.869165e-07 4.697769e-02 3.959544e+00
622 2.829104e-07 1.396260e-02 3.295227e+00
623 2.945396e-07 4.110546e-02 3.375398e+00
624 1.962230e-07 3.337976e-01 3.399415e+00
625 2.568053e-07 3.087423e-01 3.543628e+00
626 2.532983e-07 1.365616e-02 3.407627e+00
627 2.161136e-07 1.468021e-01 3.455667e+00
628 2.391964e-07 1.068089e-01 3.472371e+00
629 2.491569e-07 4.164128e-02 3.551158e+00
630 1.764180e-07 2.919399e-01 3.415996e+00
631 2.300174e-07 3.038200e-01 3.510947e+00
632 2.238542e-07 2.679435e-02 3.688155e+00
633 1.969744e-07 1.200775e-01 3.638715e+00
634 1.853830e-07 5.884723e-02 3.367580e+00
635 2.308814e-07 2.454295e-01 3.408389e+00
636 1.868206e-07 1.908374e-01 3.543487e+00
637 2.013610e-07 7.783076e-02 3.367258e+00
638 1.950970e-07 3.110816e-02 3.456241e+00
639 1.488253e-07 2.371729e-01 3.751994e+00
640 1.520565e-07 2.171149e-02 3.447350e+00
641 1.411665e-07 7.161834e-02 3.375321e+00
642 1.787128e-07 2.659720e-01 3.376039e+00
643 1.500290e-07 1.605021e-01 3.752402e+00
644 1.784368e-07 1.893488e-01 3.827954e+00
645 1.395268e-07 2.180605e-01 3.455315e+00
646 1.656560e-07 1.872703e-01 3.551889e+00
647 1.602288e-07 3.276216e-02 3.320432e+00
648 1.247934e-07 2.211551e-01 3.399382e+00
649 1.321735e-07 5.913857e-02 3.607140e+00
650 1.542583e-07 1.670897e-01 3.414080e+00
651 1.305021e-07 1.540028e-01 3.280189e+00
652 1.249400e-07 4.262099e-02 3.503287e+00
653 1.191672e-07 4.620408e-02 3.360216e+00
654 1.215640e-07 2.011294e-02 3.391080e+00
655 1.383247e-07 1.378750e-01 3.344402e+00
656 1.103419e-07 2.022978e-01 3.583223e+00
657 1.157662e-07 4.915882e-02 4.047807e+00
658 1.162099e-07 3.833247e-03 3.575591e+00
659 1.157961e-07 3.561125e-03 3.399771e+00
660 1.115625e-07 3.656043e-02 3.399522e+00
661 1.223589e-07 9.677384e-02 3.432383e+00
662 9.889009e-08 1.918029e-01 3.295656e+00
663 8.949933e-08 9.496162e-02 3.365528e+00
664 1.128539e-07 2.609473e-01 3.375262e+00
665 1.051097e-07 6.862139e-02 3.360242e+00
666 1.102849e-07 4.923588e-02 3.359945e+00
667 1.046830e-07 5.079459e-02 3.391172e+00
668 1.059336e-07 1.194672e-02 3.472287e+00
669 9.896023e-08 6.582815e-02 3.503352e+00
670 1.064921e-07 7.610973e-02 3.664322e+00
671 9.416408e-08 1.157644e-01 3.611935e+00
672 8.596687e-08 8.705235e-02 3.407912e+00
673 8.221860e-08 4.360133e-02 3.367452e+00
674 7.551350e-08 8.155213e-02 3.287555e+00
675 8.906254e-08 1.794254e-01 3.407833e+00
676 7.665314e-08 1.393336e-01 3.288132e+00
677 9.037319e-08 1.789888e-01 3.431309e+00
678 8.913634e-08 1.368610e-02 3.383310e+00
679 8.670456e-08 2.728160e-02 3.423002e+00
680 6.607841e-08 2.378900e-01 3.368403e+00
681 6.690792e-08 1.255344e-02 3.446997e+00
682 6.748759e-08 8.663771e-03 3.392202e+00
683 6.308479e-08 6.523876e-02 3.444346e+00
684 6.150752e-08 2.500237e-02 3.184633e+00
685 7.074571e-08 1.501962e-01 3.493757e+00
686 6.101963e-08 1.374795e-01 3.543469e+00
687 6.395959e-08 4.818068e-02 3.399681e+00
688 6.338691e-08 8.953801e-03 3.415865e+00
689 5.856427e-08 7.608253e-02 3.904028e+00
690 6.681443e-08 1.408735e-01 3.543700e+00
691 5.206447e-08 2.207601e-01 3.327770e+00
692 6.078036e-08 1.674057e-01 3.263812e+00
693 5.486344e-08 9.734928e-02 3.191709e+00
694 5.766409e-08 5.104770e-02 3.239447e+00
695 5.255758e-08 8.855617e-02 3.215645e+00
696 5.335764e-08 1.522257e-02 3.503945e+00
697 5.634834e-08 5.604997e-02 3.491154e+00
698 5.918520e-08 5.034514e-02 3.431883e+00
699 4.563812e-08 2.288930e-01 3.335754e+00
700 5.283358e-08 1.576634e-01 3.447728e+00
701 4.961634e-08 6.089387e-02 3.376055e+00
702 5.051167e-08 1.804499e-02 3.359517e+00
703 4.701668e-08 6.919181e-02 3.343085e+00
704 4.919904e-08 4.641678e-02 3.351889e+00
705 4.645408e-08 5.579282e-02 3.407741e+00
706 5.523610e-08 1.890473e-01 3.432113e+00
707 4.291085e-08 2.231376e-01 3.415151e+00
708 4.923769e-08 1.474415e-01 3.440618e+00
709 5.265474e-08 6.939904e-02 3.399303e+00
710 5.808944e-08 1.032138e-01 3.471912e+00
711 5.817387e-08 1.453464e-03 3.479694e+00
712 6.663208e-08 1.453955e-01 4.012241e+00
713 6.028522e-08 9.525237e-02 3.715693e+00
714 5.705439e-08 5.359244e-02 3.103776e+00
715 5.722167e-08 2.932013e-03 3.144106e+00
716 5.879017e-08 2.741089e-02 3.223911e+00
717 5.420515e-08 7.798958e-02 3.191733e+00
718 5.629552e-08 3.856402e-02 3.215677e+00
719 3.612204e-08 3.583497e-01 3.191629e+00
720 4.839790e-08 3.398441e-01 3.199709e+00
721 4.512426e-08 6.764009e-02 3.311128e+00
722 4.467765e-08 9.897339e-03 3.223938e+00
723 4.559168e-08 2.045826e-02 3.159491e+00
724 4.173705e-08 8.454664e-02 3.319768e+00
725 3.609378e-08 1.352103e-01 3.343955e+00
726 4.056056e-08 1.237550e-01 3.364969e+00
727 4.004568e-08 1.269404e-02 3.311858e+00
728 4.706722e-08 1.753382e-01 3.199245e+00
729 3.935133e-08 1.639335e-01 3.080206e+00
730 3.620608e-08 7.992729e-02 3.231103e+00
731 3.680404e-08 1.651546e-02 3.232000e+00
732 3.448447e-08 6.302500e-02 3.343720e+00
733 3.358905e-08 2.596563e-02 3.264125e+00
734 3.566833e-08 6.190345e-02 3.190238e+00
735 2.586269e-08 2.749118e-01 3.232148e+00
736 3.376555e-08 3.055702e-01 3.134843e+00
737 2.816757e-08 1.657897e-01 3.319035e+00
738 3.565130e-08 2.656860e-01 3.192545e+00
739 3.219364e-08 9.698544e-02 3.308641e+00
740 3.119738e-08 3.094603e-02 3.344031e+00
741 2.831571e-08 9.236902e-02 3.455708e+00
742 3.910770e-08 3.811308e-01 3.464275e+00
743 2.820016e-08 2.789102e-01 3.303799e+00
744 3.015549e-08 6.933757e-02 3.406541e+00
745 2.942926e-08 2.408286e-02 3.432550e+00
746 3.073213e-08 4.427111e-02 3.478832e+00
747 2.733051e-08 1.106859e-01 3.727419e+00
748 3.353346e-08 2.269604e-01 3.391341e+00
749 2.693917e-08 1.966481e-01 3.479951e+00
750 3.871154e-08 4.369983e-01 3.440682e+00
751 3.213132e-08 1.699807e-01 3.391426e+00
752 3.273968e-08 1.893350e-02 3.359879e+00
753 3.095679e-08 5.445655e-02 3.423251e+00
754 3.300417e-08 6.613682e-02 3.360082e+00
755 2.535909e-08 2.316400e-01 3.319701e+00
756 2.592329e-08 2.224846e-02 3.407039e+00
757 2.966052e-08 1.441650e-01 3.191598e+00
758 2.425923e-08 1.821038e-01 3.207628e+00
759 2.059556e-08 1.510215e-01 3.286677e+00
760 2.493595e-08 2.107438e-01 3.280431e+00
761 1.882473e-08 2.450764e-01 3.772828e+00
762 1.734786e-08 7.845392e-02 3.303034e+00
763 1.868332e-08 7.698097e-02 3.544530e+00
764 1.601748e-08 1.426855e-01 3.415518e+00
765 1.554344e-08 2.959504e-02 3.357754e+00
766 1.642631e-08 5.680015e-02 3.416497e+00
767 1.555293e-08 5.316979e-02 3.303854e+00
768 1.168008e-08 2.490107e-01 3.359315e+00
769 1.379472e-08 1.810464e-01 3.471602e+00
770 8.891583e-09 3.554356e-01 3.432056e+00
771 1.429491e-08 6.076900e-01 3.896003e+00
772 1.221876e-08 1.452369e-01 4.228979e+00
773 1.370594e-08 1.217125e-01 3.207248e+00
774 1.074610e-08 2.159527e-01 3.232032e+00
775 1.306494e-08 2.157839e-01 3.375878e+00
776 9.395700e-09 2.808463e-01 3.192125e+00
777 1.284005e-08 3.665879e-01 3.326046e+00
778 1.073260e-08 1.641311e-01 3.334952e+00
779 1.103893e-08 2.854220e-02 3.336255e+00
780 1.010471e-08 8.462967e-02 3.190863e+00
781 9.510443e-09 5.881081e-02 3.272251e+00
782 9.245597e-09 2.784789e-02 3.232060e+00
783 9.870413e-09 6.757981e-02 3.294750e+00
784 1.005173e-08 1.836970e-02 3.255523e+00
785 1.052816e-08 4.739768e-02 3.395948e+00
786 9.772593e-09 7.176616e-02 3.071569e+00
787 1.011159e-08 3.468832e-02 3.208072e+00
788 6.990331e-09 3.086812e-01 3.319301e+00
789 9.722748e-09 3.908853e-01 3.327813e+00
790 8.754400e-09 9.959611e-02 3.367604e+00
791 9.729223e-09 1.113523e-01 3.320199e+00
792 8.289158e-09 1.480144e-01 3.381032e+00
793 8.335219e-09 5.556836e-03 3.391109e+00
794 7.397040e-09 1.125560e-01 3.447909e+00
795 8.673556e-09 1.725712e-01 3.192167e+00
796 7.388435e-09 1.481654e-01 3.295308e+00
797 7.105527e-09 3.829070e-02 3.335632e+00
798 5.735887e-09 1.927570e-01 3.551552e+00
799 5.587567e-09 2.585825e-02 3.215162e+00
800 6.804849e-09 2.178555e-01 3.216894e+00
801 5.718325e-09 1.596690e-01 3.373165e+00
802 6.476141e-09 1.325240e-01 3.423916e+00
803 5.778179e-09 1.077743e-01 3.424022e+00
804 6.436767e-09 1.139784e-01 3.374992e+00
805 6.491804e-09 8.550407e-03 3.424269e+00
806 4.974883e-09 2.336670e-01 3.320052e+00
807 5.683131e-09 1.423647e-01 3.334826e+00
808 5.530539e-09 2.685005e-02 3.328341e+00
809 4.385383e-09 2.070605e-01 3.351975e+00
810 5.408684e-09 2.333436e-01 3.446952e+00
811 5.223428e-09 3.425149e-02 3.615683e+00
812 4.067808e-09 2.212378e-01 3.624305e+00
813 4.717931e-09 1.598215e-01 3.408555e+00
814 4.625101e-09 1.967606e-02 3.343223e+00
815 4.092066e-09 1.152484e-01 3.455492e+00
816 3.772273e-09 7.814941e-02 3.311481e+00
817 3.592539e-09 4.764602e-02 3.071721e+00
818 3.449118e-09 3.992210e-02 3.127768e+00
819 3.920939e-09 1.367947e-01 3.167049e+00
820 3.915858e-09 1.295875e-03 3.200101e+00
821 3.299782e-09 1.573284e-01 3.127952e+00
822 3.594718e-09 8.938034e-02 3.168087e+00
823 3.859225e-09 7.358222e-02 4.079413e+00
824 4.589436e-09 1.892119e-01 3.788593e+00
825 3.067685e-09 3.315770e-01 3.127120e+00
826 2.498383e-09 1.855801e-01 3.079781e+00
827 2.710287e-09 8.481611e-02 3.055943e+00
828 2.760287e-09 1.844832e-02 3.191688e+00
829 3.061782e-09 1.092259e-01 3.247348e+00
830 2.324653e-09 2.407514e-01 3.328313e+00
831 2.814694e-09 2.108018e-01 3.303189e+00
832 2.488677e-09 1.158270e-01 3.416084e+00
833 2.940945e-09 1.817303e-01 3.303699e+00
834 2.486756e-09 1.544364e-01 3.287737e+00
835 2.733185e-09 9.909676e-02 3.543140e+00
836 2.321091e-09 1.507743e-01 3.400095e+00
837 2.598663e-09 1.195868e-01 3.431578e+00
838 2.051705e-09 2.104765e-01 3.183948e+00
839 2.364230e-09 1.523241e-01 3.399890e+00
840 2.032909e-09 1.401388e-01 3.183453e+00
841 2.405917e-09 1.834845e-01 3.071685e+00
842 2.013232e-09 1.632161e-01 3.192649e+00
843 1.921233e-09 4.569742e-02 3.207330e+00
844 2.126722e-09 1.069569e-01 3.127849e+00
845 2.179533e-09 2.483210e-02 3.119711e+00
846 2.154062e-09 1.168628e-02 3.126668e+00
847 1.639697e-09 2.387884e-01 3.375158e+00
848 2.142356e-09 3.065556e-01 3.792060e+00
849 1.662427e-09 2.240191e-01 3.651231e+00
850 1.858653e-09 1.180360e-01 3.295380e+00
851 1.874858e-09 8.718819e-03 3.256027e+00
852 1.601701e-09 1.456947e-01 3.303397e+00
853 1.636256e-09 2.157367e-02 3.263540e+00
854 1.523303e-09 6.903109e-02 3.222568e+00
855 1.814894e-09 1.914201e-01 3.063234e+00
856 1.925776e-09 6.109518e-02 3.088016e+00
857 1.656445e-09 1.398558e-01 3.064315e+00
858 1.982127e-09 1.966153e-01 3.175145e+00
859 2.091262e-09 5.505960e-02 3.072129e+00
860 2.059661e-09 1.511131e-02 3.268161e+00
861 2.148624e-09 4.319306e-02 3.280415e+00
862 1.728103e-09 1.957166e-01 3.382049e+00
863 1.999255e-09 1.569075e-01 3.127967e+00
864 1.409738e-09 2.948684e-01 3.064338e+00
865 1.741782e-09 2.355360e-01 2.965500e+00
866 1.549392e-09 1.104555e-01 3.023743e+00
867 1.650979e-09 6.556561e-02 3.087414e+00
868 1.312715e-09 2.048869e-01 3.183873e+00
869 1.288693e-09 1.829940e-02 3.223278e+00
870 1.258269e-09 2.360884e-02 3.175935e+00
871 1.491076e-09 1.850221e-01 3.256420e+00
872 1.297861e-09 1.295813e-01 3.295650e+00
873 1.242160e-09 4.291712e-02 3.159673e+00
874 1.030648e-09 1.702778e-01 3.143246e+00
875 1.026416e-09 4.105674e-03 3.423144e+00
876 1.367918e-09 3.327122e-01 3.183208e+00
877 9.889018e-10 2.770750e-01 3.208195e+00
878 1.230448e-09 2.442573e-01 3.095343e+00
879 9.434585e-10 2.332400e-01 3.159746e+00
880 1.121227e-09 1.884222e-01 3.103929e+00
881 1.187001e-09 5.866286e-02 3.071271e+00
882 1.150361e-09 3.086781e-02 3.119933e+00
883 1.178786e-09 2.470899e-02 2.959782e+00
884 1.252537e-09 6.256543e-02 3.119038e+00
885 1.235652e-09 1.348059e-02 3.143670e+00
886 1.276336e-09 3.292514e-02 3.063696e+00
887 1.215741e-09 4.747555e-02 4.088419e+00
888 1.172318e-09 3.571780e-02 3.390645e+00
889 1.167644e-09 3.986818e-03 3.111864e+00
890 8.007943e-10 3.141792e-01 3.239968e+00
891 1.088627e-09 3.594341e-01 3.120291e+00
892 9.088728e-10 1.651202e-01 3.141677e+00
893 1.006810e-09 1.077564e-01 3.063829e+00
894 7.247504e-10 2.801515e-01 3.127445e+00
895 8.841905e-10 2.199932e-01 3.031439e+00
896 7.592051e-10 1.413557e-01 3.084482e+00
897 8.261132e-10 8.812906e-02 2.904294e+00
898 9.048208e-10 9.527459e-02 2.999257e+00
899 8.153516e-10 9.888059e-02 3.199565e+00
900 7.425038e-10 8.934517e-02 3.159604e+00
901 6.342926e-10 1.457383e-01 3.317379e+00
902 5.897367e-10 7.024505e-02 3.119663e+00
903 6.504677e-10 1.029798e-01 3.175859e+00
904 5.006568e-10 2.303125e-01 2.983713e+00
905 4.670533e-10 6.711895e-02 3.039913e+00
906 4.542650e-10 2.738087e-02 2.999341e+00
907 5.843055e-10 2.862658e-01 2.991109e+00
908 7.043484e-10 2.054454e-01 2.920354e+00
909 5.436537e-10 2.281466e-01 3.071064e+00
910 7.565802e-10 3.916585e-01 3.120392e+00
911 5.808570e-10 2.322599e-01 3.295942e+00
912 6.277606e-10 8.074894e-02 3.463115e+00
913 5.998880e-10 4.440003e-02 3.495688e+00
914 4.817917e-10 1.968639e-01 3.419475e+00
915 5.385192e-10 1.177428e-01 3.104539e+00
916 4.520796e-10 1.605136e-01 3.319741e+00
917 5.686863e-10 2.579341e-01 3.255543e+00
918 5.513691e-10 3.045134e-02 3.215413e+00
919 5.492690e-10 3.808879e-03 3.111685e+00
920 4.090218e-10 2.553342e-01 3.031900e+00
921 5.004596e-10 2.235522e-01 2.911192e+00
922 5.363511e-10 7.171711e-02 3.031296e+00
923 4.980925e-10 7.133130e-02 2.911542e+00
924 4.812222e-10 3.386978e-02 2.840127e+00
925 5.292933e-10 9.989378e-02 2.872377e+00
926 5.228584e-10 1.215744e-02 2.919232e+00
927 5.582539e-10 6.769608e-02 3.078650e+00
928 5.149109e-10 7.764029e-02 3.208071e+00
929 5.203973e-10 1.065503e-02 3.291651e+00
930 4.034371e-10 2.247518e-01 3.014592e+00
931 4.591501e-10 1.380959e-01 2.975411e+00
932 4.799046e-10 4.520202e-02 3.024143e+00
933 3.687265e-10 2.316670e-01 2.983749e+00
934 4.545130e-10 2.326562e-01 2.911695e+00
935 3.507643e-10 2.282634e-01 3.016210e+00
936 2.461832e-10 2.981521e-01 2.919622e+00
937 3.658005e-10 4.858874e-01 2.911197e+00
938 3.858042e-10 5.468463e-02 2.968255e+00
939 3.084468e-10 2.005094e-01 2.984395e+00
940 3.611182e-10 1.707634e-01 2.951585e+00
941 3.417333e-10 5.368031e-02 2.967801e+00
942 3.818481e-10 1.173863e-01 3.199765e+00
943 4.009028e-10 4.990112e-02 3.039522e+00
944 3.004371e-10 2.505985e-01 3.103597e+00
945 3.364692e-10 1.199321e-01 2.983526e+00
946 3.531008e-10 4.942974e-02 3.087658e+00
947 2.949129e-10 1.647912e-01 3.696062e+00
948 2.971448e-10 7.567935e-03 3.559143e+00
949 2.767366e-10 6.868073e-02 2.927860e+00
950 3.398086e-10 2.279134e-01 2.871498e+00
951 2.910139e-10 1.435948e-01 2.966716e+00
952 2.660339e-10 8.583789e-02 2.928075e+00
953 2.698676e-10 1.441061e-02 2.855875e+00
954 2.857817e-10 5.897025e-02 3.288000e+00
955 2.886543e-10 1.005170e-02 2.959886e+00
956 2.911326e-10 8.585494e-03 3.047902e+00
957 2.839630e-10 2.462658e-02 3.127978e+00
958 2.461933e-10 1.330092e-01 3.072288e+00
959 2.811327e-10 1.419185e-01 2.951157e+00
960 2.471834e-10 1.207590e-01 3.199917e+00
961 2.621370e-10 6.049595e-02 3.439322e+00
962 2.675130e-10 2.050849e-02 3.649372e+00
963 2.708800e-10 1.258620e-02 2.967433e+00
964 2.692099e-10 6.165492e-03 2.847505e+00
965 2.608317e-10 3.112140e-02 2.912433e+00
966 1.743208e-10 3.316733e-01 2.919817e+00
967 2.049090e-10 1.754708e-01 2.935498e+00
968 2.381193e-10 1.620735e-01 2.823448e+00
969 1.493721e-10 3.727007e-01 2.839713e+00
970 2.317277e-10 5.513459e-01 2.799944e+00
971 1.884493e-10 1.867644e-01 2.783826e+00
972 2.149322e-10 1.405308e-01 2.895174e+00
973 1.664210e-10 2.257047e-01 2.960096e+00
974 1.982196e-10 1.910730e-01 2.895852e+00
975 1.837138e-10 7.318012e-02 3.015826e+00
976 1.892949e-10 3.037927e-02 2.983358e+00
977 1.539934e-10 1.864896e-01 2.951911e+00
978 1.870772e-10 2.148396e-01 2.904561e+00
979 1.780905e-10 4.803738e-02 2.903314e+00
980 1.680541e-10 5.635569e-02 2.983764e+00
981 1.290357e-10 2.321779e-01 2.967959e+00
982 1.522018e-10 1.795328e-01 2.920056e+00
983 1.583872e-10 4.063937e-02 2.935897e+00
984 1.526909e-10 3.596460e-02 2.847144e+00
985 1.173899e-10 2.311925e-01 2.840432e+00
986 1.401219e-10 1.936456e-01 3.087601e+00
987 1.608473e-10 1.479099e-01 3.151322e+00
988 1.321847e-10 1.781977e-01 3.623925e+00
989 1.495826e-10 1.316178e-01 3.503001e+00
990 1.230805e-10 1.771732e-01 2.927340e+00
991 1.455903e-10 1.828865e-01 2.664181e+00
992 1.041431e-10 2.846836e-01 2.719579e+00
993 1.189734e-10 1.424025e-01 2.695844e+00
994 1.223215e-10 2.814158e-02 2.823484e+00
995 1.115003e-10 8.846551e-02 2.711947e+00
996 1.204737e-10 8.047954e-02 2.815627e+00
997 1.290668e-10 7.132687e-02 2.831852e+00
998 1.106079e-10 1.430182e-01 2.752109e+00
999 1.302752e-10 1.778118e-01 2.735890e+00
1000 1.270863e-10 2.447813e-02 2.831295e+00
1001 1.175092e-10 7.535914e-02 2.824202e+00
1002 1.266404e-10 7.770573e-02 2.839527e+00
1003 7.917678e-11 3.747904e-01 2.752199e+00
