1 9.996261e-01 1.000000e+00 2.972566e+00
2 9.952750e-01 4.352762e-03 3.121438e+00
3 9.692376e-01 2.616097e-02 3.226131e+00
4 9.583246e-01 1.125941e-02 3.386792e+00
5 9.068613e-01 5.370128e-02 3.055502e+00
6 8.893768e-01 1.928023e-02 3.044856e+00
7 8.719703e-01 1.957159e-02 3.093555e+00
8 8.341294e-01 4.339699e-02 3.044372e+00
9 7.775432e-01 6.783872e-02 3.148746e+00
10 7.598804e-01 2.271612e-02 3.078864e+00
11 7.544287e-01 7.174408e-03 3.051770e+00
12 7.424419e-01 1.588856e-02 3.191481e+00
13 7.017351e-01 5.482830e-02 3.140240e+00
14 6.930866e-01 1.232447e-02 2.946066e+00
15 6.685512e-01 3.540010e-02 3.002141e+00
16 6.597998e-01 1.309015e-02 3.111300e+00
17 6.573983e-01 3.639707e-03 2.827891e+00
18 6.316765e-01 3.912674e-02 2.805656e+00
19 6.222817e-01 1.487284e-02 2.778521e+00
20 6.233223e-01 1.672284e-03 2.932164e+00
21 6.137743e-01 1.531787e-02 2.960276e+00
22 6.100491e-01 6.069313e-03 2.875614e+00
23 6.098679e-01 2.970130e-04 2.799401e+00
24 6.104296e-01 9.209931e-04 2.973644e+00
25 4.269300e-01 3.006074e-01 2.875902e+00
26 4.155455e-01 2.666601e-02 3.022521e+00
27 4.047058e-01 2.608540e-02 3.115304e+00
28 4.020738e-01 6.503436e-03 3.246580e+00
29 4.043557e-01 5.675206e-03 3.070580e+00
30 3.993847e-01 1.229357e-02 2.933411e+00
31 3.982223e-01 2.910517e-03 2.945926e+00
32 2.206463e-01 4.459217e-01 2.946660e+00
33 2.048204e-01 7.172549e-02 2.952594e+00
34 1.984993e-01 3.086167e-02 2.884201e+00
35 1.993546e-01 4.309248e-03 2.953646e+00
36 1.974395e-01 9.606791e-03 2.945337e+00
37 1.509022e-01 2.357039e-01 2.910315e+00
38 1.180399e-01 2.177722e-01 2.904419e+00
39 1.199707e-01 1.635699e-02 3.030163e+00
40 9.156964e-02 2.367333e-01 3.116071e+00
41 5.883118e-02 3.575253e-01 3.033993e+00
42 3.115550e-02 4.704253e-01 2.932117e+00
43 2.837308e-02 8.930741e-02 2.861947e+00
44 2.157209e-02 2.396989e-01 2.919097e+00
45 2.092004e-02 3.022666e-02 2.924656e+00
46 1.801683e-02 1.387761e-01 2.951987e+00
47 1.914561e-02 6.265119e-02 2.953265e+00
48 1.837902e-02 4.003998e-02 2.905103e+00
49 1.655626e-02 9.917594e-02 2.911532e+00
50 1.299637e-02 2.150180e-01 2.916937e+00
51 1.370661e-02 5.464934e-02 2.904486e+00
52 1.059187e-02 2.272437e-01 2.911393e+00
53 9.957826e-03 5.986140e-02 2.904242e+00
54 9.492648e-03 4.671487e-02 3.030107e+00
55 1.066057e-02 1.230346e-01 2.897050e+00
56 8.398589e-03 2.121822e-01 2.911940e+00
57 7.822256e-03 6.862252e-02 2.952263e+00
58 1.112286e-02 4.219502e-01 2.869974e+00
59 7.859345e-03 2.934060e-01 2.819455e+00
60 7.242638e-03 7.846805e-02 2.856178e+00
61 8.493714e-03 1.727376e-01 2.792998e+00
62 5.920443e-03 3.029618e-01 2.650825e+00
63 6.205493e-03 4.814676e-02 2.756291e+00
64 5.635160e-03 9.190778e-02 2.960888e+00
65 6.005963e-03 6.580166e-02 2.911346e+00
66 5.766290e-03 3.990586e-02 2.946334e+00
67 4.708606e-03 1.834254e-01 3.107237e+00
68 6.047257e-03 2.842988e-01 3.401572e+00
69 5.206390e-03 1.390494e-01 3.065058e+00
70 5.606238e-03 7.679958e-02 2.861514e+00
71 6.065657e-03 8.194782e-02 2.896976e+00
72 4.509960e-03 2.564763e-01 2.904406e+00
73 3.871678e-03 1.415272e-01 2.855582e+00
74 3.869741e-03 5.003038e-04 2.855099e+00
75 3.536427e-03 8.613329e-02 3.015836e+00
76 2.960939e-03 1.627316e-01 2.854943e+00
77 2.996779e-03 1.210435e-02 2.918747e+00
78 3.415254e-03 1.396414e-01 2.939379e+00
79 2.967069e-03 1.312301e-01 2.903233e+00
80 2.632894e-03 1.126281e-01 2.973381e+00
81 2.455360e-03 6.742903e-02 2.932995e+00
82 2.461090e-03 2.333429e-03 2.939652e+00
83 2.482969e-03 8.890078e-03 2.995061e+00
84 2.041721e-03 1.777098e-01 2.869849e+00
85 2.681217e-03 3.132142e-01 2.903983e+00
86 1.888112e-03 2.958004e-01 2.903670e+00
87 1.481238e-03 2.154927e-01 2.882650e+00
88 1.632886e-03 1.023798e-01 2.980047e+00
89 1.487773e-03 8.886904e-02 2.980086e+00
90 1.350588e-03 9.220825e-02 3.007664e+00
91 1.471221e-03 8.931853e-02 2.938455e+00
92 1.085985e-03 2.618480e-01 2.883613e+00
93 9.219698e-04 1.510288e-01 2.811140e+00
94 8.519404e-04 7.595630e-02 2.806133e+00
95 8.777250e-04 3.026580e-02 2.720545e+00
96 6.597203e-04 2.483748e-01 2.816479e+00
97 5.806342e-04 1.198782e-01 2.974782e+00
98 4.869247e-04 1.613916e-01 2.889268e+00
99 6.014304e-04 2.351610e-01 2.876759e+00
100 4.156385e-04 3.089167e-01 2.840113e+00
101 4.372057e-04 5.188932e-02 2.904388e+00
102 3.353461e-04 2.329787e-01 2.869303e+00
103 3.172997e-04 5.381414e-02 2.896457e+00
104 3.236435e-04 1.999310e-02 2.875456e+00
105 2.365666e-04 2.690520e-01 2.917530e+00
106 1.998214e-04 1.553270e-01 2.833344e+00
107 2.418687e-04 2.104246e-01 2.798905e+00
108 1.668736e-04 3.100655e-01 2.888558e+00
109 1.908503e-04 1.436819e-01 2.953334e+00
110 1.745859e-04 8.522073e-02 2.960473e+00
111 1.474272e-04 1.555606e-01 2.910136e+00
112 1.454446e-04 1.344806e-02 2.967235e+00
113 1.411922e-04 2.923748e-02 2.881393e+00
114 1.165940e-04 1.742175e-01 3.129914e+00
115 1.107163e-04 5.041167e-02 3.040939e+00
116 9.657101e-05 1.277617e-01 3.007970e+00
117 1.049757e-04 8.703157e-02 2.877136e+00
118 9.993154e-05 4.805109e-02 2.883235e+00
119 9.947886e-05 4.529918e-03 2.862383e+00
120 8.700705e-05 1.253714e-01 2.841047e+00
121 8.956018e-05 2.934388e-02 2.771678e+00
122 7.640245e-05 1.469149e-01 2.833878e+00
123 5.734552e-05 2.494282e-01 2.763929e+00
124 6.458394e-05 1.262246e-01 2.701290e+00
125 6.869076e-05 6.358894e-02 2.868773e+00
126 5.381156e-05 2.166114e-01 2.852965e+00
127 7.319045e-05 3.601251e-01 3.302644e+00
128 5.254727e-05 2.820475e-01 2.988670e+00
129 4.759639e-05 9.421756e-02 2.875342e+00
130 3.711093e-05 2.202994e-01 2.833794e+00
131 4.178418e-05 1.259265e-01 2.776894e+00
132 4.710759e-05 1.274025e-01 2.750835e+00
133 4.307917e-05 8.551533e-02 2.722827e+00
134 4.032515e-05 6.392927e-02 2.776921e+00
135 4.714802e-05 1.691962e-01 2.785833e+00
136 2.753861e-05 4.159117e-01 2.804840e+00
137 2.806016e-05 1.893890e-02 2.805563e+00
138 3.172806e-05 1.307157e-01 2.729252e+00
139 3.031611e-05 4.450163e-02 2.995380e+00
140 3.288520e-05 8.474341e-02 3.176877e+00
141 3.900924e-05 1.862247e-01 2.903351e+00
142 2.142347e-05 4.508103e-01 2.771345e+00
143 1.753398e-05 1.815528e-01 2.839773e+00
144 1.873697e-05 6.860890e-02 2.819384e+00
145 2.050714e-05 9.447459e-02 2.861929e+00
146 2.702031e-05 3.176053e-01 2.905476e+00
147 1.539580e-05 4.302136e-01 2.818312e+00
148 1.234812e-05 1.979553e-01 2.911380e+00
149 1.973893e-05 5.985365e-01 2.805715e+00
150 1.631664e-05 1.733776e-01 2.939580e+00
151 1.572104e-05 3.650278e-02 2.912123e+00
152 1.169538e-05 2.560680e-01 2.867381e+00
153 1.271485e-05 8.716802e-02 2.939992e+00
154 1.172891e-05 7.754216e-02 2.812955e+00
155 1.346709e-05 1.481962e-01 2.874518e+00
156 1.289537e-05 4.245304e-02 3.148228e+00
157 9.168702e-06 2.889927e-01 3.176556e+00
158 1.292909e-05 4.101325e-01 2.865566e+00
159 8.448637e-06 3.465402e-01 2.841602e+00
160 6.453130e-06 2.361927e-01 2.798516e+00
161 8.437336e-06 3.074795e-01 2.785746e+00
162 7.474855e-06 1.140740e-01 2.819766e+00
163 7.034268e-06 5.894264e-02 3.022624e+00
164 6.343500e-06 9.820040e-02 2.959682e+00
165 7.734610e-06 2.192969e-01 3.024363e+00
166 9.065207e-06 1.720316e-01 2.960754e+00
167 6.299299e-06 3.051125e-01 2.980877e+00
168 5.166904e-06 1.797653e-01 3.114289e+00
169 4.837485e-06 6.375555e-02 3.101550e+00
170 4.128296e-06 1.466028e-01 3.300804e+00
171 4.830281e-06 1.700423e-01 2.930860e+00
172 5.886421e-06 2.186497e-01 2.939361e+00
173 4.548520e-06 2.272860e-01 2.903547e+00
174 3.598809e-06 2.087955e-01 2.960908e+00
175 3.830535e-06 6.438965e-02 2.987951e+00
176 3.843573e-06 3.403686e-03 2.960509e+00
177 3.280722e-06 1.464395e-01 3.003490e+00
178 3.212421e-06 2.081899e-02 3.023619e+00
179 3.640884e-06 1.333770e-01 2.918045e+00
180 3.401350e-06 6.579001e-02 3.009897e+00
181 2.892015e-06 1.497450e-01 3.175671e+00
182 3.347871e-06 1.576258e-01 2.938045e+00
183 2.514345e-06 2.489722e-01 2.925725e+00
184 2.805244e-06 1.156959e-01 2.883896e+00
185 1.819785e-06 3.512916e-01 2.834434e+00
186 2.444975e-06 3.435515e-01 2.856000e+00
187 1.783960e-06 2.703566e-01 2.863228e+00
188 1.810506e-06 1.488056e-02 2.848028e+00
189 1.463009e-06 1.919339e-01 2.925860e+00
190 1.483143e-06 1.376253e-02 2.806688e+00
191 1.418071e-06 4.387471e-02 2.939678e+00
192 1.242962e-06 1.234837e-01 2.884525e+00
193 1.641722e-06 3.208143e-01 3.092797e+00
194 1.296468e-06 2.102999e-01 3.086752e+00
195 1.221877e-06 5.753458e-02 2.881952e+00
196 1.016058e-06 1.684450e-01 2.898290e+00
197 1.146529e-06 1.284099e-01 2.882231e+00
198 9.652115e-07 1.581450e-01 2.834910e+00
199 1.169653e-06 2.118104e-01 2.868856e+00
200 1.066681e-06 8.803673e-02 2.877238e+00
201 1.265330e-06 1.862312e-01 2.925913e+00
202 1.140707e-06 9.849068e-02 2.862101e+00
203 9.200838e-07 1.934092e-01 2.932596e+00
204 9.461967e-07 2.838104e-02 2.827541e+00
205 1.056304e-06 1.163686e-01 3.044653e+00
206 9.596007e-07 9.154898e-02 3.161353e+00
207 9.631410e-07 3.689347e-03 2.904885e+00
208 8.493231e-07 1.181737e-01 2.919202e+00
209 1.081541e-06 2.734155e-01 2.736259e+00
210 9.688747e-07 1.041721e-01 2.680497e+00
211 9.805804e-07 1.208170e-02 2.666834e+00
212 8.548636e-07 1.282065e-01 2.645478e+00
213 8.043386e-07 5.910302e-02 2.638593e+00
214 6.774040e-07 1.578124e-01 2.652875e+00
215 7.873764e-07 1.623440e-01 2.694050e+00
216 7.785572e-07 1.120076e-02 2.778911e+00
217 8.014634e-07 2.942137e-02 2.813943e+00
218 5.281123e-07 3.410650e-01 3.387005e+00
219 5.750391e-07 8.885757e-02 3.084165e+00
220 5.136077e-07 1.068300e-01 2.898235e+00
221 7.042920e-07 3.712647e-01 2.862470e+00
222 4.351301e-07 3.821738e-01 2.890846e+00
223 6.023304e-07 3.842536e-01 2.960198e+00
224 5.359663e-07 1.101788e-01 2.876215e+00
225 4.105036e-07 2.340869e-01 3.009526e+00
226 3.477526e-07 1.528634e-01 2.819900e+00
227 3.010396e-07 1.343283e-01 3.009911e+00
228 3.134365e-07 4.118017e-02 2.848085e+00
229 2.849885e-07 9.076152e-02 2.967078e+00
230 5.629923e-07 9.754911e-01 2.855989e+00
231 2.666273e-07 5.264104e-01 2.877116e+00
232 3.526412e-07 3.225998e-01 2.988177e+00
233 4.540665e-07 2.876163e-01 2.982052e+00
234 2.179447e-07 5.200160e-01 3.030509e+00
235 2.887815e-07 3.250218e-01 3.259860e+00
236 2.373378e-07 1.781404e-01 2.946627e+00
237 3.612066e-07 5.219091e-01 2.924687e+00
238 2.347133e-07 3.501965e-01 2.918429e+00
239 2.467676e-07 5.135762e-02 2.923230e+00
240 2.441470e-07 1.061955e-02 2.960598e+00
241 1.807210e-07 2.597860e-01 2.898033e+00
242 1.843957e-07 2.033324e-02 2.876615e+00
243 2.219868e-07 2.038613e-01 2.756073e+00
244 2.116828e-07 4.641747e-02 2.863133e+00
245 1.559988e-07 2.630541e-01 2.876637e+00
246 1.600692e-07 2.609255e-02 2.939936e+00
247 1.707216e-07 6.654917e-02 3.092249e+00
248 1.991056e-07 1.662589e-01 3.183765e+00
249 1.740978e-07 1.256006e-01 2.973742e+00
250 1.463459e-07 1.594045e-01 2.938142e+00
251 1.660628e-07 1.347280e-01 2.952962e+00
252 1.347224e-07 1.887262e-01 3.003127e+00
253 1.617534e-07 2.006423e-01 2.785616e+00
254 1.540225e-07 4.779433e-02 2.841393e+00
255 1.380023e-07 1.040121e-01 2.876855e+00
256 1.710692e-07 2.396115e-01 2.800058e+00
257 1.164400e-07 3.193398e-01 2.818853e+00
258 1.724372e-07 4.809101e-01 2.967062e+00
259 1.200785e-07 3.036392e-01 2.967089e+00
260 1.680514e-07 3.995130e-01 3.273600e+00
261 1.292717e-07 2.307610e-01 3.001898e+00
262 7.977254e-08 3.829080e-01 2.974948e+00
263 9.553250e-08 1.975612e-01 2.897623e+00
264 7.764328e-08 1.872580e-01 2.925266e+00
265 7.171984e-08 7.629045e-02 2.967883e+00
266 9.803960e-08 3.669802e-01 2.826146e+00
267 6.441578e-08 3.429617e-01 2.896782e+00
268 9.804466e-08 5.220598e-01 2.863001e+00
269 5.922661e-08 3.959222e-01 2.876818e+00
270 7.730526e-08 3.052455e-01 2.926348e+00
271 5.216735e-08 3.251773e-01 3.002342e+00
272 7.367079e-08 4.122011e-01 2.996361e+00
273 7.305954e-08 8.297019e-03 3.292152e+00
274 8.143937e-08 1.146987e-01 2.974179e+00
275 5.714076e-08 2.983644e-01 2.778684e+00
276 1.374263e-07 1.405048e+00 2.785947e+00
277 6.323164e-08 5.398867e-01 2.792471e+00
278 5.799688e-08 8.278714e-02 2.860124e+00
279 7.529313e-08 2.982274e-01 2.808258e+00
280 5.747716e-08 2.366214e-01 2.862219e+00
281 8.805860e-08 5.320623e-01 2.904857e+00
282 5.999596e-08 3.186813e-01 2.841599e+00
283 6.578664e-08 9.651770e-02 2.835148e+00
284 5.101634e-08 2.245181e-01 2.860783e+00
285 6.562687e-08 2.863892e-01 2.925232e+00
286 4.091274e-08 3.765856e-01 2.842144e+00
287 4.063359e-08 6.823022e-03 2.862230e+00
288 6.757063e-08 6.629255e-01 2.904701e+00
289 4.047997e-08 4.009236e-01 2.891003e+00
290 3.651495e-08 9.795003e-02 2.890360e+00
291 3.476609e-08 4.789457e-02 2.946839e+00
292 3.090601e-08 1.110299e-01 2.819088e+00
293 3.512778e-08 1.366003e-01 3.016393e+00
294 3.395919e-08 3.326699e-02 3.167822e+00
295 3.996390e-08 1.768215e-01 2.868133e+00
296 3.722216e-08 6.860537e-02 2.833310e+00
297 3.056637e-08 1.788125e-01 2.897693e+00
298 3.098556e-08 1.371413e-02 2.918384e+00
299 3.830254e-08 2.361414e-01 2.938572e+00
300 3.245812e-08 1.525856e-01 2.855042e+00
301 4.447988e-08 3.703773e-01 2.932738e+00
302 3.642564e-08 1.810759e-01 2.862459e+00
303 3.447913e-08 5.343801e-02 2.596426e+00
304 3.435450e-08 3.614759e-03 2.637672e+00
305 3.481861e-08 1.350952e-02 2.742878e+00
306 3.549909e-08 1.954353e-02 3.107017e+00
307 2.871144e-08 1.912062e-01 3.099537e+00
308 4.395615e-08 5.309627e-01 2.835601e+00
309 3.135967e-08 2.865692e-01 2.938881e+00
310 2.957029e-08 5.705981e-02 2.888926e+00
311 3.326791e-08 1.250450e-01 2.834079e+00
312 2.688737e-08 1.917928e-01 2.966337e+00
313 3.154201e-08 1.731162e-01 2.890374e+00
314 2.625644e-08 1.675725e-01 2.842382e+00
315 2.267642e-08 1.363480e-01 2.904704e+00
316 1.373609e-08 3.942569e-01 2.869481e+00
317 3.509469e-08 1.554926e+00 2.896346e+00
318 2.102661e-08 4.008607e-01 3.122206e+00
319 2.659109e-08 2.646399e-01 2.897290e+00
320 1.294485e-08 5.131885e-01 2.819653e+00
321 1.357173e-08 4.842728e-02 2.884128e+00
322 2.250295e-08 6.580748e-01 2.981582e+00
323 9.675049e-09 5.700541e-01 3.002037e+00
324 9.473826e-09 2.079821e-02 3.045215e+00
325 1.855294e-08 9.583369e-01 2.904284e+00
326 6.600880e-09 6.442139e-01 2.919453e+00
327 1.448746e-08 1.194777e+00 2.946018e+00
328 1.499323e-08 3.491098e-02 2.814185e+00
329 1.499042e-08 1.871645e-04 3.020920e+00
330 8.032206e-09 4.641775e-01 2.897626e+00
331 1.122900e-08 3.979967e-01 2.924899e+00
332 1.393098e-08 2.406258e-01 3.031642e+00
333 7.879589e-09 4.343839e-01 3.072379e+00
334 1.265631e-08 6.062146e-01 2.820615e+00
335 1.143794e-08 9.626597e-02 2.806613e+00
336 4.738253e-09 5.857424e-01 2.821033e+00
337 7.899592e-09 6.671950e-01 2.896738e+00
338 7.400206e-09 6.321672e-02 2.833907e+00
339 8.513173e-09 1.503968e-01 2.792603e+00
340 6.754748e-09 2.065535e-01 2.904732e+00
341 8.418422e-09 2.462970e-01 3.030574e+00
342 7.317858e-09 1.307328e-01 2.905105e+00
343 1.095236e-08 4.966615e-01 2.912435e+00
344 9.646832e-09 1.192003e-01 2.925071e+00
345 1.031339e-08 6.909552e-02 2.877410e+00
346 8.520372e-09 1.738530e-01 2.939582e+00
347 8.811384e-09 3.415482e-02 2.932666e+00
348 8.798480e-09 1.464407e-03 2.840935e+00
349 9.839959e-09 1.183703e-01 2.727335e+00
350 8.429006e-09 1.433900e-01 2.684855e+00
351 6.816489e-09 1.913058e-01 2.692456e+00
352 7.483967e-09 9.792111e-02 2.798472e+00
353 1.179971e-08 5.766648e-01 2.861881e+00
354 8.774360e-09 2.563917e-01 2.687063e+00
355 6.286294e-09 2.835609e-01 2.527268e+00
356 8.880152e-09 4.126212e-01 2.687482e+00
357 9.192276e-09 3.514845e-02 2.821117e+00
358 6.044208e-09 3.424688e-01 2.783122e+00
359 7.506020e-09 2.418533e-01 2.884187e+00
360 4.381619e-09 4.162527e-01 3.044398e+00
361 5.568533e-09 2.708849e-01 2.911587e+00
362 5.024335e-09 9.772749e-02 2.828093e+00
363 7.211203e-09 4.352554e-01 2.883892e+00
364 5.093840e-09 2.936213e-01 2.907957e+00
365 4.764793e-09 6.459713e-02 3.008905e+00
366 4.585965e-09 3.753099e-02 2.910280e+00
367 3.739320e-09 1.846167e-01 2.869185e+00
368 3.968758e-09 6.135829e-02 2.960292e+00
369 4.437643e-09 1.181441e-01 2.834776e+00
370 4.159203e-09 6.274513e-02 2.855981e+00
371 3.769502e-09 9.369594e-02 2.784071e+00
372 3.782655e-09 3.489211e-03 2.847925e+00
373 5.758973e-09 5.224686e-01 2.820738e+00
374 4.781503e-09 1.697300e-01 2.903345e+00
375 5.659113e-09 1.835427e-01 2.820967e+00
376 5.574219e-09 1.500127e-02 2.820592e+00
377 3.509698e-09 3.703696e-01 2.897581e+00
378 4.636550e-09 3.210684e-01 2.798733e+00
379 4.754725e-09 2.548751e-02 2.861039e+00
380 3.480058e-09 2.680842e-01 2.952943e+00
381 4.038775e-09 1.605481e-01 2.933217e+00
382 3.079439e-09 2.375313e-01 2.925315e+00
383 3.611562e-09 1.727985e-01 3.133938e+00
384 3.002221e-09 1.687194e-01 3.130276e+00
385 3.150542e-09 4.940368e-02 2.807162e+00
386 3.023372e-09 4.036457e-02 2.799898e+00
387 3.329490e-09 1.012506e-01 2.855086e+00
388 3.350688e-09 6.366620e-03 2.793175e+00
389 3.205532e-09 4.332119e-02 2.889573e+00
390 2.838969e-09 1.143531e-01 2.898121e+00
391 4.451397e-09 5.679623e-01 2.946927e+00
392 2.118445e-09 5.240943e-01 2.911091e+00
393 2.990312e-09 4.115601e-01 2.924808e+00
394 3.194841e-09 6.839711e-02 2.992431e+00
395 3.103887e-09 2.846903e-02 2.966415e+00
396 2.299777e-09 2.590653e-01 3.146302e+00
397 1.920940e-09 1.647280e-01 3.035578e+00
398 3.342463e-09 7.400143e-01 2.876706e+00
399 2.770207e-09 1.712077e-01 2.966630e+00
400 1.976734e-09 2.864311e-01 2.772176e+00
401 2.062531e-09 4.340361e-02 2.877348e+00
402 1.995443e-09 3.252714e-02 2.705199e+00
403 2.160615e-09 8.277472e-02 2.712290e+00
404 2.009422e-09 6.997676e-02 2.757007e+00
405 3.236769e-09 6.107961e-01 2.861846e+00
406 1.792085e-09 4.463353e-01 3.002696e+00
407 1.240551e-09 3.077610e-01 2.805354e+00
408 1.548002e-09 2.478340e-01 3.016751e+00
409 1.669764e-09 7.865763e-02 3.023145e+00
410 2.125533e-09 2.729542e-01 2.807037e+00
411 1.469130e-09 3.088180e-01 2.904242e+00
412 1.531599e-09 4.252057e-02 2.946865e+00
413 1.578810e-09 3.082525e-02 2.981134e+00
414 1.520812e-09 3.673521e-02 2.931956e+00
415 1.449947e-09 4.659737e-02 2.854364e+00
416 1.111731e-09 2.332607e-01 2.757701e+00
417 1.746710e-09 5.711623e-01 2.896614e+00
418 1.451288e-09 1.691304e-01 3.093706e+00
419 1.251472e-09 1.376822e-01 2.832513e+00
420 1.110806e-09 1.124004e-01 2.911956e+00
421 1.960837e-09 7.652387e-01 3.043701e+00
422 9.415349e-10 5.198302e-01 2.784631e+00
423 1.092211e-09 1.600328e-01 2.910995e+00
424 6.296663e-10 4.234941e-01 2.890216e+00
425 1.067748e-09 6.957357e-01 2.975511e+00
426 6.069281e-10 4.315810e-01 2.917986e+00
427 7.004456e-10 1.540834e-01 2.890445e+00
428 8.593981e-10 2.269306e-01 2.770661e+00
429 9.913801e-10 1.535749e-01 2.925993e+00
430 5.535212e-10 4.416660e-01 2.946926e+00
431 4.393568e-10 2.062513e-01 2.869010e+00
432 5.896595e-10 3.420973e-01 2.960681e+00
433 7.675054e-10 3.016077e-01 2.828158e+00
434 5.462950e-10 2.882200e-01 2.896452e+00
435 5.893883e-10 7.888285e-02 2.911159e+00
436 5.937461e-10 7.393659e-03 2.792407e+00
437 7.769216e-10 3.085083e-01 2.942803e+00
438 5.531978e-10 2.879619e-01 2.889807e+00
439 6.786195e-10 2.267212e-01 2.799231e+00
440 5.138190e-10 2.428467e-01 2.783752e+00
441 5.476662e-10 6.587390e-02 2.808683e+00
442 4.588167e-10 1.622331e-01 2.658772e+00
443 8.613057e-10 8.772329e-01 2.679863e+00
444 5.440001e-10 3.684007e-01 2.771582e+00
445 8.148802e-10 4.979413e-01 2.757527e+00
446 4.991725e-10 3.874284e-01 2.631857e+00
447 6.601839e-10 3.225567e-01 2.804206e+00
448 5.618226e-10 1.489908e-01 2.708653e+00
449 4.107868e-10 2.688317e-01 2.743815e+00
450 4.586252e-10 1.164555e-01 2.687615e+00
451 3.399889e-10 2.586781e-01 2.707123e+00
452 4.412682e-10 2.978901e-01 2.946095e+00
453 4.474698e-10 1.405402e-02 3.085503e+00
454 3.061411e-10 3.158397e-01 2.729056e+00
455 4.719085e-10 5.414738e-01 2.932396e+00
456 3.939042e-10 1.652953e-01 2.890914e+00
457 2.677800e-10 3.201901e-01 2.841583e+00
458 3.047430e-10 1.380349e-01 2.897106e+00
459 3.774020e-10 2.384271e-01 2.784639e+00
460 4.579959e-10 2.135491e-01 2.820099e+00
461 3.135149e-10 3.154635e-01 2.826842e+00
462 5.930613e-10 8.916527e-01 2.933677e+00
463 4.137127e-10 3.024115e-01 2.897249e+00
464 4.219821e-10 1.998823e-02 2.883348e+00
465 3.674996e-10 1.291110e-01 2.898135e+00
466 3.233850e-10 1.200399e-01 2.950534e+00
467 3.294476e-10 1.874730e-02 2.792762e+00
468 2.895894e-10 1.209850e-01 2.961398e+00
469 3.474266e-10 1.997217e-01 2.904015e+00
470 3.188861e-10 8.214829e-02 2.869521e+00
471 3.376533e-10 5.885239e-02 2.839320e+00
472 2.481045e-10 2.652093e-01 2.786567e+00
473 1.925888e-10 2.237593e-01 2.736038e+00
474 3.250948e-10 6.880254e-01 2.638511e+00
475 2.125972e-10 3.460457e-01 2.568603e+00
476 1.989960e-10 6.397602e-02 2.652473e+00
477 2.122864e-10 6.678710e-02 3.171181e+00
478 2.205127e-10 3.875099e-02 2.726502e+00
479 2.118292e-10 3.937867e-02 2.747610e+00
480 1.854070e-10 1.247335e-01 2.757987e+00
481 2.234493e-10 2.051823e-01 2.825971e+00
482 1.640386e-10 2.658800e-01 2.820629e+00
483 2.340028e-10 4.265110e-01 2.875459e+00
484 1.741375e-10 2.558317e-01 2.681169e+00
485 2.115595e-10 2.148995e-01 2.822144e+00
486 2.919717e-10 3.800921e-01 2.811008e+00
487 1.942330e-10 3.347541e-01 2.770919e+00
488 1.532847e-10 2.108203e-01 2.812874e+00
489 2.204709e-10 4.383095e-01 2.822113e+00
490 1.935215e-10 1.222353e-01 2.862429e+00
491 1.400995e-10 2.760522e-01 2.952303e+00
492 1.816878e-10 2.968483e-01 2.555501e+00
493 2.014876e-10 1.089772e-01 2.561060e+00
494 2.239786e-10 1.116248e-01 2.681423e+00
495 1.606497e-10 2.827453e-01 2.692105e+00
496 1.636601e-10 1.873872e-02 2.634560e+00
497 2.484912e-10 5.183374e-01 2.708764e+00
498 1.884496e-10 2.416248e-01 2.548317e+00
499 1.838516e-10 2.439904e-02 2.645699e+00
500 1.490695e-10 1.891855e-01 2.785511e+00
501 1.972398e-10 3.231394e-01 2.842125e+00
502 1.475953e-10 2.516962e-01 2.827679e+00
503 1.018504e-10 3.099344e-01 2.788912e+00
504 1.301965e-10 2.783111e-01 2.694137e+00
505 1.069953e-10 1.782015e-01 2.613760e+00
506 8.270695e-11 2.270039e-01 2.616279e+00
