1 9.892903e-01 1.000000e+00 1.828711e+00
2 9.822378e-01 7.128829e-03 1.893684e+00
3 9.791696e-01 3.123630e-03 1.779720e+00
4 9.694083e-01 9.968958e-03 2.069787e+00
5 9.539460e-01 1.595024e-02 2.034142e+00
6 9.507631e-01 3.336588e-03 2.224078e+00
7 9.494197e-01 1.413021e-03 1.933952e+00
8 9.481654e-01 1.321087e-03 1.875087e+00
9 9.351286e-01 1.374956e-02 1.855342e+00
10 9.321643e-01 3.169850e-03 1.848274e+00
11 9.305018e-01 1.783525e-03 1.801475e+00
12 9.280022e-01 2.686310e-03 1.728772e+00
13 9.254730e-01 2.725451e-03 1.814239e+00
14 9.204462e-01 5.431549e-03 1.945623e+00
15 8.961536e-01 2.639218e-02 2.039889e+00
16 8.955691e-01 6.522156e-04 1.758168e+00
17 8.954223e-01 1.639218e-04 1.770720e+00
18 8.946419e-01 8.715886e-04 1.859656e+00
19 8.913100e-01 3.724268e-03 1.790139e+00
20 8.899995e-01 1.470325e-03 1.820304e+00
21 8.903848e-01 4.329640e-04 1.774865e+00
22 8.888820e-01 1.687811e-03 1.714719e+00
23 8.852384e-01 4.099120e-03 1.740136e+00
24 8.853294e-01 1.028128e-04 1.711940e+00
25 8.858056e-01 5.378265e-04 1.622021e+00
26 8.856215e-01 2.078458e-04 1.695719e+00
27 8.854786e-01 1.613171e-04 1.694437e+00
28 8.836935e-01 2.015962e-03 1.709773e+00
29 8.829857e-01 8.009616e-04 1.944592e+00
30 8.824579e-01 5.977159e-04 1.939861e+00
31 8.095735e-01 8.259252e-02 1.914838e+00
32 8.065159e-01 3.776830e-03 1.819591e+00
33 7.647801e-01 5.174826e-02 1.838398e+00
34 7.647513e-01 3.758567e-05 1.685417e+00
35 7.645977e-01 2.009123e-04 1.734554e+00
36 7.608349e-01 4.921254e-03 1.842905e+00
37 7.605651e-01 3.546247e-04 1.694050e+00
38 7.600099e-01 7.299189e-04 1.668902e+00
39 7.599393e-01 9.288164e-05 1.723843e+00
40 7.568126e-01 4.114473e-03 1.807816e+00
41 7.560723e-01 9.781962e-04 1.774080e+00
42 7.554495e-01 8.236746e-04 1.677881e+00
43 7.074871e-01 6.348860e-02 1.880190e+00
44 7.052061e-01 3.224050e-03 1.864601e+00
45 7.046436e-01 7.976319e-04 1.813804e+00
46 7.077482e-01 4.405896e-03 1.732629e+00
47 6.276107e-01 1.132288e-01 1.935075e+00
48 5.742353e-01 8.504544e-02 1.859428e+00
49 5.736598e-01 1.002216e-03 1.659809e+00
50 5.622849e-01 1.982863e-02 1.809133e+00
51 5.414341e-01 3.708226e-02 2.009104e+00
52 4.782319e-01 1.167311e-01 1.688562e+00
53 4.669166e-01 2.366068e-02 1.719064e+00
54 3.955378e-01 1.528727e-01 1.695007e+00
55 2.966492e-01 2.500105e-01 1.704682e+00
56 2.935177e-01 1.055641e-02 1.689385e+00
57 2.821238e-01 3.881846e-02 1.753590e+00
58 2.306448e-01 1.824695e-01 1.833586e+00
59 2.100700e-01 8.920564e-02 1.714195e+00
60 1.650030e-01 2.145331e-01 2.090046e+00
61 1.533909e-01 7.037485e-02 1.928232e+00
62 1.207276e-01 2.129418e-01 1.857821e+00
63 4.606662e-02 6.184251e-01 1.923168e+00
64 3.312281e-02 2.809802e-01 1.853247e+00
65 1.687203e-02 4.906219e-01 1.678229e+00
66 2.055556e-02 2.183212e-01 1.829171e+00
67 1.217270e-02 4.078145e-01 1.703829e+00
68 1.227766e-02 8.622754e-03 1.715090e+00
69 9.772207e-03 2.040663e-01 1.659927e+00
70 9.934525e-03 1.661020e-02 1.719088e+00
71 7.696516e-03 2.252759e-01 1.745223e+00
72 3.748079e-03 5.130161e-01 1.844866e+00
73 5.134352e-03 3.698622e-01 1.644757e+00
74 4.413125e-03 1.404708e-01 1.724018e+00
75 3.410721e-03 2.271416e-01 1.633063e+00
76 2.401397e-03 2.959268e-01 1.629574e+00
77 2.333221e-03 2.839010e-02 1.624728e+00
78 2.333965e-03 3.187946e-04 1.750748e+00
79 2.492883e-03 6.808925e-02 1.735062e+00
80 1.961208e-03 2.132773e-01 1.699888e+00
81 2.353853e-03 2.002057e-01 1.714688e+00
82 2.504965e-03 6.419779e-02 1.719487e+00
83 1.918030e-03 2.343086e-01 1.714595e+00
84 2.154503e-03 1.232897e-01 1.724510e+00
85 1.692779e-03 2.143065e-01 1.744188e+00
86 1.770116e-03 4.568615e-02 1.714024e+00
87 1.529870e-03 1.357231e-01 1.752880e+00
88 1.885077e-03 2.321808e-01 1.759708e+00
89 1.348950e-03 2.844059e-01 1.713916e+00
90 1.685400e-03 2.494165e-01 1.708843e+00
91 1.325332e-03 2.136398e-01 1.679610e+00
92 1.603974e-03 2.102438e-01 1.699154e+00
93 1.295370e-03 1.924000e-01 1.679557e+00
94 1.579789e-03 2.195662e-01 1.689297e+00
95 1.189590e-03 2.469942e-01 1.714219e+00
96 1.536730e-03 2.918143e-01 1.752562e+00
97 1.157589e-03 2.467196e-01 1.739838e+00
98 1.555646e-03 3.438674e-01 1.702580e+00
99 1.158203e-03 2.554838e-01 1.720427e+00
100 1.488859e-03 2.854900e-01 1.723242e+00
101 8.675583e-04 4.172998e-01 1.718627e+00
102 1.454665e-03 6.767347e-01 1.819071e+00
103 1.127273e-03 2.250635e-01 1.914450e+00
104 1.405607e-03 2.469086e-01 1.724858e+00
105 8.290795e-04 4.101625e-01 1.740165e+00
106 1.185232e-03 4.295757e-01 1.763960e+00
107 6.195467e-04 4.772781e-01 1.714125e+00
108 6.361797e-04 2.684715e-02 1.720131e+00
109 7.953932e-04 2.502649e-01 1.697583e+00
110 4.756370e-04 4.020103e-01 1.713910e+00
111 6.845755e-04 4.392816e-01 1.726754e+00
112 6.806137e-04 5.787363e-03 1.709158e+00
113 5.936022e-04 1.278427e-01 1.714613e+00
114 5.100641e-04 1.407307e-01 1.712255e+00
115 5.898565e-04 1.564359e-01 1.720469e+00
116 7.497593e-04 2.710877e-01 1.737345e+00
117 4.867628e-04 3.507746e-01 1.846732e+00
118 6.485054e-04 3.322823e-01 1.972487e+00
119 4.618317e-04 2.878523e-01 1.766528e+00
120 5.949356e-04 2.882086e-01 1.708553e+00
121 4.143733e-04 3.034989e-01 1.634663e+00
122 6.167844e-04 4.884752e-01 1.643827e+00
123 3.930945e-04 3.626711e-01 1.711576e+00
124 5.349830e-04 3.609526e-01 1.782923e+00
125 3.491413e-04 3.473786e-01 1.748242e+00
126 4.701775e-04 3.466680e-01 1.737792e+00
127 3.427318e-04 2.710585e-01 1.654159e+00
128 4.728528e-04 3.796583e-01 1.633691e+00
129 3.372203e-04 2.868389e-01 1.673416e+00
130 4.539365e-04 3.461127e-01 1.793007e+00
131 2.951474e-04 3.498046e-01 1.753927e+00
132 4.277350e-04 4.492247e-01 1.734246e+00
133 2.617511e-04 3.880530e-01 1.948576e+00
134 3.669859e-04 4.020413e-01 1.839641e+00
135 2.414392e-04 3.421023e-01 1.704280e+00
136 3.676532e-04 5.227569e-01 1.689045e+00
137 2.279173e-04 3.800753e-01 1.708332e+00
138 3.373334e-04 4.800692e-01 1.689238e+00
139 2.065293e-04 3.877592e-01 1.680188e+00
140 3.234175e-04 5.659644e-01 1.719215e+00
141 1.903071e-04 4.115746e-01 1.699376e+00
142 2.855289e-04 5.003589e-01 1.664073e+00
143 1.817427e-04 3.634876e-01 1.734867e+00
144 2.732183e-04 5.033247e-01 1.684249e+00
145 1.741596e-04 3.625626e-01 1.829908e+00
146 2.426277e-04 3.931347e-01 1.700049e+00
147 1.528641e-04 3.699645e-01 1.718833e+00
148 2.355054e-04 5.406200e-01 1.800397e+00
149 1.528061e-04 3.511569e-01 1.763815e+00
150 2.171510e-04 4.210887e-01 1.665086e+00
151 1.272594e-04 4.139588e-01 1.709468e+00
152 2.083037e-04 6.368428e-01 1.698912e+00
153 1.173146e-04 4.368096e-01 1.706953e+00
154 1.933219e-04 6.478922e-01 1.714300e+00
155 1.130017e-04 4.154741e-01 1.714856e+00
156 1.779643e-04 5.748823e-01 1.713863e+00
157 1.012779e-04 4.309087e-01 1.714491e+00
158 1.523320e-04 5.040987e-01 1.684990e+00
159 9.348450e-05 3.863109e-01 1.684224e+00
160 1.539888e-04 6.472119e-01 1.700272e+00
161 8.818150e-05 4.273511e-01 1.648758e+00
162 1.438220e-04 6.309770e-01 1.609234e+00
163 8.178051e-05 4.313769e-01 1.630413e+00
164 1.239295e-04 5.153917e-01 1.702851e+00
165 7.867619e-05 3.651537e-01 1.695408e+00
166 1.146528e-04 4.572744e-01 1.688276e+00
167 7.261729e-05 3.666330e-01 1.689303e+00
168 1.197322e-04 6.488113e-01 1.694194e+00
169 7.593763e-05 3.657711e-01 1.709818e+00
170 1.049026e-04 3.814315e-01 1.688645e+00
171 3.544705e-05 6.620957e-01 1.669330e+00
172 1.894797e-05 4.654571e-01 1.714445e+00
173 2.411457e-05 2.726731e-01 1.665558e+00
174 4.029241e-05 6.708741e-01 1.673837e+00
175 1.717791e-05 5.736689e-01 1.668346e+00
176 2.483551e-05 4.457819e-01 1.657231e+00
177 9.954078e-06 5.991997e-01 1.728104e+00
178 1.374248e-05 3.805876e-01 1.728323e+00
179 7.856017e-06 4.283405e-01 1.693389e+00
180 8.328884e-06 6.019172e-02 1.654220e+00
181 7.990317e-06 4.064983e-02 1.668286e+00
182 4.784616e-06 4.011981e-01 1.668787e+00
183 8.943034e-06 8.691223e-01 1.699863e+00
184 5.620567e-06 3.715145e-01 1.709084e+00
185 7.517633e-06 3.375221e-01 1.688915e+00
186 4.902725e-06 3.478366e-01 1.699961e+00
187 6.798874e-06 3.867541e-01 1.679758e+00
188 4.429203e-06 3.485388e-01 1.677688e+00
189 6.146420e-06 3.877034e-01 1.745284e+00
190 4.400049e-06 2.841282e-01 1.699493e+00
191 6.386862e-06 4.515435e-01 1.689326e+00
192 3.306504e-06 4.822960e-01 1.680535e+00
193 5.105778e-06 5.441620e-01 1.688970e+00
194 3.420520e-06 3.300687e-01 1.679821e+00
195 4.676822e-06 3.672838e-01 1.674879e+00
196 3.809129e-06 1.855305e-01 1.689963e+00
197 5.604829e-06 4.714203e-01 1.633812e+00
198 2.258615e-06 5.970234e-01 1.829703e+00
199 4.033899e-06 7.860058e-01 1.891883e+00
200 2.962760e-06 2.655345e-01 1.708699e+00
201 4.324169e-06 4.595072e-01 1.699134e+00
202 1.811916e-06 5.809793e-01 1.684722e+00
203 3.625728e-06 1.001046e+00 1.669197e+00
204 2.747456e-06 2.422334e-01 1.709458e+00
205 4.007927e-06 4.587778e-01 1.713115e+00
206 1.550597e-06 6.131175e-01 1.694399e+00
207 3.650855e-06 1.354484e+00 1.679324e+00
208 1.432596e-06 6.075999e-01 1.605380e+00
209 3.734614e-06 1.606886e+00 1.614354e+00
210 1.301458e-06 6.515147e-01 1.639191e+00
211 3.154605e-06 1.423901e+00 1.644340e+00
212 1.067385e-06 6.616424e-01 1.588405e+00
213 2.873940e-06 1.692506e+00 1.594208e+00
214 1.244816e-06 5.668608e-01 1.589042e+00
215 2.581144e-06 1.073514e+00 1.614134e+00
216 1.310403e-06 4.923172e-01 1.585018e+00
217 2.662197e-06 1.031587e+00 1.624885e+00
218 1.203813e-06 5.478122e-01 1.714026e+00
219 1.805028e-06 4.994255e-01 1.714336e+00
220 1.397507e-06 2.257701e-01 1.619921e+00
221 1.791785e-06 2.821301e-01 1.609334e+00
222 1.442528e-06 1.949213e-01 1.593193e+00
223 1.666426e-06 1.552121e-01 1.588932e+00
224 1.224878e-06 2.649672e-01 1.634456e+00
225 1.404704e-06 1.468113e-01 1.662155e+00
226 1.161670e-06 1.730139e-01 1.629392e+00
227 1.403743e-06 2.083836e-01 1.619027e+00
228 1.165545e-06 1.696883e-01 1.633675e+00
229 1.200041e-06 2.959676e-02 1.628658e+00
230 1.066321e-06 1.114298e-01 1.588662e+00
231 1.208960e-06 1.337674e-01 1.574585e+00
232 1.021475e-06 1.550790e-01 1.584487e+00
233 1.096753e-06 7.369499e-02 1.613363e+00
234 8.801256e-07 1.975171e-01 1.669908e+00
235 9.646332e-07 9.601773e-02 1.753921e+00
236 6.714199e-07 3.039635e-01 1.604638e+00
237 9.222020e-07 3.735101e-01 1.584662e+00
238 7.618292e-07 1.739021e-01 1.594000e+00
239 8.200611e-07 7.643704e-02 1.589604e+00
240 8.953386e-07 9.179490e-02 1.579767e+00
241 7.613680e-07 1.496312e-01 1.578957e+00
242 7.229969e-07 5.039761e-02 1.579267e+00
243 9.542237e-07 3.198172e-01 1.584669e+00
244 3.815241e-07 6.001734e-01 1.609380e+00
245 6.302800e-07 6.520060e-01 1.587627e+00
246 4.471589e-07 2.905392e-01 1.564259e+00
247 5.812924e-07 2.999681e-01 1.564432e+00
248 3.419448e-07 4.117507e-01 1.599034e+00
249 5.969601e-07 7.457792e-01 1.749637e+00
250 3.581610e-07 4.000252e-01 1.793546e+00
251 5.116863e-07 4.286488e-01 1.744274e+00
252 3.401523e-07 3.352327e-01 1.574551e+00
253 6.160456e-07 8.110874e-01 1.579536e+00
254 2.391046e-07 6.118720e-01 1.589634e+00
255 4.078918e-07 7.059137e-01 1.557647e+00
256 2.639818e-07 3.528140e-01 1.574830e+00
257 3.877891e-07 4.689991e-01 1.664374e+00
258 1.791222e-07 5.380937e-01 1.574648e+00
259 3.715435e-07 1.074246e+00 1.494939e+00
260 2.261755e-07 3.912544e-01 1.488946e+00
261 3.428090e-07 5.156772e-01 1.494172e+00
262 2.252747e-07 3.428566e-01 1.474569e+00
263 3.080903e-07 3.676207e-01 1.525003e+00
264 1.870407e-07 3.929029e-01 1.519234e+00
265 3.079492e-07 6.464286e-01 1.514808e+00
266 1.853831e-07 3.980075e-01 1.554855e+00
267 3.056419e-07 6.487040e-01 1.629266e+00
268 1.741712e-07 4.301463e-01 1.643756e+00
269 2.649516e-07 5.212142e-01 1.508838e+00
270 1.466202e-07 4.466154e-01 1.503710e+00
271 2.421461e-07 6.515197e-01 1.494357e+00
272 1.352502e-07 4.414521e-01 1.559547e+00
273 2.651861e-07 9.607081e-01 1.569886e+00
274 1.108017e-07 5.821740e-01 1.544855e+00
275 1.993141e-07 7.988368e-01 1.549265e+00
276 1.002712e-07 4.969187e-01 1.569590e+00
277 1.935033e-07 9.297995e-01 1.538960e+00
278 1.108699e-07 4.270387e-01 1.463416e+00
279 1.738398e-07 5.679617e-01 1.414506e+00
280 1.068017e-07 3.856315e-01 1.424063e+00
281 1.667367e-07 5.611809e-01 1.449941e+00
282 9.220073e-08 4.470281e-01 1.439021e+00
283 1.498332e-07 6.250758e-01 1.439965e+00
284 8.656732e-08 4.222420e-01 1.428321e+00
285 1.596999e-07 8.448062e-01 1.445500e+00
286 6.555366e-08 5.895198e-01 1.444751e+00
287 1.183717e-07 8.057227e-01 1.398652e+00
288 8.568195e-08 2.761621e-01 1.413996e+00
289 1.201337e-07 4.020883e-01 1.465128e+00
290 8.438362e-08 2.975855e-01 1.544464e+00
291 1.128036e-07 3.367956e-01 1.505365e+00
292 5.868356e-08 4.797725e-01 1.498826e+00
293 1.050085e-07 7.894032e-01 1.565200e+00
294 6.465076e-08 3.843285e-01 1.634076e+00
295 9.284411e-08 4.360869e-01 1.589581e+00
296 6.214790e-08 3.306210e-01 1.448647e+00
297 9.075211e-08 4.602603e-01 1.449879e+00
298 4.777187e-08 4.736005e-01 1.565023e+00
299 8.321290e-08 7.418810e-01 1.584482e+00
300 5.118147e-08 3.849335e-01 1.488863e+00
301 8.180374e-08 5.983078e-01 1.415584e+00
302 4.469648e-08 4.536132e-01 1.490119e+00
303 8.104483e-08 8.132261e-01 1.545091e+00
304 4.695265e-08 4.206583e-01 1.562948e+00
305 6.824793e-08 4.535481e-01 1.523670e+00
306 4.409044e-08 3.539666e-01 1.464859e+00
307 6.090970e-08 3.814717e-01 1.463890e+00
308 4.129892e-08 3.219648e-01 1.547698e+00
309 5.426979e-08 3.140728e-01 1.570684e+00
310 4.442811e-08 1.813472e-01 1.594251e+00
311 5.007463e-08 1.270934e-01 1.419652e+00
312 4.542541e-08 9.284588e-02 1.449791e+00
313 4.903312e-08 7.942061e-02 1.504140e+00
314 3.058934e-08 3.761494e-01 1.485036e+00
315 4.692668e-08 5.340860e-01 1.574484e+00
316 2.531279e-08 4.605886e-01 1.523842e+00
317 4.576272e-08 8.078891e-01 1.538276e+00
318 1.885436e-08 5.879973e-01 1.533934e+00
319 3.296057e-08 7.481664e-01 1.510556e+00
320 2.330309e-08 2.930011e-01 1.522885e+00
321 3.211135e-08 3.779870e-01 1.523829e+00
322 1.733031e-08 4.603058e-01 1.629978e+00
323 3.008367e-08 7.358990e-01 1.599425e+00
324 1.419903e-08 5.280154e-01 1.534484e+00
325 2.601558e-08 8.322087e-01 1.463153e+00
326 1.376500e-08 4.708940e-01 1.434769e+00
327 2.497379e-08 8.142965e-01 1.443969e+00
328 9.797989e-09 6.076692e-01 1.424416e+00
329 2.252755e-08 1.299201e+00 1.419779e+00
330 1.206915e-08 4.642491e-01 1.452741e+00
331 2.058607e-08 7.056764e-01 1.439712e+00
332 1.170066e-08 4.316224e-01 1.590296e+00
333 2.007308e-08 7.155515e-01 1.559230e+00
334 8.158209e-09 5.935747e-01 1.529843e+00
335 1.803026e-08 1.210076e+00 1.508116e+00
336 7.889509e-09 5.624295e-01 1.504550e+00
337 1.794004e-08 1.273910e+00 1.508845e+00
338 6.902331e-09 6.152555e-01 1.545094e+00
339 1.885045e-08 1.731027e+00 1.630046e+00
340 5.185300e-09 7.249244e-01 1.912145e+00
341 1.426325e-08 1.750710e+00 1.504321e+00
342 5.180466e-09 6.367963e-01 1.499543e+00
343 1.388368e-08 1.680006e+00 1.513387e+00
344 4.550871e-09 6.722144e-01 1.509779e+00
345 1.133632e-08 1.491022e+00 1.533550e+00
346 5.801267e-09 4.882584e-01 1.523886e+00
347 1.140245e-08 9.655105e-01 1.514273e+00
348 4.862357e-09 5.735691e-01 1.510131e+00
349 9.992996e-09 1.055175e+00 1.544177e+00
350 4.050981e-09 5.946179e-01 1.523879e+00
351 9.257551e-09 1.285261e+00 1.509057e+00
352 4.955437e-09 4.647140e-01 1.498364e+00
353 8.552144e-09 7.258102e-01 1.509637e+00
354 3.979350e-09 5.346956e-01 1.511757e+00
355 7.542423e-09 8.953907e-01 1.533959e+00
356 4.053026e-09 4.626361e-01 1.499164e+00
357 7.623278e-09 8.808856e-01 1.508423e+00
358 3.282984e-09 5.693475e-01 1.533495e+00
359 7.184161e-09 1.188302e+00 1.540469e+00
360 2.695449e-09 6.248066e-01 1.513227e+00
361 6.059584e-09 1.248079e+00 1.493559e+00
362 3.736192e-09 3.834244e-01 1.519728e+00
363 5.898314e-09 5.786967e-01 1.533520e+00
364 3.353820e-09 4.313933e-01 1.469590e+00
365 6.331383e-09 8.878122e-01 1.434123e+00
366 2.538878e-09 5.990010e-01 1.439178e+00
367 5.664657e-09 1.231165e+00 1.454614e+00
368 2.269841e-09 5.992977e-01 1.458734e+00
369 4.839611e-09 1.132136e+00 1.459708e+00
370 2.197521e-09 5.459302e-01 1.429454e+00
371 4.552156e-09 1.071496e+00 1.493766e+00
372 2.026664e-09 5.547903e-01 1.468908e+00
373 4.495048e-09 1.217954e+00 1.464812e+00
374 1.953435e-09 5.654250e-01 1.479925e+00
375 4.520345e-09 1.314049e+00 1.539159e+00
376 1.732423e-09 6.167498e-01 1.549658e+00
377 3.385678e-09 9.543016e-01 1.534079e+00
378 2.199910e-09 3.502305e-01 1.544148e+00
379 3.594786e-09 6.340607e-01 1.529123e+00
380 2.242098e-09 3.762917e-01 1.584600e+00
381 3.419040e-09 5.249291e-01 1.564944e+00
382 1.861180e-09 4.556427e-01 1.519391e+00
383 3.088860e-09 6.596246e-01 1.509904e+00
384 1.724897e-09 4.415749e-01 1.514568e+00
385 2.798352e-09 6.223302e-01 1.499410e+00
386 1.696739e-09 3.936648e-01 1.494941e+00
387 2.573762e-09 5.168871e-01 1.463309e+00
388 1.613214e-09 3.732079e-01 1.439502e+00
389 2.366654e-09 4.670432e-01 1.584961e+00
390 1.518713e-09 3.582868e-01 1.628642e+00
391 2.175661e-09 4.325684e-01 1.480073e+00
392 1.270324e-09 4.161201e-01 1.533429e+00
393 2.378705e-09 8.725176e-01 1.519542e+00
394 1.059149e-09 5.547372e-01 1.600139e+00
395 1.691820e-09 5.973392e-01 1.578313e+00
396 1.255284e-09 2.580274e-01 1.549608e+00
397 1.667204e-09 3.281489e-01 1.491700e+00
398 1.215038e-09 2.712121e-01 1.485230e+00
399 1.586737e-09 3.059155e-01 1.514402e+00
400 1.152449e-09 2.736990e-01 1.523827e+00
401 1.454687e-09 2.622579e-01 1.519206e+00
402 1.089562e-09 2.509992e-01 1.535395e+00
403 1.331196e-09 2.217719e-01 1.484244e+00
404 9.202622e-10 3.086954e-01 1.510080e+00
405 1.200091e-09 3.040755e-01 1.524902e+00
406 8.545405e-10 2.879371e-01 1.478783e+00
407 1.091312e-09 2.770751e-01 1.423736e+00
408 8.181454e-10 2.503106e-01 1.439001e+00
409 1.203389e-09 4.708748e-01 1.448198e+00
410 6.372556e-10 4.704494e-01 1.404468e+00
411 8.404878e-10 3.189179e-01 1.435056e+00
412 7.319632e-10 1.291210e-01 1.473195e+00
413 9.614023e-10 3.134572e-01 1.505310e+00
414 5.927629e-10 3.834392e-01 1.613667e+00
415 8.422915e-10 4.209583e-01 1.464743e+00
416 4.814118e-10 4.284499e-01 1.445230e+00
417 8.984389e-10 8.662585e-01 1.449102e+00
418 4.794573e-10 4.663441e-01 1.409740e+00
419 6.673672e-10 3.919221e-01 1.444609e+00
420 4.398997e-10 3.408431e-01 1.459504e+00
421 5.964477e-10 3.558720e-01 1.508233e+00
422 4.873630e-10 1.828905e-01 1.519520e+00
423 5.864038e-10 2.032177e-01 1.518956e+00
424 4.814664e-10 1.789507e-01 1.499044e+00
425 4.983129e-10 3.499003e-02 1.535078e+00
426 5.576200e-10 1.190156e-01 1.544723e+00
427 4.897089e-10 1.217873e-01 1.539327e+00
428 5.343906e-10 9.124135e-02 1.513387e+00
429 4.730364e-10 1.148116e-01 1.514066e+00
430 5.243136e-10 1.084001e-01 1.512759e+00
431 4.319315e-10 1.761963e-01 1.539299e+00
432 4.510897e-10 4.435479e-02 1.564730e+00
433 3.708058e-10 1.779777e-01 1.528766e+00
434 4.480304e-10 2.082615e-01 1.514513e+00
435 3.658120e-10 1.835106e-01 1.509756e+00
436 4.501193e-10 2.304660e-01 1.528932e+00
437 3.381915e-10 2.486625e-01 1.564242e+00
438 3.869395e-10 1.441432e-01 1.554935e+00
439 2.764865e-10 2.854529e-01 1.584101e+00
440 4.533077e-10 6.395293e-01 1.608010e+00
441 2.914657e-10 3.570245e-01 1.604004e+00
442 3.620090e-10 2.420293e-01 1.524149e+00
443 2.387325e-10 3.405344e-01 1.518503e+00
444 3.981316e-10 6.676895e-01 1.485456e+00
445 2.475989e-10 3.780978e-01 1.484692e+00
446 3.476607e-10 4.041283e-01 1.483165e+00
447 2.010972e-10 4.215703e-01 1.454208e+00
448 1.820507e-10 9.471309e-02 1.440301e+00
449 6.510303e-11 6.423907e-01 1.450522e+00
