1 9.845195e-01 1.000000e+00 9.821470e-01
2 9.218202e-01 6.368527e-02 9.272140e-01
3 8.634321e-01 6.334000e-02 9.179540e-01
4 8.310771e-01 3.747249e-02 9.805500e-01
5 7.724808e-01 7.050652e-02 1.007641e+00
6 6.981153e-01 9.626843e-02 1.022674e+00
7 6.581669e-01 5.722308e-02 1.142756e+00
8 5.977233e-01 9.183637e-02 9.725830e-01
9 5.409723e-01 9.494520e-02 1.014578e+00
10 5.010329e-01 7.382889e-02 9.605740e-01
11 4.902924e-01 2.143676e-02 8.945870e-01
12 4.770988e-01 2.690969e-02 9.010940e-01
13 4.664741e-01 2.226949e-02 9.116790e-01
14 4.244767e-01 9.003154e-02 8.626140e-01
15 4.160289e-01 1.990162e-02 8.965860e-01
16 4.097478e-01 1.509783e-02 9.027350e-01
17 2.755340e-01 3.275522e-01 8.803600e-01
18 2.541258e-01 7.769711e-02 8.719520e-01
19 2.507249e-01 1.338285e-02 8.640670e-01
20 2.512471e-01 2.083149e-03 8.603700e-01
21 2.467860e-01 1.775594e-02 9.324090e-01
22 2.456227e-01 4.713806e-03 8.905840e-01
23 2.435755e-01 8.335000e-03 9.469010e-01
24 2.409573e-01 1.074904e-02 9.159630e-01
25 2.184521e-01 9.339909e-02 8.602630e-01
26 2.170554e-01 6.393677e-03 8.717440e-01
27 2.130165e-01 1.860746e-02 8.515200e-01
28 2.128366e-01 8.445671e-04 8.619300e-01
29 2.117293e-01 5.202627e-03 8.273060e-01
30 2.107890e-01 4.441137e-03 8.367370e-01
31 2.078846e-01 1.377864e-02 8.240650e-01
32 2.071905e-01 3.339000e-03 8.365810e-01
33 2.065305e-01 3.185457e-03 8.329280e-01
34 1.751665e-01 1.518610e-01 8.152360e-01
35 1.645032e-01 6.087522e-02 8.706140e-01
36 1.615490e-01 1.795872e-02 8.264360e-01
37 1.480732e-01 8.341606e-02 8.664360e-01
38 1.452249e-01 1.923561e-02 8.572850e-01
39 1.451108e-01 7.858441e-04 8.066850e-01
40 1.459766e-01 5.966683e-03 8.768470e-01
41 1.445162e-01 1.000426e-02 8.538240e-01
42 1.257929e-01 1.295585e-01 9.293710e-01
43 1.227378e-01 2.428721e-02 9.812380e-01
44 1.144188e-01 6.777862e-02 8.885330e-01
45 1.074407e-01 6.098736e-02 8.182210e-01
46 9.246269e-02 1.394070e-01 7.922910e-01
47 8.999777e-02 2.665852e-02 8.153360e-01
48 8.864696e-02 1.500930e-02 8.041840e-01
49 8.335438e-02 5.970412e-02 7.980900e-01
50 8.336323e-02 1.062317e-04 8.005690e-01
51 8.678596e-02 4.105804e-02 8.136720e-01
52 8.128026e-02 6.344003e-02 8.637960e-01
53 7.367442e-02 9.357541e-02 8.368620e-01
54 6.870662e-02 6.742917e-02 8.542870e-01
55 7.082354e-02 3.081098e-02 8.480910e-01
56 7.116562e-02 4.830139e-03 8.670720e-01
57 7.066347e-02 7.056152e-03 8.283800e-01
58 6.122790e-02 1.335283e-01 8.844030e-01
59 6.057460e-02 1.067001e-02 8.488820e-01
60 6.144687e-02 1.439992e-02 8.363550e-01
61 6.114621e-02 4.892931e-03 8.142660e-01
62 5.811397e-02 4.959005e-02 8.250530e-01
63 5.573058e-02 4.101235e-02 8.588100e-01
64 5.511412e-02 1.106132e-02 8.232520e-01
65 6.113449e-02 1.092346e-01 8.356100e-01
66 5.696057e-02 6.827440e-02 8.249740e-01
67 5.326818e-02 6.482369e-02 8.347280e-01
68 5.299975e-02 5.039251e-03 8.227350e-01
69 5.244138e-02 1.053520e-02 8.214390e-01
70 5.312126e-02 1.296442e-02 8.131710e-01
71 5.251784e-02 1.135927e-02 8.147890e-01
72 5.229297e-02 4.281708e-03 8.295390e-01
73 5.242081e-02 2.444675e-03 8.172590e-01
74 5.227890e-02 2.707060e-03 8.061720e-01
75 5.239203e-02 2.163914e-03 8.009010e-01
76 5.238788e-02 7.918912e-05 8.303040e-01
77 5.305821e-02 1.279557e-02 8.370800e-01
78 5.095202e-02 3.969593e-02 8.448120e-01
79 4.956139e-02 2.729285e-02 8.257030e-01
80 6.176870e-02 2.463067e-01 8.324380e-01
81 4.846894e-02 2.153154e-01 9.105450e-01
82 4.394585e-02 9.331938e-02 8.306880e-01
83 4.195242e-02 4.536108e-02 8.283850e-01
84 4.075338e-02 2.858102e-02 8.179740e-01
85 3.937129e-02 3.391350e-02 8.304130e-01
86 3.810463e-02 3.217216e-02 8.157850e-01
87 3.957206e-02 3.851074e-02 8.330850e-01
88 3.717466e-02 6.058320e-02 8.257960e-01
89 3.645947e-02 1.923884e-02 8.156770e-01
90 4.096464e-02 1.235667e-01 8.115130e-01
91 3.782672e-02 7.660068e-02 8.623700e-01
92 3.520088e-02 6.941767e-02 9.198720e-01
93 3.172379e-02 9.877838e-02 8.845000e-01
94 3.667921e-02 1.562050e-01 8.388820e-01
95 3.275066e-02 1.071056e-01 8.476780e-01
96 2.917731e-02 1.091077e-01 8.460120e-01
97 2.808657e-02 3.738323e-02 8.224060e-01
98 2.722196e-02 3.078351e-02 8.295070e-01
99 2.436200e-02 1.050608e-01 8.651390e-01
100 3.979493e-02 6.334837e-01 8.308730e-01
101 2.437983e-02 3.873635e-01 9.532890e-01
102 2.319154e-02 4.874074e-02 8.070010e-01
103 2.036452e-02 1.218986e-01 8.251210e-01
104 1.536519e-02 2.454921e-01 8.192830e-01
105 1.596717e-02 3.917792e-02 8.214760e-01
106 1.967755e-02 2.323758e-01 8.128980e-01
107 1.274072e-02 3.525252e-01 8.071090e-01
108 1.618233e-02 2.701267e-01 8.037750e-01
109 1.167481e-02 2.785456e-01 8.253950e-01
110 9.858688e-03 1.555591e-01 8.572160e-01
111 9.531814e-03 3.315594e-02 9.124090e-01
112 8.752906e-03 8.171669e-02 8.127890e-01
113 6.255088e-03 2.853701e-01 8.128200e-01
114 5.381920e-03 1.395933e-01 7.923140e-01
115 5.945063e-03 1.046360e-01 8.007410e-01
116 6.291976e-03 5.835320e-02 8.187740e-01
117 5.284247e-03 1.601609e-01 7.950950e-01
118 4.570091e-03 1.351482e-01 8.101930e-01
119 4.564357e-03 1.254721e-03 8.095450e-01
120 4.535423e-03 6.339120e-03 8.220570e-01
121 4.399106e-03 3.005598e-02 8.159400e-01
122 5.316714e-03 2.085897e-01 8.005820e-01
123 4.427670e-03 1.672169e-01 8.252270e-01
124 4.923165e-03 1.119089e-01 8.098550e-01
125 5.425602e-03 1.020555e-01 8.339420e-01
126 8.478900e-03 5.627576e-01 8.434700e-01
127 3.620279e-03 5.730249e-01 8.098360e-01
128 3.959708e-03 9.375760e-02 8.452740e-01
129 4.451935e-03 1.243089e-01 8.638830e-01
130 3.408674e-03 2.343386e-01 8.906930e-01
131 2.383815e-03 3.006622e-01 8.346280e-01
132 2.639739e-03 1.073590e-01 8.097430e-01
133 1.941113e-03 2.646572e-01 8.161010e-01
134 3.223496e-03 6.606430e-01 8.010170e-01
135 5.022053e-03 5.579524e-01 8.047550e-01
136 3.273773e-03 3.481205e-01 8.125080e-01
137 1.389321e-03 5.756207e-01 8.101140e-01
138 9.169187e-04 3.400241e-01 8.063990e-01
139 8.713806e-04 4.966429e-02 8.045240e-01
140 8.888805e-04 2.008302e-02 7.988730e-01
141 6.000643e-04 3.249214e-01 8.158050e-01
142 7.547918e-04 2.578515e-01 8.038340e-01
143 5.639688e-04 2.528154e-01 8.096540e-01
144 7.084757e-04 2.562321e-01 8.125630e-01
145 4.617605e-04 3.482338e-01 8.135620e-01
146 8.207971e-04 7.775385e-01 8.125710e-01
147 4.973801e-04 3.940280e-01 8.155250e-01
148 3.718289e-04 2.524249e-01 7.895340e-01
149 3.947771e-04 6.171695e-02 8.064410e-01
150 6.975387e-04 7.669179e-01 7.918210e-01
151 3.514723e-04 4.961250e-01 7.979890e-01
152 7.280408e-04 1.071403e+00 8.044750e-01
153 2.961944e-04 5.931624e-01 8.067260e-01
154 3.736384e-04 2.614636e-01 8.040240e-01
155 3.511149e-04 6.028160e-02 8.067420e-01
156 2.397032e-04 3.173085e-01 8.068160e-01
157 2.661203e-04 1.102077e-01 8.095810e-01
158 1.967910e-04 2.605187e-01 8.396980e-01
159 2.133054e-04 8.391873e-02 8.609640e-01
160 1.584798e-04 2.570290e-01 8.584170e-01
161 2.023272e-04 2.766754e-01 8.063300e-01
162 1.690530e-04 1.644573e-01 7.896390e-01
163 1.317495e-04 2.206615e-01 8.220140e-01
164 1.837931e-04 3.950192e-01 8.152470e-01
165 1.600204e-04 1.293453e-01 8.009430e-01
166 1.869772e-04 1.684588e-01 8.038370e-01
167 1.252807e-04 3.299683e-01 8.039670e-01
168 1.150098e-04 8.198267e-02 8.071620e-01
169 9.696118e-05 1.569312e-01 7.979120e-01
170 1.018852e-04 5.078315e-02 7.947810e-01
171 1.086479e-04 6.637549e-02 8.098580e-01
172 1.704302e-04 5.686475e-01 8.010380e-01
173 1.289546e-04 2.433581e-01 8.044100e-01
174 1.369132e-04 6.171644e-02 8.037770e-01
175 1.202931e-04 1.213915e-01 8.065300e-01
176 1.356414e-04 1.275905e-01 8.067420e-01
177 1.099238e-04 1.895999e-01 7.985460e-01
178 1.174572e-04 6.853242e-02 8.071820e-01
179 9.606730e-05 1.821078e-01 7.972270e-01
180 1.033474e-04 7.578109e-02 7.953000e-01
181 9.474444e-05 8.324295e-02 7.981300e-01
182 9.778996e-05 3.214459e-02 8.117570e-01
183 8.783238e-05 1.018262e-01 8.040400e-01
184 9.385303e-05 6.854695e-02 7.959000e-01
185 8.542811e-05 8.976712e-02 8.052960e-01
186 1.017275e-04 1.907965e-01 8.135010e-01
187 8.254456e-05 1.885718e-01 8.070340e-01
188 8.495000e-05 2.914112e-02 7.979010e-01
189 5.958282e-05 2.986130e-01 8.155250e-01
190 9.585107e-05 6.087031e-01 8.493650e-01
191 7.780786e-05 1.882421e-01 8.064150e-01
192 9.104281e-05 1.700979e-01 8.104760e-01
193 8.962640e-05 1.555762e-02 8.153730e-01
194 9.275769e-05 3.493715e-02 7.984050e-01
195 8.615316e-05 7.120198e-02 8.097650e-01
196 8.861832e-05 2.861361e-02 7.950490e-01
197 6.731557e-05 2.403876e-01 8.068730e-01
198 8.499888e-05 2.626927e-01 8.064210e-01
199 7.184917e-05 1.547045e-01 8.465470e-01
200 6.342481e-05 1.172506e-01 8.665700e-01
201 5.764779e-05 9.108458e-02 8.516130e-01
202 6.320283e-05 9.636176e-02 7.879410e-01
203 6.005625e-05 4.978546e-02 7.675870e-01
204 6.197071e-05 3.187780e-02 7.831200e-01
205 5.555222e-05 1.035731e-01 8.193200e-01
206 6.166383e-05 1.100158e-01 8.183670e-01
207 5.288774e-05 1.423216e-01 7.654230e-01
208 6.510283e-05 2.309626e-01 7.948240e-01
209 5.458132e-05 1.616137e-01 7.978900e-01
210 5.315839e-05 2.606990e-02 8.068070e-01
211 5.183936e-05 2.481314e-02 8.102040e-01
212 5.943411e-05 1.465055e-01 8.150180e-01
213 4.883847e-05 1.782755e-01 7.953100e-01
214 5.132528e-05 5.091904e-02 8.095630e-01
215 4.179189e-05 1.857444e-01 8.224150e-01
216 5.434170e-05 3.002929e-01 7.974730e-01
217 4.733081e-05 1.290149e-01 8.046760e-01
218 4.740113e-05 1.485682e-03 9.442140e-01
219 4.501825e-05 5.027054e-02 8.675970e-01
220 4.417103e-05 1.881940e-02 8.659970e-01
221 4.194540e-05 5.038663e-02 8.004970e-01
222 4.663597e-05 1.118256e-01 8.011960e-01
223 4.786633e-05 2.638209e-02 8.101400e-01
224 4.654786e-05 2.754474e-02 8.129810e-01
225 4.089136e-05 1.215202e-01 8.010310e-01
226 4.544304e-05 1.113115e-01 8.098010e-01
227 3.021013e-05 3.352089e-01 8.092170e-01
228 3.798888e-05 2.574883e-01 8.099750e-01
229 4.389001e-05 1.553382e-01 7.717780e-01
230 3.305523e-05 2.468620e-01 7.628930e-01
231 3.780605e-05 1.437237e-01 7.704850e-01
232 3.693415e-05 2.306252e-02 7.740050e-01
233 3.989213e-05 8.008792e-02 7.680150e-01
234 3.194318e-05 1.992610e-01 7.708210e-01
235 3.628757e-05 1.360035e-01 7.620510e-01
236 3.423203e-05 5.664590e-02 7.586100e-01
237 3.040318e-05 1.118498e-01 8.128230e-01
238 3.251073e-05 6.931999e-02 8.287390e-01
239 2.779309e-05 1.451103e-01 8.508950e-01
240 2.729409e-05 1.795416e-02 8.095720e-01
241 3.420831e-05 2.533231e-01 8.042080e-01
242 2.445920e-05 2.849924e-01 7.975830e-01
243 3.070684e-05 2.554309e-01 8.163140e-01
244 2.879417e-05 6.228807e-02 7.981750e-01
245 2.527426e-05 1.222438e-01 8.003630e-01
246 2.984123e-05 1.806966e-01 8.011630e-01
247 2.550723e-05 1.452355e-01 8.037810e-01
248 2.911733e-05 1.415326e-01 7.978250e-01
249 2.404475e-05 1.742117e-01 8.067770e-01
250 2.893376e-05 2.033295e-01 7.829570e-01
251 2.377349e-05 1.783477e-01 8.005290e-01
252 2.632757e-05 1.074338e-01 8.012900e-01
253 2.188176e-05 1.688651e-01 8.006030e-01
254 2.508894e-05 1.465686e-01 8.038480e-01
255 2.064637e-05 1.770729e-01 7.889780e-01
256 2.220748e-05 7.561194e-02 7.983360e-01
257 1.862081e-05 1.615074e-01 8.008510e-01
258 2.194215e-05 1.783673e-01 7.980850e-01
259 2.170062e-05 1.100745e-02 8.034530e-01
260 2.055554e-05 5.276708e-02 8.037630e-01
261 1.702009e-05 1.719950e-01 7.949910e-01
262 1.862838e-05 9.449348e-02 7.795900e-01
263 2.063959e-05 1.079650e-01 7.654150e-01
264 1.922607e-05 6.848584e-02 7.711920e-01
265 1.945904e-05 1.211741e-02 7.648790e-01
266 1.920645e-05 1.298105e-02 7.675850e-01
267 1.825859e-05 4.935066e-02 7.650340e-01
268 1.922135e-05 5.272881e-02 7.797960e-01
269 1.514712e-05 2.119637e-01 7.708960e-01
270 1.421852e-05 6.130546e-02 7.804150e-01
271 1.447167e-05 1.780453e-02 8.008220e-01
272 1.378390e-05 4.752576e-02 7.794630e-01
273 1.162505e-05 1.566210e-01 7.653510e-01
274 1.121990e-05 3.485149e-02 7.644860e-01
275 1.052344e-05 6.207351e-02 7.681600e-01
276 9.196296e-06 1.261132e-01 7.714370e-01
277 1.604584e-05 7.448154e-01 7.615300e-01
278 1.590979e-05 8.478762e-03 7.591870e-01
279 1.850813e-05 1.633171e-01 7.643840e-01
280 1.434039e-05 2.251841e-01 7.652930e-01
281 1.763051e-05 2.294297e-01 7.678970e-01
282 9.955993e-06 4.352974e-01 7.738750e-01
283 1.236398e-05 2.418634e-01 7.741540e-01
284 9.680663e-06 2.170273e-01 7.768690e-01
285 1.226284e-05 2.667354e-01 7.767810e-01
286 9.592979e-06 2.177195e-01 7.605470e-01
287 1.452293e-05 5.139126e-01 7.740320e-01
288 9.742791e-06 3.291443e-01 7.741850e-01
289 1.431183e-05 4.689660e-01 7.648720e-01
290 9.697855e-06 3.223889e-01 7.736660e-01
291 1.398932e-05 4.425167e-01 7.807380e-01
292 9.483380e-06 3.220985e-01 7.732400e-01
293 1.350421e-05 4.239874e-01 7.924430e-01
294 9.329733e-06 3.091243e-01 7.977440e-01
295 1.322514e-05 4.175260e-01 8.254240e-01
296 9.111575e-06 3.110413e-01 8.494590e-01
297 1.288872e-05 4.145436e-01 8.731700e-01
298 9.072489e-06 2.960908e-01 8.424680e-01
299 1.041019e-05 1.474462e-01 8.158940e-01
300 8.151807e-06 2.169399e-01 8.160260e-01
301 9.979460e-06 2.242022e-01 7.976220e-01
302 7.847617e-06 2.136231e-01 8.216420e-01
303 9.737324e-06 2.408001e-01 8.280580e-01
304 7.728928e-06 2.062575e-01 8.183600e-01
305 9.471774e-06 2.254964e-01 7.985020e-01
306 7.531043e-06 2.048962e-01 8.151720e-01
307 9.696514e-06 2.875394e-01 8.098820e-01
308 6.320069e-06 3.482123e-01 8.161480e-01
309 9.408369e-06 4.886497e-01 8.124570e-01
310 6.581542e-06 3.004587e-01 8.158380e-01
311 8.505490e-06 2.923248e-01 8.218080e-01
312 8.967073e-06 5.426878e-02 8.098230e-01
313 8.838662e-06 1.432028e-02 8.094000e-01
314 6.585108e-06 2.549655e-01 8.284690e-01
315 9.881631e-06 5.006028e-01 8.723300e-01
316 6.348963e-06 3.574985e-01 8.818480e-01
317 8.263637e-06 3.015727e-01 7.766900e-01
318 7.077137e-06 1.435809e-01 8.338370e-01
319 8.504205e-06 2.016449e-01 7.917200e-01
320 7.847243e-06 7.725141e-02 7.678250e-01
321 9.322670e-06 1.880185e-01 7.833240e-01
322 6.828534e-06 2.675345e-01 7.739500e-01
323 7.926100e-06 1.607323e-01 7.736890e-01
324 7.053502e-06 1.100918e-01 7.764960e-01
325 8.287016e-06 1.748798e-01 7.687100e-01
326 5.652002e-06 3.179691e-01 7.649180e-01
327 6.886578e-06 2.184317e-01 7.852130e-01
328 5.239768e-06 2.391333e-01 7.742270e-01
329 7.816539e-06 4.917720e-01 7.912600e-01
330 5.210205e-06 3.334384e-01 7.710090e-01
331 5.974816e-06 1.467526e-01 7.709450e-01
332 5.804968e-06 2.842725e-02 7.713460e-01
333 6.313580e-06 8.761651e-02 7.824680e-01
334 6.492338e-06 2.831328e-02 7.866050e-01
335 5.341303e-06 1.772912e-01 7.888380e-01
336 3.994609e-06 2.521285e-01 8.094740e-01
337 4.070871e-06 1.909126e-02 8.073070e-01
338 3.869252e-06 4.952717e-02 7.860500e-01
339 5.702694e-06 4.738491e-01 7.856490e-01
340 5.986232e-06 4.972011e-02 7.828480e-01
341 6.576283e-06 9.856792e-02 7.856840e-01
342 5.552932e-06 1.556123e-01 7.857220e-01
343 5.864529e-06 5.611403e-02 7.740850e-01
344 4.893273e-06 1.656154e-01 7.772720e-01
345 3.466549e-06 2.915683e-01 7.768610e-01
346 4.416915e-06 2.741533e-01 7.863560e-01
347 4.376764e-06 9.090442e-03 7.766980e-01
348 3.717121e-06 1.507146e-01 7.794890e-01
349 3.943860e-06 6.099845e-02 7.799400e-01
350 2.923747e-06 2.586585e-01 7.656590e-01
351 4.533466e-06 5.505670e-01 7.829410e-01
352 3.426977e-06 2.440712e-01 7.792910e-01
353 3.278930e-06 4.320044e-02 7.709780e-01
354 3.555545e-06 8.436113e-02 7.739960e-01
355 4.645432e-06 3.065318e-01 7.803410e-01
356 3.541523e-06 2.376333e-01 7.761490e-01
357 4.544987e-06 2.833425e-01 8.012770e-01
358 3.809877e-06 1.617407e-01 7.767200e-01
359 4.707361e-06 2.355677e-01 7.800730e-01
360 3.384027e-06 2.811203e-01 7.771820e-01
361 4.048718e-06 1.964202e-01 7.767430e-01
362 3.531577e-06 1.277296e-01 7.653680e-01
363 4.074954e-06 1.538624e-01 8.183940e-01
364 3.087233e-06 2.423882e-01 8.196420e-01
365 3.790471e-06 2.277891e-01 8.152960e-01
366 2.936833e-06 2.252064e-01 9.294620e-01
367 3.661422e-06 2.467246e-01 8.217070e-01
368 2.840054e-06 2.243302e-01 8.124920e-01
369 3.540895e-06 2.467701e-01 8.043810e-01
370 2.979144e-06 1.586465e-01 8.158280e-01
371 3.337298e-06 1.202204e-01 8.038950e-01
372 2.919899e-06 1.250710e-01 7.674080e-01
373 3.406532e-06 1.666609e-01 7.715840e-01
374 2.530898e-06 2.570455e-01 7.795650e-01
375 3.161438e-06 2.491368e-01 8.010980e-01
376 2.587922e-06 1.814099e-01 7.710810e-01
377 2.597415e-06 3.668111e-03 7.765770e-01
378 2.185401e-06 1.586246e-01 8.100660e-01
379 2.506990e-06 1.471534e-01 7.981350e-01
380 1.958193e-06 2.189068e-01 8.029510e-01
381 1.906851e-06 2.621901e-02 7.677700e-01
382 1.899263e-06 3.979246e-03 7.686850e-01
383 2.159028e-06 1.367714e-01 7.737030e-01
384 1.576767e-06 2.696868e-01 7.643700e-01
385 1.819799e-06 1.541335e-01 7.682480e-01
386 1.387162e-06 2.377388e-01 7.624300e-01
387 1.731206e-06 2.480198e-01 7.673160e-01
388 1.287759e-06 2.561491e-01 7.644830e-01
389 1.584616e-06 2.305216e-01 8.256790e-01
390 1.228861e-06 2.245053e-01 8.576110e-01
391 1.727161e-06 4.054975e-01 8.579330e-01
392 1.240015e-06 2.820501e-01 7.709910e-01
393 1.576147e-06 2.710705e-01 7.858690e-01
394 1.187653e-06 2.464829e-01 7.679400e-01
395 1.472916e-06 2.401901e-01 7.742680e-01
396 1.286944e-06 1.262609e-01 7.738700e-01
397 1.639531e-06 2.739722e-01 7.734090e-01
398 1.626856e-06 7.731023e-03 7.684460e-01
399 1.481971e-06 8.905847e-02 7.739150e-01
400 1.476148e-06 3.928986e-03 7.829760e-01
401 1.432199e-06 2.977258e-02 7.701860e-01
402 1.096863e-06 2.341407e-01 7.680400e-01
403 1.351137e-06 2.318193e-01 7.652510e-01
404 1.147542e-06 1.506846e-01 7.648730e-01
405 1.400325e-06 2.202829e-01 7.713240e-01
406 1.118178e-06 2.014870e-01 7.615150e-01
407 1.358939e-06 2.153154e-01 7.650700e-01
408 1.403219e-06 3.258456e-02 7.828400e-01
409 1.619749e-06 1.543092e-01 7.741810e-01
410 1.480304e-06 8.609045e-02 7.653860e-01
411 1.586030e-06 7.142166e-02 7.714560e-01
412 1.263455e-06 2.033850e-01 7.768070e-01
413 1.162366e-06 8.001032e-02 7.917180e-01
414 9.601225e-07 1.739928e-01 8.167790e-01
415 1.339901e-06 3.955516e-01 8.000790e-01
416 1.000931e-06 2.529812e-01 7.744440e-01
417 1.032595e-06 3.163457e-02 7.915210e-01
418 1.112770e-06 7.764479e-02 7.863110e-01
419 9.426693e-07 1.528628e-01 7.765860e-01
420 6.760640e-07 2.828195e-01 7.865180e-01
421 9.542599e-07 4.114934e-01 7.851390e-01
422 5.928131e-07 3.787719e-01 7.716410e-01
423 6.819441e-07 1.503526e-01 7.710070e-01
424 5.741052e-07 1.581345e-01 7.821930e-01
425 7.600176e-07 3.238299e-01 7.650770e-01
426 6.526242e-07 1.413037e-01 7.709630e-01
427 7.166737e-07 9.814136e-02 7.828990e-01
428 6.791780e-07 5.231908e-02 7.685960e-01
429 6.645156e-07 2.158840e-02 7.705820e-01
430 6.343793e-07 4.535084e-02 7.742570e-01
431 6.301609e-07 6.649653e-03 7.769440e-01
432 5.905017e-07 6.293500e-02 7.762370e-01
433 6.053595e-07 2.516128e-02 7.947110e-01
434 5.795600e-07 4.261851e-02 8.192550e-01
435 5.856966e-07 1.058844e-02 8.636500e-01
436 5.471394e-07 6.583129e-02 7.799050e-01
437 5.607569e-07 2.488846e-02 7.711980e-01
438 5.224248e-07 6.835776e-02 7.677870e-01
439 5.351251e-07 2.431022e-02 7.833290e-01
440 6.658418e-07 2.442733e-01 7.883430e-01
441 4.725130e-07 2.903525e-01 7.763710e-01
442 4.471372e-07 5.370396e-02 7.799260e-01
443 4.355712e-07 2.586668e-02 7.832730e-01
444 4.022723e-07 7.644887e-02 7.735070e-01
445 5.069199e-07 2.601414e-01 7.827900e-01
446 4.784200e-07 5.622180e-02 8.012940e-01
447 4.835060e-07 1.063087e-02 8.185180e-01
448 4.502244e-07 6.883400e-02 8.129910e-01
449 4.470232e-07 7.110064e-03 7.979440e-01
450 4.272096e-07 4.432360e-02 8.131340e-01
451 4.132868e-07 3.259004e-02 8.104710e-01
452 3.968287e-07 3.982254e-02 8.007130e-01
453 4.476819e-07 1.281492e-01 7.763850e-01
454 5.419143e-07 2.104895e-01 7.773220e-01
455 4.413014e-07 1.856619e-01 7.770260e-01
456 5.242881e-07 1.880499e-01 7.800040e-01
457 3.487206e-07 3.348684e-01 7.800060e-01
458 4.506126e-07 2.921883e-01 7.831430e-01
459 4.014686e-07 1.090605e-01 7.673040e-01
460 3.997575e-07 4.261999e-03 8.158530e-01
461 3.624701e-07 9.327513e-02 7.769170e-01
462 4.068086e-07 1.223232e-01 7.774370e-01
463 3.167986e-07 2.212590e-01 7.765100e-01
464 4.247552e-07 3.407739e-01 7.743710e-01
465 3.214567e-07 2.431954e-01 7.826440e-01
466 3.431711e-07 6.754991e-02 7.944890e-01
467 3.727874e-07 8.630204e-02 7.718380e-01
468 3.269715e-07 1.229009e-01 7.730640e-01
469 3.506861e-07 7.252806e-02 7.744380e-01
470 3.232360e-07 7.827563e-02 7.826940e-01
471 3.378275e-07 4.514202e-02 7.745400e-01
472 3.003286e-07 1.110000e-01 7.709050e-01
473 3.961832e-07 3.191656e-01 7.791460e-01
474 3.054604e-07 2.289920e-01 7.715380e-01
475 3.201033e-07 4.793704e-02 7.673900e-01
476 2.810536e-07 1.219908e-01 7.768610e-01
477 2.951823e-07 5.027048e-02 7.867780e-01
478 2.662632e-07 9.797043e-02 7.714240e-01
479 2.770273e-07 4.042672e-02 7.796630e-01
480 2.485845e-07 1.026715e-01 7.806370e-01
481 2.555557e-07 2.804358e-02 8.181690e-01
482 2.856623e-07 1.178082e-01 7.769240e-01
483 2.560284e-07 1.037376e-01 7.768990e-01
484 2.420395e-07 5.463804e-02 8.006870e-01
485 3.016121e-07 2.461277e-01 8.344490e-01
486 2.555738e-07 1.526407e-01 8.274280e-01
487 3.109475e-07 2.166639e-01 7.741490e-01
488 2.399268e-07 2.284008e-01 7.771020e-01
489 2.836117e-07 1.820761e-01 7.886590e-01
490 2.182353e-07 2.305139e-01 7.586450e-01
491 2.269041e-07 3.972247e-02 7.740360e-01
492 3.024387e-07 3.328919e-01 7.794160e-01
493 2.955097e-07 2.291038e-02 7.772230e-01
494 2.297467e-07 2.225409e-01 7.643880e-01
495 2.145599e-07 6.610237e-02 7.684980e-01
496 2.035261e-07 5.142517e-02 7.764560e-01
497 2.784581e-07 3.681690e-01 7.649460e-01
498 2.439298e-07 1.239981e-01 7.686950e-01
499 2.086940e-07 1.444507e-01 7.791790e-01
500 1.797233e-07 1.388193e-01 7.862150e-01
501 1.998572e-07 1.120272e-01 7.887020e-01
502 1.936590e-07 3.101307e-02 7.681010e-01
503 1.966633e-07 1.551374e-02 7.834040e-01
504 1.940757e-07 1.315783e-02 8.150940e-01
505 1.874900e-07 3.393344e-02 8.819030e-01
506 1.563079e-07 1.663132e-01 8.156640e-01
507 1.957804e-07 2.525302e-01 7.979020e-01
508 1.722896e-07 1.199858e-01 8.040520e-01
509 1.927715e-07 1.188810e-01 7.680220e-01
510 1.500571e-07 2.215806e-01 7.734240e-01
511 1.560897e-07 4.020250e-02 7.799980e-01
512 1.605467e-07 2.855395e-02 7.739560e-01
513 1.665063e-07 3.712035e-02 7.655310e-01
514 1.501617e-07 9.816165e-02 7.646250e-01
515 1.501757e-07 9.266366e-05 7.712820e-01
516 1.407687e-07 6.263971e-02 7.708140e-01
517 1.782332e-07 2.661425e-01 7.652530e-01
518 1.509365e-07 1.531518e-01 7.678800e-01
519 1.798174e-07 1.913448e-01 7.858340e-01
520 1.372644e-07 2.366457e-01 7.677370e-01
521 1.599802e-07 1.654896e-01 7.710330e-01
522 1.309029e-07 1.817554e-01 7.976900e-01
523 1.368910e-07 4.574409e-02 9.063560e-01
524 1.533483e-07 1.202222e-01 8.270230e-01
525 1.155105e-07 2.467444e-01 8.491500e-01
526 1.527821e-07 3.226691e-01 7.828130e-01
527 1.072589e-07 2.979620e-01 7.862130e-01
528 8.435191e-08 2.135671e-01 8.037050e-01
529 1.214476e-07 4.397730e-01 8.039450e-01
530 9.248181e-08 2.385044e-01 8.095410e-01
531 1.116407e-07 2.071638e-01 8.096690e-01
532 9.301570e-08 1.668298e-01 8.004220e-01
533 1.395413e-07 5.001905e-01 7.947300e-01
534 7.306702e-08 4.763770e-01 8.041690e-01
535 1.172998e-07 6.053722e-01 7.947830e-01
536 8.575619e-08 2.689142e-01 8.280500e-01
537 1.291362e-07 5.058534e-01 8.102650e-01
538 8.162248e-08 3.679352e-01 8.039410e-01
539 1.123096e-07 3.759646e-01 8.157500e-01
540 8.088183e-08 2.798318e-01 7.887290e-01
541 6.275982e-08 2.240555e-01 7.891820e-01
542 8.393504e-08 3.374010e-01 8.037140e-01
543 7.068353e-08 1.578782e-01 7.923500e-01
544 8.649976e-08 2.237611e-01 8.008420e-01
545 6.540056e-08 2.439220e-01 8.002920e-01
546 7.965700e-08 2.179864e-01 7.836310e-01
547 5.483508e-08 3.116100e-01 7.677160e-01
548 7.198292e-08 3.127167e-01 7.644860e-01
549 5.503120e-08 2.354964e-01 7.646030e-01
550 8.315929e-08 5.111298e-01 7.656420e-01
551 5.896786e-08 2.909047e-01 7.733960e-01
552 6.122147e-08 3.821772e-02 7.682990e-01
553 4.778253e-08 2.195136e-01 7.736650e-01
554 5.756854e-08 2.048030e-01 7.473970e-01
555 4.481559e-08 2.215264e-01 7.675020e-01
556 5.093448e-08 1.365349e-01 7.679170e-01
557 4.586243e-08 9.957976e-02 7.709070e-01
558 5.423672e-08 1.825957e-01 8.399620e-01
559 4.058833e-08 2.516448e-01 7.918250e-01
560 4.678531e-08 1.526789e-01 7.891900e-01
561 4.204588e-08 1.013017e-01 7.764590e-01
562 5.698607e-08 3.553307e-01 7.828400e-01
563 5.614503e-08 1.475869e-02 7.618010e-01
564 5.431334e-08 3.262430e-02 8.009870e-01
565 4.720164e-08 1.309383e-01 8.018110e-01
566 6.347468e-08 3.447559e-01 8.029920e-01
567 4.291519e-08 3.239007e-01 7.987460e-01
568 4.874823e-08 1.359201e-01 8.092270e-01
569 3.758470e-08 2.290037e-01 8.157400e-01
570 4.526126e-08 2.042468e-01 8.103830e-01
571 3.875875e-08 1.436661e-01 8.125700e-01
572 3.210551e-08 1.716578e-01 8.788860e-01
573 3.829470e-08 1.927766e-01 8.971340e-01
574 5.424087e-08 4.164066e-01 8.223490e-01
575 3.458360e-08 3.624069e-01 8.095520e-01
576 3.633108e-08 5.052917e-02 7.707540e-01
577 4.520415e-08 2.442281e-01 7.620380e-01
578 3.483492e-08 2.293867e-01 7.771920e-01
579 3.895468e-08 1.182652e-01 7.679990e-01
580 3.169228e-08 1.864319e-01 7.823710e-01
581 3.841417e-08 2.120987e-01 7.768600e-01
582 2.907924e-08 2.430076e-01 7.593020e-01
583 3.372372e-08 1.597183e-01 7.623080e-01
584 2.889340e-08 1.432321e-01 7.678890e-01
585 2.698414e-08 6.607955e-02 7.529660e-01
586 2.998874e-08 1.113468e-01 7.708750e-01
587 3.399827e-08 1.337014e-01 7.913560e-01
588 4.075785e-08 1.988214e-01 7.438410e-01
589 2.283614e-08 4.397118e-01 7.524950e-01
590 2.381443e-08 4.283934e-02 7.568250e-01
591 2.995131e-08 2.576958e-01 7.912190e-01
592 3.300748e-08 1.020380e-01 7.948000e-01
593 3.086967e-08 6.476747e-02 8.342380e-01
594 3.081532e-08 1.760634e-03 7.712560e-01
595 2.918481e-08 5.291216e-02 7.738750e-01
596 2.785186e-08 4.567278e-02 7.592740e-01
597 2.531614e-08 9.104317e-02 7.610330e-01
598 2.699113e-08 6.616299e-02 7.475160e-01
599 2.531660e-08 6.203979e-02 7.703440e-01
600 2.598355e-08 2.634420e-02 7.503940e-01
601 2.585084e-08 5.107584e-03 7.470740e-01
602 2.516277e-08 2.661694e-02 7.500960e-01
603 2.418494e-08 3.886014e-02 7.795870e-01
604 2.379831e-08 1.598627e-02 7.498250e-01
605 2.192745e-08 7.861305e-02 7.654650e-01
606 2.331971e-08 6.349366e-02 7.588160e-01
607 2.344949e-08 5.565196e-03 7.677850e-01
608 2.148454e-08 8.379495e-02 7.674940e-01
609 2.278181e-08 6.038181e-02 7.561230e-01
610 2.903239e-08 2.743668e-01 7.590630e-01
611 2.870989e-08 1.110822e-02 7.894950e-01
612 2.485384e-08 1.343110e-01 7.912620e-01
613 2.713208e-08 9.166585e-02 8.434100e-01
614 2.628264e-08 3.130760e-02 7.921010e-01
615 2.785042e-08 5.965054e-02 8.001700e-01
616 2.422945e-08 1.300149e-01 7.657460e-01
617 2.557811e-08 5.566195e-02 7.776320e-01
618 2.222883e-08 1.309433e-01 7.891410e-01
619 2.090552e-08 5.953089e-02 7.581710e-01
620 2.558903e-08 2.240321e-01 7.594640e-01
621 2.295857e-08 1.027964e-01 7.611100e-01
622 2.720493e-08 1.849577e-01 7.566270e-01
623 2.061819e-08 2.421158e-01 7.732960e-01
624 1.988665e-08 3.548042e-02 7.676260e-01
625 1.888586e-08 5.032446e-02 7.534950e-01
626 1.895325e-08 3.568047e-03 7.678800e-01
627 1.783442e-08 5.903121e-02 7.590310e-01
628 1.895737e-08 6.296575e-02 7.584920e-01
629 1.841308e-08 2.871151e-02 7.651430e-01
630 1.786451e-08 2.979227e-02 7.620330e-01
631 1.564635e-08 1.241659e-01 7.711390e-01
632 2.015670e-08 2.882687e-01 7.650740e-01
633 1.661335e-08 1.757904e-01 7.526140e-01
634 1.886674e-08 1.356378e-01 7.854210e-01
635 2.000039e-08 6.008716e-02 7.744880e-01
636 1.684907e-08 1.575630e-01 7.586310e-01
637 1.975611e-08 1.725340e-01 7.649710e-01
638 2.013636e-08 1.924747e-02 7.833060e-01
639 1.911862e-08 5.054237e-02 7.613670e-01
640 1.990379e-08 4.106788e-02 7.531720e-01
641 1.782740e-08 1.043209e-01 7.949200e-01
642 1.534030e-08 1.395100e-01 8.097060e-01
643 1.618833e-08 5.528108e-02 9.179340e-01
644 1.634678e-08 9.787963e-03 7.733620e-01
645 1.629396e-08 3.231677e-03 7.738720e-01
646 1.554867e-08 4.574031e-02 7.802430e-01
647 1.478144e-08 4.934319e-02 8.037490e-01
648 1.404584e-08 4.976550e-02 7.647020e-01
649 1.776929e-08 2.650926e-01 7.833440e-01
650 1.225065e-08 3.105716e-01 7.651080e-01
651 1.116380e-08 8.871772e-02 7.559380e-01
652 1.447843e-08 2.969090e-01 7.461340e-01
653 1.196330e-08 1.737155e-01 7.711620e-01
654 1.182631e-08 1.145099e-02 7.715540e-01
655 1.589157e-08 3.437466e-01 7.347980e-01
656 1.204511e-08 2.420439e-01 7.677100e-01
657 1.046267e-08 1.313757e-01 7.434660e-01
658 8.848562e-09 1.542735e-01 7.740190e-01
659 8.914177e-09 7.415299e-03 7.652160e-01
660 8.342092e-09 6.417699e-02 7.563200e-01
661 8.215246e-09 1.520544e-02 8.036760e-01
662 6.574063e-09 1.997728e-01 8.247420e-01
663 9.424436e-09 4.335785e-01 8.545430e-01
664 8.114323e-09 1.390123e-01 7.648550e-01
665 1.008286e-08 2.426000e-01 7.799590e-01
666 8.122198e-09 1.944548e-01 7.531860e-01
667 7.719419e-09 4.958989e-02 7.437880e-01
668 6.050692e-09 2.161727e-01 7.619370e-01
669 7.114825e-09 1.758698e-01 7.680670e-01
670 5.786456e-09 1.867044e-01 7.533490e-01
671 6.765097e-09 1.691262e-01 7.708270e-01
672 5.565184e-09 1.773682e-01 7.682420e-01
673 6.485779e-09 1.654204e-01 7.670570e-01
674 6.688728e-09 3.129150e-02 7.711240e-01
675 7.641735e-09 1.424794e-01 7.592000e-01
676 6.387399e-09 1.641427e-01 7.473750e-01
677 6.595623e-09 3.259915e-02 7.644450e-01
678 5.049980e-09 2.343438e-01 7.563020e-01
679 6.248146e-09 2.372616e-01 7.615410e-01
680 4.953131e-09 2.072639e-01 7.740260e-01
681 6.302935e-09 2.725153e-01 7.923750e-01
682 4.854568e-09 2.297926e-01 8.277300e-01
683 6.180726e-09 2.731774e-01 8.129630e-01
684 4.878981e-09 2.106136e-01 7.972100e-01
685 6.779201e-09 3.894706e-01 7.689360e-01
686 5.670880e-09 1.634884e-01 7.706670e-01
687 6.997282e-09 2.338970e-01 7.824070e-01
688 5.247699e-09 2.500375e-01 8.128120e-01
689 6.479129e-09 2.346610e-01 8.071970e-01
690 6.190494e-09 4.454849e-02 7.890680e-01
691 6.113446e-09 1.244622e-02 7.981730e-01
692 5.388448e-09 1.185907e-01 7.642170e-01
693 5.261301e-09 2.359621e-02 7.349590e-01
694 4.203797e-09 2.009967e-01 7.442370e-01
695 4.671601e-09 1.112814e-01 7.645650e-01
696 3.440380e-09 2.635544e-01 7.949620e-01
697 4.907575e-09 4.264630e-01 7.624400e-01
698 3.327368e-09 3.219933e-01 7.493900e-01
699 4.632603e-09 3.922722e-01 8.067120e-01
700 3.435901e-09 2.583217e-01 8.077330e-01
701 4.244117e-09 2.352268e-01 7.741800e-01
702 3.235615e-09 2.376236e-01 7.437710e-01
703 5.716478e-09 7.667364e-01 7.622430e-01
704 6.345562e-09 1.100475e-01 7.352970e-01
705 5.816052e-09 8.344582e-02 7.526200e-01
706 5.404629e-09 7.073911e-02 7.585380e-01
707 5.802884e-09 7.368765e-02 7.566760e-01
708 5.171115e-09 1.088715e-01 7.618970e-01
709 5.475105e-09 5.878628e-02 7.645520e-01
710 3.360852e-09 3.861576e-01 7.615880e-01
711 4.475668e-09 3.317062e-01 8.098170e-01
712 3.788809e-09 1.534651e-01 8.508570e-01
713 4.031808e-09 6.413610e-02 8.070510e-01
714 3.272818e-09 1.882505e-01 7.558610e-01
715 3.565274e-09 8.935906e-02 7.625770e-01
716 3.099082e-09 1.307591e-01 7.410380e-01
717 3.486177e-09 1.249064e-01 7.465960e-01
718 2.825135e-09 1.896180e-01 7.408410e-01
719 4.241000e-09 5.011672e-01 7.681730e-01
720 3.469711e-09 1.818650e-01 7.585270e-01
721 3.705537e-09 6.796721e-02 7.530180e-01
722 2.604386e-09 2.971637e-01 7.529910e-01
723 4.218244e-09 6.196691e-01 7.766760e-01
724 2.704046e-09 3.589640e-01 7.805880e-01
725 3.401329e-09 2.578666e-01 7.642830e-01
726 2.463749e-09 2.756511e-01 7.565320e-01
727 3.043024e-09 2.351194e-01 7.853330e-01
728 3.477380e-09 1.427380e-01 7.714150e-01
729 3.824747e-09 9.989352e-02 7.493810e-01
730 2.281438e-09 4.035061e-01 7.771830e-01
731 2.397812e-09 5.100881e-02 8.100470e-01
732 2.066744e-09 1.380707e-01 8.309220e-01
733 3.134217e-09 5.164996e-01 7.564510e-01
734 2.192491e-09 3.004662e-01 7.702300e-01
735 2.199421e-09 3.161047e-03 7.867310e-01
736 1.641548e-09 2.536455e-01 7.739880e-01
737 2.083329e-09 2.691247e-01 6.738530e-01
738 1.588458e-09 2.375386e-01 4.743260e-01
739 2.776238e-09 7.477566e-01 4.537310e-01
740 3.211353e-09 1.567284e-01 4.439450e-01
741 2.934587e-09 8.618363e-02 4.596360e-01
742 2.001031e-09 3.181218e-01 4.545470e-01
743 2.100863e-09 4.989052e-02 4.680990e-01
744 1.352925e-09 3.560149e-01 4.640180e-01
745 1.852841e-09 3.695080e-01 4.571890e-01
746 1.250207e-09 3.252486e-01 4.681490e-01
747 1.745593e-09 3.962434e-01 4.623590e-01
748 1.196593e-09 3.145064e-01 4.517000e-01
749 1.711713e-09 4.304888e-01 4.703660e-01
750 1.153102e-09 3.263464e-01 4.676160e-01
751 1.617759e-09 4.029627e-01 4.578000e-01
752 1.170675e-09 2.763599e-01 4.698940e-01
753 1.600559e-09 3.672103e-01 4.715810e-01
754 1.135246e-09 2.907191e-01 4.542030e-01
755 1.534187e-09 3.514134e-01 4.753710e-01
756 1.113488e-09 2.742160e-01 4.261910e-01
757 1.575967e-09 4.153428e-01 4.200240e-01
758 1.121665e-09 2.882686e-01 4.195300e-01
759 1.508568e-09 3.449356e-01 4.183330e-01
760 1.083240e-09 2.819411e-01 4.342410e-01
761 1.495743e-09 3.808037e-01 4.472150e-01
762 1.052308e-09 2.964642e-01 4.542120e-01
763 1.875387e-09 7.821650e-01 4.257640e-01
764 1.407628e-09 2.494202e-01 4.363000e-01
765 1.393117e-09 1.030856e-02 4.479140e-01
766 1.105828e-09 2.062201e-01 4.520360e-01
767 1.358424e-09 2.284220e-01 4.380920e-01
768 1.000545e-09 2.634517e-01 4.453390e-01
769 1.823885e-09 8.228927e-01 4.262680e-01
770 9.792976e-10 4.630707e-01 4.521300e-01
771 1.379171e-09 4.083271e-01 4.516190e-01
772 9.281113e-10 3.270516e-01 4.482440e-01
773 1.292099e-09 3.921809e-01 4.463800e-01
774 8.891895e-10 3.118254e-01 4.696270e-01
775 1.237089e-09 3.912544e-01 4.758540e-01
776 8.578904e-10 3.065248e-01 4.938430e-01
777 1.237345e-09 4.423114e-01 4.862550e-01
778 8.463170e-10 3.160219e-01 4.459280e-01
779 1.148817e-09 3.574306e-01 4.455470e-01
780 8.457998e-10 2.637643e-01 4.436100e-01
781 1.118884e-09 3.228707e-01 4.302450e-01
782 8.253962e-10 2.623039e-01 4.182500e-01
783 1.064346e-09 2.894970e-01 4.515690e-01
784 8.106809e-10 2.383295e-01 4.444770e-01
785 1.687439e-09 1.081509e+00 4.415350e-01
786 1.658348e-09 1.724003e-02 4.482490e-01
787 1.060403e-09 3.605668e-01 4.759800e-01
788 1.235500e-09 1.651230e-01 4.832520e-01
789 1.258745e-09 1.881458e-02 4.821290e-01
790 1.340831e-09 6.521266e-02 4.720120e-01
791 1.305355e-09 2.645843e-02 4.718900e-01
792 6.666907e-10 4.892648e-01 4.917320e-01
793 9.236656e-10 3.854484e-01 4.867070e-01
794 6.281051e-10 3.199864e-01 4.659020e-01
795 8.740758e-10 3.916075e-01 4.816810e-01
796 6.081459e-10 3.042413e-01 4.760300e-01
797 8.788091e-10 4.450631e-01 4.797640e-01
798 9.523976e-10 8.373658e-02 5.073530e-01
799 1.031043e-09 8.257637e-02 5.103720e-01
800 7.989066e-10 2.251473e-01 5.274260e-01
801 9.222330e-10 1.543689e-01 4.727740e-01
802 7.437241e-10 1.935616e-01 4.496620e-01
803 8.737071e-10 1.747732e-01 4.535350e-01
804 7.161628e-10 1.803171e-01 4.661390e-01
805 7.818327e-10 9.169691e-02 4.480970e-01
806 8.501964e-10 8.744025e-02 4.724050e-01
807 1.081555e-09 2.721235e-01 4.518830e-01
808 1.102173e-09 1.906387e-02 4.599460e-01
809 1.058781e-09 3.936945e-02 4.680970e-01
810 7.795370e-10 2.637413e-01 4.534120e-01
811 8.936815e-10 1.464260e-01 4.618760e-01
812 9.314369e-10 4.224712e-02 4.679750e-01
813 9.375215e-10 6.532463e-03 4.717510e-01
814 1.006637e-09 7.372174e-02 4.803810e-01
815 9.970368e-10 9.537132e-03 4.598430e-01
816 9.942518e-10 2.793272e-03 4.776870e-01
817 1.027893e-09 3.383603e-02 4.838440e-01
818 9.241067e-10 1.009702e-01 4.880900e-01
819 8.970020e-10 2.933065e-02 4.883490e-01
820 9.188882e-10 2.439923e-02 4.803400e-01
821 8.192617e-10 1.084207e-01 4.778490e-01
822 9.821806e-10 1.988606e-01 4.912470e-01
823 9.021068e-10 8.152648e-02 4.764560e-01
824 7.868941e-10 1.277152e-01 4.761660e-01
825 7.960091e-10 1.158357e-02 4.892300e-01
826 1.019549e-09 2.808260e-01 4.838500e-01
827 8.491118e-10 1.671694e-01 4.842590e-01
828 7.453865e-10 1.221574e-01 4.902230e-01
829 7.778245e-10 4.351828e-02 4.701670e-01
830 7.637038e-10 1.815410e-02 4.890880e-01
831 7.485600e-10 1.982938e-02 4.738630e-01
832 6.983176e-10 6.711869e-02 4.661100e-01
833 7.052714e-10 9.957891e-03 4.682940e-01
834 7.246985e-10 2.754560e-02 4.580480e-01
835 7.217406e-10 4.081652e-03 4.575900e-01
836 6.473714e-10 1.030414e-01 4.704120e-01
837 6.522910e-10 7.599379e-03 4.812210e-01
838 5.575552e-10 1.452354e-01 4.723520e-01
839 6.751326e-10 2.108803e-01 4.717350e-01
840 4.934778e-10 2.690654e-01 4.744370e-01
841 6.355541e-10 2.879081e-01 4.592830e-01
842 5.259938e-10 1.723854e-01 4.679870e-01
843 6.586435e-10 2.521887e-01 4.599290e-01
844 5.939127e-10 9.827893e-02 4.563590e-01
845 6.083383e-10 2.428904e-02 4.674690e-01
846 5.653935e-10 7.059355e-02 4.603980e-01
847 5.605628e-10 8.543946e-03 4.621400e-01
848 3.716055e-10 3.370850e-01 4.774560e-01
849 4.327011e-10 1.644098e-01 4.822210e-01
850 4.483129e-10 3.607998e-02 5.299740e-01
851 4.337721e-10 3.243452e-02 4.922760e-01
852 4.497170e-10 3.675873e-02 4.837640e-01
853 4.525310e-10 6.257204e-03 4.661810e-01
854 4.468945e-10 1.245548e-02 4.835020e-01
855 2.959517e-10 3.377594e-01 4.798230e-01
856 4.336028e-10 4.651134e-01 4.505170e-01
857 3.244555e-10 2.517220e-01 4.715200e-01
858 3.626875e-10 1.178346e-01 4.695820e-01
859 3.756794e-10 3.582100e-02 4.980150e-01
860 4.359336e-10 1.603874e-01 4.845430e-01
861 2.658849e-10 3.900795e-01 5.332650e-01
862 2.840769e-10 6.842060e-02 4.723160e-01
863 2.448411e-10 1.381166e-01 4.735320e-01
864 2.637963e-10 7.741824e-02 4.767870e-01
865 2.802935e-10 6.253740e-02 4.940500e-01
866 2.108278e-10 2.478319e-01 4.814640e-01
867 1.919905e-10 8.934906e-02 5.323700e-01
868 2.170318e-10 1.304299e-01 4.970130e-01
869 2.006375e-10 7.553883e-02 4.538750e-01
870 2.852055e-10 4.214966e-01 4.524410e-01
871 2.760139e-10 3.222815e-02 4.639610e-01
872 2.724656e-10 1.285541e-02 4.658800e-01
873 2.568272e-10 5.739579e-02 4.464830e-01
874 2.610931e-10 1.661008e-02 4.591830e-01
875 2.310774e-10 1.149619e-01 4.463730e-01
876 2.942746e-10 2.734894e-01 4.481480e-01
877 2.258839e-10 2.324045e-01 4.473880e-01
878 2.713195e-10 2.011461e-01 4.626510e-01
879 2.286227e-10 1.573674e-01 4.460160e-01
880 2.316818e-10 1.338060e-02 4.505460e-01
881 1.795845e-10 2.248659e-01 4.519830e-01
882 2.244515e-10 2.498379e-01 4.541840e-01
883 1.995162e-10 1.110943e-01 4.450310e-01
884 2.181565e-10 9.342757e-02 4.543180e-01
885 1.940096e-10 1.106862e-01 4.621270e-01
886 2.405558e-10 2.399171e-01 4.543440e-01
887 1.634209e-10 3.206527e-01 4.577500e-01
888 2.127354e-10 3.017633e-01 4.571660e-01
889 1.535877e-10 2.780341e-01 4.584680e-01
890 1.930469e-10 2.569165e-01 4.736670e-01
891 1.421979e-10 2.634023e-01 4.558770e-01
892 1.858894e-10 3.072583e-01 4.566030e-01
893 1.374786e-10 2.604281e-01 4.691980e-01
894 2.210032e-10 6.075465e-01 4.646150e-01
895 1.376190e-10 3.772985e-01 4.480650e-01
896 1.552490e-10 1.281073e-01 4.655380e-01
897 1.339958e-10 1.368976e-01 4.441110e-01
898 1.593224e-10 1.890106e-01 4.660950e-01
899 1.173801e-10 2.632544e-01 4.561490e-01
900 1.706966e-10 4.542206e-01 4.498540e-01
901 1.241478e-10 2.726989e-01 4.495250e-01
902 1.568401e-10 2.633336e-01 4.623660e-01
903 1.151390e-10 2.658828e-01 4.678580e-01
904 1.566676e-10 3.606819e-01 4.580130e-01
905 1.173148e-10 2.511863e-01 4.457500e-01
906 1.422523e-10 2.125690e-01 4.621970e-01
907 1.426650e-10 2.900971e-03 4.655850e-01
908 1.666446e-10 1.680833e-01 4.422940e-01
909 1.284963e-10 2.289199e-01 4.638030e-01
910 1.327259e-10 3.291625e-02 4.639360e-01
911 1.199693e-10 9.611297e-02 4.415310e-01
912 1.336254e-10 1.138307e-01 4.648030e-01
913 1.208148e-10 9.586978e-02 4.670090e-01
914 1.270885e-10 5.192781e-02 4.687400e-01
915 1.065754e-10 1.614076e-01 4.520300e-01
916 1.327488e-10 2.455857e-01 4.638320e-01
917 1.176177e-10 1.139831e-01 4.737310e-01
918 1.185273e-10 7.733579e-03 4.360630e-01
919 9.184564e-11 2.251098e-01 4.739920e-01
