1 9.998342e-01 1.000000e+00 1.939764e+00
2 9.996392e-01 1.950696e-04 2.014504e+00
3 9.996008e-01 3.844478e-05 1.940532e+00
4 9.995903e-01 1.043800e-05 2.253895e+00
5 9.995803e-01 1.002810e-05 2.095209e+00
6 9.991431e-01 4.374061e-04 1.914601e+00
7 9.991310e-01 1.208560e-05 1.799460e+00
8 9.986339e-01 4.975269e-04 1.939459e+00
9 9.985858e-01 4.818623e-05 1.779993e+00
10 9.983346e-01 2.515716e-04 1.793638e+00
11 9.979113e-01 4.239858e-04 1.898198e+00
12 9.978486e-01 6.284077e-05 1.813427e+00
13 9.977742e-01 7.453576e-05 1.808452e+00
14 9.976440e-01 1.305108e-04 1.883393e+00
15 9.972863e-01 3.585416e-04 1.917992e+00
16 9.972332e-01 5.328917e-05 1.799946e+00
17 9.971888e-01 4.453328e-05 2.035091e+00
18 9.971094e-01 7.955053e-05 2.125815e+00
19 9.970868e-01 2.268764e-05 1.837502e+00
20 9.970595e-01 2.740196e-05 1.869377e+00
21 9.970447e-01 1.478998e-05 1.819643e+00
22 9.970327e-01 1.210467e-05 1.884264e+00
23 9.970571e-01 2.449504e-05 1.898675e+00
24 9.969198e-01 1.376747e-04 1.774590e+00
25 9.968784e-01 4.151182e-05 1.883461e+00
26 9.965898e-01 2.895007e-04 1.788068e+00
27 9.965818e-01 8.106850e-06 1.819447e+00
28 9.964470e-01 1.352625e-04 1.829461e+00
29 9.962558e-01 1.918740e-04 1.894797e+00
30 9.962207e-01 3.515581e-05 1.863488e+00
31 9.962186e-01 2.198713e-06 1.873439e+00
32 9.962415e-01 2.300831e-05 1.850340e+00
33 9.962348e-01 6.659646e-06 1.879446e+00
34 9.963078e-01 7.324437e-05 1.918618e+00
35 9.962528e-01 5.522624e-05 1.862903e+00
36 9.962218e-01 3.111219e-05 1.792946e+00
37 9.962046e-01 1.729645e-05 1.893300e+00
38 9.961383e-01 6.652989e-05 1.807335e+00
39 9.949747e-01 1.168067e-03 1.919750e+00
40 9.951453e-01 1.714435e-04 1.809516e+00
41 9.948380e-01 3.087812e-04 1.844478e+00
42 9.947654e-01 7.298935e-05 1.855148e+00
43 9.947401e-01 2.546708e-05 1.824535e+00
44 9.948316e-01 9.202837e-05 1.879329e+00
45 9.948145e-01 1.720146e-05 1.899907e+00
46 9.947472e-01 6.768099e-05 1.769287e+00
47 9.947172e-01 3.013887e-05 1.813291e+00
48 9.946523e-01 6.525482e-05 1.769420e+00
49 9.946546e-01 2.284309e-06 1.784426e+00
50 9.946897e-01 3.533475e-05 1.784714e+00
51 9.946812e-01 8.581555e-06 1.834339e+00
52 9.948697e-01 1.895703e-04 1.764163e+00
53 9.902115e-01 4.682275e-03 1.855377e+00
54 9.878042e-01 2.431031e-03 1.809030e+00
55 9.818199e-01 6.058230e-03 1.855160e+00
56 9.809985e-01 8.366422e-04 1.893289e+00
57 9.811513e-01 1.558019e-04 1.899064e+00
58 9.668284e-01 1.459806e-02 1.958859e+00
59 9.597958e-01 7.273916e-03 1.844514e+00
60 9.614715e-01 1.745925e-03 1.893988e+00
61 9.586201e-01 2.965675e-03 1.883510e+00
62 9.566861e-01 2.017501e-03 1.844735e+00
63 9.566070e-01 8.265154e-05 1.818877e+00
64 9.563437e-01 2.752081e-04 1.873995e+00
65 9.561225e-01 2.313665e-04 1.870090e+00
66 9.511172e-01 5.234988e-03 2.033173e+00
67 9.271060e-01 2.524526e-02 1.957956e+00
68 9.145996e-01 1.348967e-02 1.888791e+00
69 9.134607e-01 1.245296e-03 1.854271e+00
70 8.071260e-01 1.164086e-01 1.943812e+00
71 8.046952e-01 3.011753e-03 1.812544e+00
72 7.994199e-01 6.555642e-03 1.924343e+00
73 8.029182e-01 4.376117e-03 1.934313e+00
74 7.966135e-01 7.852263e-03 1.859912e+00
75 7.938784e-01 3.433456e-03 1.745442e+00
76 7.030981e-01 1.143504e-01 1.729291e+00
77 4.458633e-01 3.658590e-01 1.699277e+00
78 4.437780e-01 4.676992e-03 1.724247e+00
79 4.445230e-01 1.678738e-03 1.688118e+00
80 4.375596e-01 1.566487e-02 1.713921e+00
81 4.330333e-01 1.034435e-02 1.817184e+00
82 2.749122e-01 3.651477e-01 1.888438e+00
83 1.564270e-01 4.309930e-01 1.765251e+00
84 1.424747e-01 8.919349e-02 1.852557e+00
85 1.315027e-01 7.701004e-02 1.865176e+00
86 1.290327e-01 1.878324e-02 1.881386e+00
87 1.325436e-01 2.720972e-02 1.972413e+00
88 1.273636e-01 3.908127e-02 2.032407e+00
89 1.240707e-01 2.585468e-02 1.810717e+00
90 1.250324e-01 7.751604e-03 1.749887e+00
91 1.265824e-01 1.239637e-02 1.774032e+00
92 1.294759e-01 2.285883e-02 1.778086e+00
93 1.230018e-01 5.000264e-02 1.831658e+00
94 1.249377e-01 1.573906e-02 1.733467e+00
95 1.259770e-01 8.318358e-03 1.723100e+00
96 1.193846e-01 5.232998e-02 1.792858e+00
97 1.161907e-01 2.675312e-02 1.733626e+00
98 1.097351e-01 5.556063e-02 1.782828e+00
99 8.579458e-02 2.181663e-01 1.838186e+00
100 7.497805e-02 1.260748e-01 1.733746e+00
101 9.361306e-02 2.485396e-01 1.713765e+00
102 7.446868e-02 2.045054e-01 1.864461e+00
103 8.027786e-02 7.800840e-02 1.958474e+00
104 6.367630e-02 2.068013e-01 1.719765e+00
105 5.290093e-02 1.692210e-01 1.714807e+00
106 5.436907e-02 2.775273e-02 1.737740e+00
107 4.785499e-02 1.198123e-01 1.759628e+00
108 7.648965e-02 5.983632e-01 1.669873e+00
109 4.651265e-02 3.919092e-01 1.639083e+00
110 3.557054e-02 2.352503e-01 1.679583e+00
111 3.659960e-02 2.893033e-02 1.619460e+00
112 4.632949e-02 2.658469e-01 1.784496e+00
113 5.591039e-02 2.067990e-01 1.739959e+00
114 3.248582e-02 4.189663e-01 1.728979e+00
115 5.683507e-02 7.495346e-01 1.669867e+00
116 3.241498e-02 4.296659e-01 1.734497e+00
117 2.576734e-02 2.050793e-01 1.799694e+00
118 3.740295e-02 4.515646e-01 1.784676e+00
119 3.719085e-02 5.670743e-03 1.718860e+00
120 2.652360e-02 2.868247e-01 1.720148e+00
121 2.534393e-02 4.447614e-02 1.718460e+00
122 2.347159e-02 7.387729e-02 1.727530e+00
123 1.561447e-02 3.347502e-01 1.709710e+00
124 1.591929e-02 1.952150e-02 1.674607e+00
125 1.353875e-02 1.495382e-01 1.698308e+00
126 1.594249e-02 1.775458e-01 1.709577e+00
127 1.384314e-02 1.316827e-01 1.694542e+00
128 1.446684e-02 4.505422e-02 1.709342e+00
129 1.464745e-02 1.248501e-02 1.724901e+00
130 1.355045e-02 7.489397e-02 1.699294e+00
131 1.435645e-02 5.948189e-02 1.714296e+00
132 2.753069e-02 9.176523e-01 1.708945e+00
133 1.980536e-02 2.806078e-01 1.734251e+00
134 1.291701e-02 3.478025e-01 1.689509e+00
135 1.384914e-02 7.216345e-02 1.713636e+00
136 1.486962e-02 7.368522e-02 1.684259e+00
137 1.543627e-02 3.810765e-02 1.689443e+00
138 1.306113e-02 1.538673e-01 1.734660e+00
139 1.452480e-02 1.120634e-01 1.722947e+00
140 1.254813e-02 1.360899e-01 1.724665e+00
141 2.239459e-02 7.846963e-01 1.710058e+00
142 1.378533e-02 3.844349e-01 1.714808e+00
143 1.376926e-02 1.165967e-03 1.658285e+00
144 1.720894e-02 2.498088e-01 1.708019e+00
145 1.360750e-02 2.092769e-01 1.696788e+00
146 1.233180e-02 9.374985e-02 1.705025e+00
147 2.106613e-02 7.082762e-01 1.767733e+00
148 1.331779e-02 3.678104e-01 1.708388e+00
149 1.305480e-02 1.974662e-02 1.713205e+00
150 1.248476e-02 4.366511e-02 1.703992e+00
151 1.169041e-02 6.362588e-02 1.759156e+00
152 1.105531e-02 5.432650e-02 1.750236e+00
153 1.120154e-02 1.322729e-02 1.743334e+00
154 1.467983e-02 3.105188e-01 1.724389e+00
155 1.084847e-02 2.609952e-01 1.719368e+00
156 1.060108e-02 2.280390e-02 1.763716e+00
157 1.062186e-02 1.960422e-03 1.724914e+00
158 1.062905e-02 6.764758e-04 1.744866e+00
159 1.051989e-02 1.026941e-02 1.754372e+00
160 1.457515e-02 3.854846e-01 1.699267e+00
161 1.260187e-02 1.353867e-01 1.699102e+00
162 1.029948e-02 1.827023e-01 1.655030e+00
163 1.041139e-02 1.086565e-02 1.675084e+00
164 1.241739e-02 1.926736e-01 1.683696e+00
165 8.857447e-03 2.866900e-01 1.654272e+00
166 7.612299e-03 1.405764e-01 1.754831e+00
167 8.952205e-03 1.760186e-01 1.858338e+00
168 7.379058e-03 1.757273e-01 1.822672e+00
169 6.803417e-03 7.801013e-02 1.728869e+00
170 6.870920e-03 9.922023e-03 1.814687e+00
171 6.753475e-03 1.709306e-02 1.769063e+00
172 6.597380e-03 2.311329e-02 1.644035e+00
173 7.394461e-03 1.208178e-01 1.669020e+00
174 6.606957e-03 1.064992e-01 1.683727e+00
175 7.036204e-03 6.496880e-02 1.654798e+00
176 6.060623e-03 1.386516e-01 1.649533e+00
177 5.904350e-03 2.578499e-02 1.689693e+00
178 5.770818e-03 2.261579e-02 1.719762e+00
179 5.555403e-03 3.732827e-02 1.759077e+00
180 5.228904e-03 5.877143e-02 1.648691e+00
181 4.699652e-03 1.012167e-01 1.603959e+00
182 3.107263e-03 3.388312e-01 1.688666e+00
183 3.909939e-03 2.583226e-01 1.599879e+00
184 2.477194e-03 3.664367e-01 1.634539e+00
185 3.222171e-03 3.007343e-01 1.704499e+00
186 2.550135e-03 2.085664e-01 1.818953e+00
187 2.427347e-03 4.814964e-02 1.749341e+00
188 2.089156e-03 1.393251e-01 1.709286e+00
189 1.957150e-03 6.318664e-02 1.695666e+00
190 2.055503e-03 5.025320e-02 1.662193e+00
191 1.924735e-03 6.361823e-02 1.649586e+00
192 2.091403e-03 8.659285e-02 1.673957e+00
193 1.943029e-03 7.094513e-02 1.687953e+00
194 1.977796e-03 1.789351e-02 1.694368e+00
195 2.034264e-03 2.855085e-02 1.664218e+00
196 2.055194e-03 1.028863e-02 1.698431e+00
197 1.978191e-03 3.746749e-02 1.698712e+00
198 1.852275e-03 6.365186e-02 1.688454e+00
199 1.803512e-03 2.632637e-02 1.634981e+00
200 1.990481e-03 1.036694e-01 1.638956e+00
201 1.772148e-03 1.096886e-01 1.764213e+00
202 1.754580e-03 9.913187e-03 1.818578e+00
203 1.637260e-03 6.686491e-02 1.639346e+00
204 1.572139e-03 3.977471e-02 1.634930e+00
205 1.480789e-03 5.810503e-02 1.590233e+00
206 1.639783e-03 1.073709e-01 1.584334e+00
207 1.313686e-03 1.988662e-01 1.574144e+00
208 1.337501e-03 1.812863e-02 1.575193e+00
209 1.176742e-03 1.201934e-01 1.582997e+00
210 1.307779e-03 1.113559e-01 1.539654e+00
211 8.211756e-04 3.720840e-01 1.520528e+00
212 1.147647e-03 3.975658e-01 1.531686e+00
213 1.064179e-03 7.272953e-02 1.505228e+00
214 9.377946e-04 1.187624e-01 1.453819e+00
215 8.055604e-04 1.410055e-01 1.433511e+00
216 1.300953e-03 6.149669e-01 1.409981e+00
217 7.648961e-04 4.120496e-01 1.559212e+00
218 1.188640e-03 5.539890e-01 1.534070e+00
219 8.577738e-04 2.783570e-01 1.519567e+00
220 1.039210e-03 2.115194e-01 1.384527e+00
221 7.173970e-04 3.096705e-01 1.394156e+00
222 1.099217e-03 5.322302e-01 1.419832e+00
223 7.601977e-04 3.084191e-01 1.384524e+00
224 7.200365e-04 5.282995e-02 1.368045e+00
225 6.888512e-04 4.331076e-02 1.428683e+00
226 7.160478e-04 3.948114e-02 1.434632e+00
227 7.112812e-04 6.656858e-03 1.470218e+00
228 7.843118e-04 1.026748e-01 1.394501e+00
229 6.708737e-04 1.446339e-01 1.399687e+00
230 4.635419e-04 3.090475e-01 1.399148e+00
231 5.015646e-04 8.202645e-02 1.390058e+00
232 4.994530e-04 4.209933e-03 1.419558e+00
233 3.919892e-04 2.151629e-01 1.414945e+00
234 4.871312e-04 2.427159e-01 1.429255e+00
235 3.985078e-04 1.819292e-01 1.439327e+00
236 4.169552e-04 4.629097e-02 1.505131e+00
237 3.936788e-04 5.582457e-02 1.523705e+00
238 4.097483e-04 4.081870e-02 1.589388e+00
239 2.900852e-04 2.920404e-01 1.438541e+00
240 3.440020e-04 1.858652e-01 1.413726e+00
241 3.258524e-04 5.275992e-02 1.414544e+00
242 3.212060e-04 1.425946e-02 1.414647e+00
243 2.800199e-04 1.282234e-01 1.444923e+00
244 3.108148e-04 1.099740e-01 1.494675e+00
245 2.316213e-04 2.547930e-01 1.390390e+00
246 2.268206e-04 2.072653e-02 1.424417e+00
247 1.991678e-04 1.219151e-01 1.438778e+00
248 2.019250e-04 1.384367e-02 1.477761e+00
249 1.951206e-04 3.369740e-02 1.464743e+00
250 2.764257e-04 4.166913e-01 1.498331e+00
251 2.691290e-04 2.639656e-02 1.504677e+00
252 2.301910e-04 1.446815e-01 1.475480e+00
253 2.604096e-04 1.312759e-01 1.489582e+00
254 2.547833e-04 2.160545e-02 1.478770e+00
255 2.642407e-04 3.711933e-02 1.489898e+00
256 1.787890e-04 3.233857e-01 1.509493e+00
257 2.471945e-04 3.826043e-01 1.493868e+00
258 1.680498e-04 3.201719e-01 1.463868e+00
259 2.400035e-04 4.281692e-01 1.420393e+00
260 1.735174e-04 2.770215e-01 1.509740e+00
261 1.725524e-04 5.560970e-03 1.434587e+00
262 1.797469e-04 4.169438e-02 1.418888e+00
263 1.798805e-04 7.431098e-04 1.555029e+00
264 1.479228e-04 1.776605e-01 1.499116e+00
265 1.931128e-04 3.054970e-01 1.480117e+00
266 1.149833e-04 4.045795e-01 1.409000e+00
267 1.865537e-04 6.224417e-01 1.424309e+00
268 1.163880e-04 3.761156e-01 1.399947e+00
269 1.581279e-04 3.586275e-01 1.394324e+00
270 1.059971e-04 3.296748e-01 1.405218e+00
271 1.487686e-04 4.035154e-01 1.434257e+00
272 1.011891e-04 3.198219e-01 1.424737e+00
273 1.498650e-04 4.810386e-01 1.420042e+00
274 7.757616e-05 4.823597e-01 1.389921e+00
275 1.551467e-04 9.999280e-01 1.407092e+00
276 8.578100e-05 4.470976e-01 1.373652e+00
277 1.469302e-04 7.128523e-01 1.380565e+00
278 9.088230e-05 3.814593e-01 1.399089e+00
279 1.027947e-04 1.310755e-01 1.423228e+00
280 8.715753e-05 1.521207e-01 1.384226e+00
281 1.229691e-04 4.108836e-01 1.439975e+00
282 7.793601e-05 3.662148e-01 1.379265e+00
283 1.387107e-04 7.798030e-01 1.424538e+00
284 8.131322e-05 4.137929e-01 1.384963e+00
285 1.178014e-04 4.487361e-01 1.385308e+00
286 8.202588e-05 3.036935e-01 1.399476e+00
287 1.339630e-04 6.331795e-01 1.394475e+00
288 8.579911e-05 3.595312e-01 1.409498e+00
289 1.263450e-04 4.725675e-01 1.487346e+00
290 7.886520e-05 3.757948e-01 1.469415e+00
291 1.023122e-04 2.973043e-01 1.454670e+00
292 8.041128e-05 2.140595e-01 1.498237e+00
293 1.044657e-04 2.991420e-01 1.464720e+00
294 7.165194e-05 3.141101e-01 1.509829e+00
295 1.120410e-04 5.636837e-01 1.494072e+00
296 7.768601e-05 3.066286e-01 1.415087e+00
297 1.153905e-04 4.853446e-01 1.408142e+00
298 7.834796e-05 3.210189e-01 1.399560e+00
299 1.166876e-04 4.893512e-01 1.449476e+00
300 6.746070e-05 4.218693e-01 1.483627e+00
301 1.227644e-04 8.197907e-01 1.469573e+00
302 7.378618e-05 3.989609e-01 1.473554e+00
303 1.123638e-04 5.228294e-01 1.403950e+00
304 8.595117e-05 2.350632e-01 1.395130e+00
305 1.092494e-04 2.710634e-01 1.484987e+00
306 6.644786e-05 3.917782e-01 1.419216e+00
307 1.080926e-04 6.267276e-01 1.387959e+00
308 6.803065e-05 3.706260e-01 1.394825e+00
309 1.062385e-04 5.616265e-01 1.404572e+00
310 5.970385e-05 4.380205e-01 1.384746e+00
311 1.133480e-04 8.985049e-01 1.414831e+00
312 6.381356e-05 4.370123e-01 1.483971e+00
313 1.113118e-04 7.443287e-01 1.747049e+00
314 6.435420e-05 4.218565e-01 1.459892e+00
315 1.087258e-04 6.894902e-01 1.419688e+00
316 6.298529e-05 4.206960e-01 1.388442e+00
317 1.105784e-04 7.556230e-01 1.424869e+00
318 6.300159e-05 4.302541e-01 1.438534e+00
319 1.069856e-04 6.981411e-01 1.384642e+00
320 6.355354e-05 4.059617e-01 1.394209e+00
321 1.026940e-04 6.158656e-01 1.399619e+00
322 5.942156e-05 4.213725e-01 1.409651e+00
323 1.086428e-04 8.283397e-01 1.429312e+00
324 5.991218e-05 4.485398e-01 1.504351e+00
325 1.049380e-04 7.515297e-01 1.547938e+00
326 6.704666e-05 3.610829e-01 1.393727e+00
327 1.070073e-04 5.960129e-01 1.389264e+00
328 5.671627e-05 4.699777e-01 1.422020e+00
329 1.055792e-04 8.615322e-01 1.443830e+00
330 5.858478e-05 4.451104e-01 1.399330e+00
331 1.174416e-04 1.004644e+00 1.389236e+00
332 5.437165e-05 5.370326e-01 1.423420e+00
333 1.066959e-04 9.623444e-01 1.390499e+00
334 7.340297e-05 3.120357e-01 1.414313e+00
335 1.159820e-04 5.800717e-01 1.407780e+00
336 6.542716e-05 4.358850e-01 1.409400e+00
337 1.071114e-04 6.371088e-01 1.404704e+00
338 6.645011e-05 3.796167e-01 1.417977e+00
339 1.070022e-04 6.102630e-01 1.409924e+00
340 6.496711e-05 3.928429e-01 1.458654e+00
341 1.031947e-04 5.884140e-01 1.434428e+00
342 6.677073e-05 3.529634e-01 1.424153e+00
343 1.023113e-04 5.322785e-01 1.449382e+00
344 6.134885e-05 4.003711e-01 1.429779e+00
345 1.092576e-04 7.809228e-01 1.484058e+00
346 6.522190e-05 4.030445e-01 1.443731e+00
347 1.060438e-04 6.258927e-01 1.409569e+00
348 6.093399e-05 4.253885e-01 1.390286e+00
349 1.092863e-04 7.935193e-01 1.399414e+00
350 6.100778e-05 4.417618e-01 1.399875e+00
351 1.024510e-04 6.793104e-01 1.408656e+00
352 5.821861e-05 4.317420e-01 1.379901e+00
353 1.043612e-04 7.925744e-01 1.389586e+00
354 6.184546e-05 4.073902e-01 1.404724e+00
355 1.037997e-04 6.783716e-01 1.494791e+00
356 6.145874e-05 4.079100e-01 1.509733e+00
357 1.010324e-04 6.439062e-01 1.514289e+00
358 5.709477e-05 4.348866e-01 1.510305e+00
359 1.066430e-04 8.678249e-01 1.509446e+00
360 5.613233e-05 4.736428e-01 1.489267e+00
361 1.057742e-04 8.843715e-01 1.515659e+00
362 5.356801e-05 4.935624e-01 1.457491e+00
363 1.009362e-04 8.842631e-01 1.494484e+00
364 5.338542e-05 4.710976e-01 1.555038e+00
365 1.055569e-04 9.772606e-01 1.549400e+00
366 6.608290e-05 3.739594e-01 1.499424e+00
367 7.639473e-05 1.560439e-01 1.449268e+00
368 5.974526e-05 2.179400e-01 1.434436e+00
369 6.451804e-05 7.988548e-02 1.409068e+00
370 4.847611e-05 2.486426e-01 1.424771e+00
371 4.686833e-05 3.316630e-02 1.424045e+00
372 5.087286e-05 8.544200e-02 1.408794e+00
373 4.659714e-05 8.404718e-02 1.387658e+00
374 3.776008e-05 1.896482e-01 1.444580e+00
375 4.851044e-05 2.847019e-01 1.494796e+00
376 4.220487e-05 1.299838e-01 1.513512e+00
377 4.778267e-05 1.321600e-01 1.495341e+00
378 4.076814e-05 1.468007e-01 1.523721e+00
379 4.343991e-05 6.553580e-02 1.554889e+00
380 4.183404e-05 3.696750e-02 1.505249e+00
381 3.097746e-05 2.595155e-01 1.479302e+00
382 3.182951e-05 2.750550e-02 1.523469e+00
383 3.003410e-05 5.640715e-02 1.484984e+00
384 3.611928e-05 2.026090e-01 1.454108e+00
385 4.694227e-05 2.996460e-01 1.482822e+00
386 3.686193e-05 2.147391e-01 1.485022e+00
387 4.339026e-05 1.771023e-01 1.484408e+00
388 3.547966e-05 1.823128e-01 1.513707e+00
389 3.034267e-05 1.447868e-01 1.544073e+00
390 2.199440e-05 2.751331e-01 1.569366e+00
391 2.930473e-05 3.323724e-01 1.424629e+00
392 2.661301e-05 9.185277e-02 1.454939e+00
393 2.844721e-05 6.892104e-02 1.544290e+00
394 2.626638e-05 7.666226e-02 1.455203e+00
395 2.775179e-05 5.655189e-02 1.409190e+00
396 3.176673e-05 1.446729e-01 1.405223e+00
397 2.320070e-05 2.696542e-01 1.492472e+00
398 1.904010e-05 1.793308e-01 1.454062e+00
399 1.898445e-05 2.922556e-03 1.379802e+00
400 3.017033e-05 5.892129e-01 1.399271e+00
401 2.103481e-05 3.027981e-01 1.414744e+00
402 1.941794e-05 7.686670e-02 1.439609e+00
403 2.434898e-05 2.539428e-01 1.409662e+00
404 2.959074e-05 2.152763e-01 1.423855e+00
405 2.156017e-05 2.713879e-01 1.428814e+00
406 1.809868e-05 1.605501e-01 1.463867e+00
407 2.168317e-05 1.980525e-01 1.478605e+00
408 2.813544e-05 2.975703e-01 1.413306e+00
409 2.211131e-05 2.141118e-01 1.399969e+00
410 1.896837e-05 1.421417e-01 1.439392e+00
411 1.653845e-05 1.281040e-01 1.414283e+00
412 1.920089e-05 1.609849e-01 1.394636e+00
413 2.016005e-05 4.995419e-02 1.384076e+00
414 2.407444e-05 1.941656e-01 1.514884e+00
415 1.902745e-05 2.096410e-01 1.455082e+00
416 1.591233e-05 1.637173e-01 1.503682e+00
417 1.808653e-05 1.366365e-01 1.533796e+00
418 1.409324e-05 2.207880e-01 1.593378e+00
419 1.466925e-05 4.087119e-02 1.529030e+00
420 1.782723e-05 2.152792e-01 1.478880e+00
421 1.639056e-05 8.058893e-02 1.439962e+00
422 1.961047e-05 1.964495e-01 1.449017e+00
423 1.359687e-05 3.066528e-01 1.454211e+00
424 2.249579e-05 6.544830e-01 1.484275e+00
425 1.739409e-05 2.267844e-01 1.474445e+00
426 2.906795e-05 6.711393e-01 1.489751e+00
427 1.437747e-05 5.053843e-01 1.489518e+00
428 1.994866e-05 3.874950e-01 1.469313e+00
429 1.151847e-05 4.225944e-01 1.479738e+00
430 1.636352e-05 4.206335e-01 1.519072e+00
431 1.040076e-05 3.643936e-01 1.504853e+00
432 1.643147e-05 5.798335e-01 1.460664e+00
433 1.355392e-05 1.751244e-01 1.473368e+00
434 1.414335e-05 4.348793e-02 1.494496e+00
435 1.131517e-05 1.999651e-01 1.544177e+00
436 1.279077e-05 1.304083e-01 1.580103e+00
437 9.811496e-06 2.329236e-01 1.579541e+00
438 1.444725e-05 4.724816e-01 1.484115e+00
439 9.197014e-06 3.634072e-01 1.475073e+00
440 1.031257e-05 1.212958e-01 1.518017e+00
441 1.153335e-05 1.183775e-01 1.489800e+00
442 1.221396e-05 5.901194e-02 1.474805e+00
443 1.030233e-05 1.565113e-01 1.464316e+00
444 1.229742e-05 1.936539e-01 1.480174e+00
445 8.933237e-06 2.735681e-01 1.503711e+00
446 7.926875e-06 1.126537e-01 1.474296e+00
447 8.040014e-06 1.427275e-02 1.439280e+00
448 7.374597e-06 8.276314e-02 1.459122e+00
449 7.036124e-06 4.589718e-02 1.414567e+00
450 8.052776e-06 1.444904e-01 1.442806e+00
451 7.723472e-06 4.089324e-02 1.414602e+00
452 8.833126e-06 1.436729e-01 1.404531e+00
453 8.902145e-06 7.813748e-03 1.379510e+00
454 8.619848e-06 3.171119e-02 1.400280e+00
455 8.212704e-06 4.723333e-02 1.443016e+00
456 1.156729e-05 4.084627e-01 1.409242e+00
457 7.039059e-06 3.914685e-01 1.402604e+00
458 5.188956e-06 2.628339e-01 1.404920e+00
459 6.179027e-06 1.908036e-01 1.443916e+00
460 6.171484e-06 1.220691e-03 1.419532e+00
461 5.956222e-06 3.488018e-02 1.415236e+00
462 6.352066e-06 6.645897e-02 1.419260e+00
463 5.856661e-06 7.799120e-02 1.425080e+00
464 7.795201e-06 3.309976e-01 1.408054e+00
465 1.056311e-05 3.550782e-01 1.394811e+00
466 7.027249e-06 3.347366e-01 1.509802e+00
467 7.884685e-06 1.220159e-01 1.559020e+00
468 6.314396e-06 1.991569e-01 1.448731e+00
469 7.888116e-06 2.492274e-01 1.460491e+00
470 4.819748e-06 3.889861e-01 1.489350e+00
471 4.603958e-06 4.477214e-02 1.473798e+00
472 4.161660e-06 9.606912e-02 1.498703e+00
473 3.445383e-06 1.721133e-01 1.484976e+00
474 3.223768e-06 6.432223e-02 1.424435e+00
475 4.256134e-06 3.202359e-01 1.407548e+00
476 4.590132e-06 7.847432e-02 1.434872e+00
477 3.275448e-06 2.864152e-01 1.429367e+00
478 4.551924e-06 3.897103e-01 1.484348e+00
479 3.791035e-06 1.671578e-01 1.404721e+00
480 4.111843e-06 8.462294e-02 1.420379e+00
481 3.675049e-06 1.062283e-01 1.420380e+00
482 3.816152e-06 3.839493e-02 1.404146e+00
483 3.114697e-06 1.838120e-01 1.428985e+00
484 3.296321e-06 5.831166e-02 1.463471e+00
485 3.101987e-06 5.895483e-02 1.439163e+00
486 3.212252e-06 3.554668e-02 1.589798e+00
487 2.933258e-06 8.685310e-02 1.604359e+00
488 3.789190e-06 2.918024e-01 1.484583e+00
489 3.176967e-06 1.615710e-01 1.419076e+00
490 4.586039e-06 4.435275e-01 1.370406e+00
491 2.877258e-06 3.726050e-01 1.523715e+00
492 3.671404e-06 2.760080e-01 1.493924e+00
493 2.536488e-06 3.091233e-01 1.494066e+00
494 2.585560e-06 1.934674e-02 1.469633e+00
495 3.245769e-06 2.553444e-01 1.484442e+00
496 2.894888e-06 1.081040e-01 1.494351e+00
497 2.821010e-06 2.552016e-02 1.463689e+00
498 2.443777e-06 1.337227e-01 1.573932e+00
499 2.585789e-06 5.811171e-02 1.465284e+00
500 2.295894e-06 1.121107e-01 1.468760e+00
501 2.284857e-06 4.807164e-03 1.469322e+00
502 2.688545e-06 1.766794e-01 1.430612e+00
503 3.681308e-06 3.692568e-01 1.373253e+00
504 2.278920e-06 3.809482e-01 1.379721e+00
505 3.491271e-06 5.319845e-01 1.429585e+00
506 2.598026e-06 2.558510e-01 1.419457e+00
507 2.667329e-06 2.667534e-02 1.380249e+00
508 2.882689e-06 8.074019e-02 1.384259e+00
509 1.893713e-06 3.430742e-01 1.390316e+00
510 1.466859e-06 2.254060e-01 1.419418e+00
511 1.497581e-06 2.094451e-02 1.394066e+00
512 1.420406e-06 5.153338e-02 1.434962e+00
513 1.602103e-06 1.279193e-01 1.494916e+00
514 1.331598e-06 1.688437e-01 1.398620e+00
515 1.579477e-06 1.861512e-01 1.450222e+00
516 1.619147e-06 2.511605e-02 1.498486e+00
517 2.250942e-06 3.902025e-01 1.470002e+00
518 1.291374e-06 4.262962e-01 1.469149e+00
519 1.247543e-06 3.394129e-02 1.440077e+00
520 1.384178e-06 1.095233e-01 1.458957e+00
521 1.753751e-06 2.669978e-01 1.388358e+00
522 1.525170e-06 1.303381e-01 1.399869e+00
523 1.373137e-06 9.968286e-02 1.428803e+00
524 1.081100e-06 2.126787e-01 1.441993e+00
525 1.796531e-06 6.617617e-01 1.463796e+00
526 1.222018e-06 3.197898e-01 1.484280e+00
527 1.153745e-06 5.586911e-02 1.662837e+00
528 1.112071e-06 3.612080e-02 1.423743e+00
529 1.383084e-06 2.437012e-01 1.402830e+00
530 1.167207e-06 1.560841e-01 1.417474e+00
531 1.677070e-06 4.368238e-01 1.422862e+00
532 1.102646e-06 3.425166e-01 1.423889e+00
533 1.186274e-06 7.584288e-02 1.463682e+00
534 1.078316e-06 9.100567e-02 1.459282e+00
535 1.187913e-06 1.016373e-01 1.459912e+00
536 1.168820e-06 1.607292e-02 1.472953e+00
537 1.536389e-06 3.144786e-01 1.424030e+00
538 9.413173e-07 3.873184e-01 1.415302e+00
539 1.181989e-06 2.556751e-01 1.424170e+00
540 8.657312e-07 2.675639e-01 1.399170e+00
541 1.048453e-06 2.110603e-01 1.399162e+00
542 1.062416e-06 1.331816e-02 1.418315e+00
543 1.146176e-06 7.883891e-02 1.419317e+00
544 1.033806e-06 9.803888e-02 1.395269e+00
545 9.044583e-07 1.251180e-01 1.394601e+00
546 8.849398e-07 2.158036e-02 1.399741e+00
547 1.186738e-06 3.410384e-01 1.419713e+00
548 6.435407e-07 4.577231e-01 1.398703e+00
549 8.442599e-07 3.118982e-01 1.419108e+00
550 6.619826e-07 2.159019e-01 1.414418e+00
551 7.070983e-07 6.815237e-02 1.413715e+00
552 6.612322e-07 6.486522e-02 1.430382e+00
553 7.522497e-07 1.376484e-01 1.423158e+00
554 6.602736e-07 1.222681e-01 1.433175e+00
555 6.807531e-07 3.101661e-02 1.409349e+00
556 8.611231e-07 2.649566e-01 1.489725e+00
557 1.122439e-06 3.034593e-01 1.495355e+00
558 7.521040e-07 3.299377e-01 1.494578e+00
559 5.528910e-07 2.648742e-01 1.408972e+00
560 6.611665e-07 1.958350e-01 1.484287e+00
561 5.615793e-07 1.506235e-01 1.546450e+00
562 7.181865e-07 2.788693e-01 1.607735e+00
563 8.805194e-07 2.260316e-01 1.503472e+00
564 5.573597e-07 3.670103e-01 1.509067e+00
565 7.276367e-07 3.055064e-01 1.509704e+00
566 6.439391e-07 1.150267e-01 1.569352e+00
567 7.728652e-07 2.002149e-01 1.475596e+00
568 5.396858e-07 3.017078e-01 1.464150e+00
569 7.011100e-07 2.991078e-01 1.425059e+00
570 6.651895e-07 5.123365e-02 1.464023e+00
571 7.904639e-07 1.883288e-01 1.439451e+00
572 4.847445e-07 3.867595e-01 1.489346e+00
573 4.848615e-07 2.412790e-04 1.488148e+00
574 4.664994e-07 3.787070e-02 1.445064e+00
575 4.992638e-07 7.023443e-02 1.389871e+00
576 5.629212e-07 1.275027e-01 1.404258e+00
577 5.070693e-07 9.921811e-02 1.475478e+00
578 5.024784e-07 9.053720e-03 1.579768e+00
579 4.342388e-07 1.358060e-01 1.549279e+00
580 3.193791e-07 2.645082e-01 1.414999e+00
581 5.124557e-07 6.045376e-01 1.404559e+00
582 3.791386e-07 2.601534e-01 1.398632e+00
583 4.452594e-07 1.743976e-01 1.390039e+00
584 4.737972e-07 6.409236e-02 1.404863e+00
585 3.482241e-07 2.650354e-01 1.419336e+00
586 5.086029e-07 4.605618e-01 1.400118e+00
587 3.242210e-07 3.625263e-01 1.409625e+00
588 3.366621e-07 3.837220e-02 1.384534e+00
589 2.936447e-07 1.277761e-01 1.448980e+00
590 2.975152e-07 1.318078e-02 1.404714e+00
591 2.795519e-07 6.037783e-02 1.408733e+00
592 3.416528e-07 2.221446e-01 1.409439e+00
593 2.632662e-07 2.294335e-01 1.429817e+00
594 4.148556e-07 5.758028e-01 1.412977e+00
595 3.042933e-07 2.665080e-01 1.429398e+00
596 3.210680e-07 5.512674e-02 1.484189e+00
597 2.337025e-07 2.721090e-01 1.522790e+00
598 2.454753e-07 5.037517e-02 1.414266e+00
599 2.082972e-07 1.514535e-01 1.514490e+00
600 3.071477e-07 4.745647e-01 1.443696e+00
601 2.728917e-07 1.115292e-01 1.495013e+00
602 2.833824e-07 3.844253e-02 1.474830e+00
603 3.062601e-07 8.073081e-02 1.464082e+00
604 4.747185e-07 5.500502e-01 1.394321e+00
605 2.888338e-07 3.915684e-01 1.434554e+00
606 4.203828e-07 4.554489e-01 1.404365e+00
607 2.644519e-07 3.709260e-01 1.469683e+00
608 2.809186e-07 6.226729e-02 1.428690e+00
609 4.119732e-07 4.665218e-01 1.469609e+00
610 3.562654e-07 1.352218e-01 1.469417e+00
611 3.264339e-07 8.373398e-02 1.505379e+00
612 2.829096e-07 1.333327e-01 1.452820e+00
613 3.201521e-07 1.316409e-01 1.509720e+00
614 2.928304e-07 8.533962e-02 1.652231e+00
615 2.078401e-07 2.902374e-01 1.434822e+00
616 2.667762e-07 2.835649e-01 1.398857e+00
617 1.610325e-07 3.963763e-01 1.388464e+00
618 2.307991e-07 4.332459e-01 1.403394e+00
619 2.076836e-07 1.001544e-01 1.389283e+00
620 2.757463e-07 3.277234e-01 1.398959e+00
621 1.633867e-07 4.074746e-01 1.454654e+00
622 1.735117e-07 6.196927e-02 1.403778e+00
623 1.620777e-07 6.589731e-02 1.379517e+00
624 1.474157e-07 9.046282e-02 1.374934e+00
625 1.302043e-07 1.167541e-01 1.442357e+00
626 1.297622e-07 3.395295e-03 1.464889e+00
627 1.120985e-07 1.361239e-01 1.392882e+00
628 1.067316e-07 4.787664e-02 1.374504e+00
629 1.181874e-07 1.073324e-01 1.420162e+00
630 1.497498e-07 2.670547e-01 1.388321e+00
631 1.353052e-07 9.645827e-02 1.375024e+00
632 1.055623e-07 2.198211e-01 1.428361e+00
633 1.304730e-07 2.359812e-01 1.454869e+00
634 1.078109e-07 1.736921e-01 1.442246e+00
635 1.015440e-07 5.812842e-02 1.453553e+00
636 1.001340e-07 1.388571e-02 1.505467e+00
637 1.467096e-07 4.651332e-01 1.435241e+00
638 1.358845e-07 7.378626e-02 1.423834e+00
639 9.250080e-08 3.192688e-01 1.419149e+00
640 9.641506e-08 4.231599e-02 1.398269e+00
641 8.351044e-08 1.338445e-01 1.409673e+00
642 8.194444e-08 1.875220e-02 1.380314e+00
643 9.732777e-08 1.877288e-01 1.398370e+00
644 7.470286e-08 2.324609e-01 1.413166e+00
645 7.989702e-08 6.953087e-02 1.433784e+00
646 9.533777e-08 1.932581e-01 1.399784e+00
647 9.325142e-08 2.188378e-02 1.379248e+00
648 1.236628e-07 3.261224e-01 1.383026e+00
649 1.570882e-07 2.702951e-01 1.478346e+00
650 8.986456e-08 4.279358e-01 1.449595e+00
651 1.026870e-07 1.426865e-01 1.419593e+00
652 1.036927e-07 9.793378e-03 1.412616e+00
653 7.878019e-08 2.402531e-01 1.423725e+00
654 1.043317e-07 3.243392e-01 1.384465e+00
655 7.378955e-08 2.927408e-01 1.404882e+00
656 6.298209e-08 1.464633e-01 1.435338e+00
657 5.763935e-08 8.482947e-02 1.449778e+00
658 5.577407e-08 3.236128e-02 1.408441e+00
659 5.330967e-08 4.418548e-02 1.464134e+00
660 5.637568e-08 5.751329e-02 1.534561e+00
661 6.050605e-08 7.326511e-02 1.469459e+00
662 4.502836e-08 2.558040e-01 1.458021e+00
663 5.035865e-08 1.183764e-01 1.439452e+00
664 5.283620e-08 4.919806e-02 1.540301e+00
665 4.697434e-08 1.109441e-01 1.454232e+00
666 5.166393e-08 9.983300e-02 1.434482e+00
667 5.306204e-08 2.706158e-02 1.478960e+00
668 5.211206e-08 1.790306e-02 1.494692e+00
669 6.224588e-08 1.944621e-01 1.454726e+00
670 5.540119e-08 1.099622e-01 1.469122e+00
671 5.877771e-08 6.094674e-02 1.479409e+00
672 4.812300e-08 1.812713e-01 1.480103e+00
673 5.075133e-08 5.461685e-02 1.508842e+00
674 3.915781e-08 2.284378e-01 1.534104e+00
675 6.196730e-08 5.825019e-01 1.683444e+00
676 3.088173e-08 5.016448e-01 1.653385e+00
677 3.844480e-08 2.449043e-01 1.509982e+00
678 3.661470e-08 4.760330e-02 1.483239e+00
679 3.064354e-08 1.630808e-01 1.448483e+00
680 3.221306e-08 5.121855e-02 1.513629e+00
681 4.427470e-08 3.744331e-01 1.518491e+00
682 2.745008e-08 3.800051e-01 1.478530e+00
683 3.227506e-08 1.757727e-01 1.464347e+00
684 2.766219e-08 1.429235e-01 1.489718e+00
685 2.964671e-08 7.174131e-02 1.490626e+00
686 2.820456e-08 4.864455e-02 1.494584e+00
687 2.959510e-08 4.930182e-02 1.489348e+00
688 3.334846e-08 1.268236e-01 1.464081e+00
689 2.914163e-08 1.261476e-01 1.448760e+00
690 3.148709e-08 8.048498e-02 1.493441e+00
691 3.030904e-08 3.741384e-02 1.569275e+00
692 3.532199e-08 1.653945e-01 1.498323e+00
693 2.122299e-08 3.991563e-01 1.552342e+00
694 2.760553e-08 3.007368e-01 1.519445e+00
695 2.653069e-08 3.893538e-02 1.489543e+00
696 2.848390e-08 7.362060e-02 1.474675e+00
697 2.036899e-08 2.848946e-01 1.505683e+00
698 2.175385e-08 6.798869e-02 1.510085e+00
699 1.727258e-08 2.059990e-01 1.510196e+00
700 2.337328e-08 3.532016e-01 1.469270e+00
701 1.728379e-08 2.605323e-01 1.484434e+00
702 2.309306e-08 3.361107e-01 1.474338e+00
703 1.722697e-08 2.540197e-01 1.529569e+00
704 2.170400e-08 2.598854e-01 1.529759e+00
705 1.314118e-08 3.945273e-01 1.494204e+00
706 1.743731e-08 3.269216e-01 1.484830e+00
707 1.365249e-08 2.170533e-01 1.494243e+00
708 1.799611e-08 3.181560e-01 1.538756e+00
709 1.259605e-08 3.000681e-01 1.564145e+00
710 1.970372e-08 5.642779e-01 1.614871e+00
711 1.409102e-08 2.848552e-01 1.483831e+00
712 1.596256e-08 1.328179e-01 1.478922e+00
713 1.239387e-08 2.235660e-01 1.504763e+00
714 1.337954e-08 7.952891e-02 1.509625e+00
715 1.165219e-08 1.291037e-01 1.469407e+00
716 1.306067e-08 1.208763e-01 1.478028e+00
717 1.116700e-08 1.449900e-01 1.503884e+00
718 1.235593e-08 1.064681e-01 1.487395e+00
719 9.988533e-09 1.916002e-01 1.490600e+00
720 1.129398e-08 1.306946e-01 1.517053e+00
721 9.997433e-09 1.147998e-01 1.494353e+00
722 1.433159e-08 4.335274e-01 1.479626e+00
723 9.088509e-09 3.658411e-01 1.519010e+00
724 1.364029e-08 5.008285e-01 1.499552e+00
725 8.843215e-09 3.516844e-01 1.602964e+00
726 1.168437e-08 3.212803e-01 1.544274e+00
727 8.760639e-09 2.502255e-01 1.549248e+00
728 1.036953e-08 1.836498e-01 1.432533e+00
729 7.984631e-09 2.299909e-01 1.458837e+00
730 9.930326e-09 2.436799e-01 1.459909e+00
731 9.244309e-09 6.908300e-02 1.498009e+00
732 7.960510e-09 1.388745e-01 1.390051e+00
733 1.196382e-08 5.028961e-01 1.409397e+00
734 8.672923e-09 2.750707e-01 1.393599e+00
735 1.079279e-08 2.444232e-01 1.344676e+00
736 1.229087e-08 1.388040e-01 1.384581e+00
737 1.134506e-08 7.695232e-02 1.407564e+00
738 8.726654e-09 2.307969e-01 1.419237e+00
739 9.215016e-09 5.596218e-02 1.379825e+00
740 1.095736e-08 1.890771e-01 1.369806e+00
741 9.976733e-09 8.949523e-02 1.402933e+00
742 1.125828e-08 1.284539e-01 1.449674e+00
743 8.161524e-09 2.750650e-01 1.465128e+00
744 9.434806e-09 1.560103e-01 1.569828e+00
745 7.643639e-09 1.898467e-01 1.504366e+00
746 5.844772e-09 2.353417e-01 1.549278e+00
747 6.611280e-09 1.311442e-01 1.638498e+00
748 6.235477e-09 5.684267e-02 1.368503e+00
749 7.153982e-09 1.473030e-01 1.384224e+00
750 6.140927e-09 1.416071e-01 1.450029e+00
751 5.304913e-09 1.361382e-01 1.349764e+00
752 7.716364e-09 4.545696e-01 1.389390e+00
753 6.400864e-09 1.704819e-01 1.380191e+00
754 6.249339e-09 2.367252e-02 1.429458e+00
755 5.267323e-09 1.571392e-01 1.389932e+00
756 6.726693e-09 2.770610e-01 1.379554e+00
757 6.207696e-09 7.715489e-02 1.388476e+00
758 4.483860e-09 2.776933e-01 1.404557e+00
759 5.971056e-09 3.316776e-01 1.393591e+00
760 5.008380e-09 1.612238e-01 1.398357e+00
761 4.778432e-09 4.591257e-02 1.349979e+00
762 4.087290e-09 1.446379e-01 1.419687e+00
763 4.718061e-09 1.543250e-01 1.395099e+00
764 8.459909e-09 7.930903e-01 1.424263e+00
765 4.598201e-09 4.564716e-01 1.414381e+00
766 7.544781e-09 6.408115e-01 1.439633e+00
767 4.534584e-09 3.989774e-01 1.373834e+00
768 5.643797e-09 2.446119e-01 1.488440e+00
769 4.810869e-09 1.475829e-01 1.453582e+00
770 3.827280e-09 2.044514e-01 1.444101e+00
771 6.042412e-09 5.787746e-01 1.472509e+00
772 3.706089e-09 3.866540e-01 1.385238e+00
773 3.478204e-09 6.148954e-02 1.429190e+00
774 5.356470e-09 5.400105e-01 1.389021e+00
775 3.293069e-09 3.852166e-01 1.349173e+00
776 3.378302e-09 2.588249e-02 1.394471e+00
777 4.189433e-09 2.401004e-01 1.399509e+00
778 4.148336e-09 9.809816e-03 1.384275e+00
779 4.013164e-09 3.258463e-02 1.389537e+00
780 3.697840e-09 7.857236e-02 1.387238e+00
781 3.568898e-09 3.486951e-02 1.369944e+00
782 2.592393e-09 2.736154e-01 1.377970e+00
783 4.111584e-09 5.860189e-01 1.389064e+00
784 2.894118e-09 2.961062e-01 1.339310e+00
785 3.240844e-09 1.198035e-01 1.370751e+00
786 2.311437e-09 2.867792e-01 1.403746e+00
787 2.822843e-09 2.212503e-01 1.363431e+00
788 3.845493e-09 3.622768e-01 1.393948e+00
789 2.650035e-09 3.108725e-01 1.388751e+00
790 2.332991e-09 1.196376e-01 1.357808e+00
791 3.593370e-09 5.402415e-01 1.385576e+00
792 2.242486e-09 3.759380e-01 1.384691e+00
793 2.217525e-09 1.113077e-02 1.446931e+00
794 2.744555e-09 2.376660e-01 1.483766e+00
795 2.104362e-09 2.332595e-01 1.424765e+00
796 2.070375e-09 1.615055e-02 1.459546e+00
797 3.332573e-09 6.096469e-01 1.484192e+00
798 1.993600e-09 4.017836e-01 1.454518e+00
799 2.613752e-09 3.110715e-01 1.469580e+00
800 2.321512e-09 1.118083e-01 1.460149e+00
801 1.886794e-09 1.872566e-01 1.529306e+00
802 2.011764e-09 6.623383e-02 1.638643e+00
803 2.259716e-09 1.232514e-01 1.515259e+00
804 1.870507e-09 1.722383e-01 1.463307e+00
805 1.789576e-09 4.326655e-02 1.419095e+00
806 1.573985e-09 1.204707e-01 1.432931e+00
807 2.258053e-09 4.346091e-01 1.489160e+00
808 1.573966e-09 3.029545e-01 1.473727e+00
809 2.079123e-09 3.209458e-01 1.450170e+00
810 1.593395e-09 2.336218e-01 1.399741e+00
811 1.424006e-09 1.063070e-01 1.458379e+00
812 1.708122e-09 1.995188e-01 1.469106e+00
813 1.602465e-09 6.185563e-02 1.429307e+00
814 1.564090e-09 2.394754e-02 1.458437e+00
815 2.327513e-09 4.880945e-01 1.407124e+00
816 1.582558e-09 3.200649e-01 1.470622e+00
817 1.733263e-09 9.522882e-02 1.413926e+00
818 1.442959e-09 1.674901e-01 1.433293e+00
819 1.561712e-09 8.229890e-02 1.456790e+00
820 1.383882e-09 1.138687e-01 1.388614e+00
821 1.497547e-09 8.213485e-02 1.418499e+00
822 1.537528e-09 2.669722e-02 1.503518e+00
823 1.726090e-09 1.226399e-01 1.512362e+00
824 1.141870e-09 3.384641e-01 1.343658e+00
825 1.590654e-09 3.930249e-01 1.380610e+00
826 1.339302e-09 1.580177e-01 1.443722e+00
827 1.706350e-09 2.740588e-01 1.409745e+00
828 1.747006e-09 2.382645e-02 1.422880e+00
829 1.347489e-09 2.286869e-01 1.438298e+00
830 1.268396e-09 5.869664e-02 1.485962e+00
831 1.128866e-09 1.100051e-01 1.443468e+00
832 1.497925e-09 3.269296e-01 1.469680e+00
833 1.087132e-09 2.742418e-01 1.428254e+00
834 1.045201e-09 3.857022e-02 1.429890e+00
835 1.027963e-09 1.649230e-02 1.415325e+00
836 9.997112e-10 2.748322e-02 1.459152e+00
837 9.816694e-10 1.804700e-02 1.424269e+00
838 9.987554e-10 1.740504e-02 1.434816e+00
839 8.849229e-10 1.139744e-01 1.479641e+00
840 1.387952e-09 5.684439e-01 1.429119e+00
841 1.004657e-09 2.761586e-01 1.436737e+00
842 1.044014e-09 3.917397e-02 1.459567e+00
843 1.087383e-09 4.154073e-02 1.454029e+00
844 8.607937e-10 2.083802e-01 1.439791e+00
845 8.565837e-10 4.890795e-03 1.464946e+00
846 8.902283e-10 3.927771e-02 1.453091e+00
847 1.042654e-09 1.712208e-01 1.444763e+00
848 8.295202e-10 2.044146e-01 1.459157e+00
849 8.971185e-10 8.149079e-02 1.459887e+00
850 6.183448e-10 3.107434e-01 1.441922e+00
851 9.932734e-10 6.063422e-01 1.344742e+00
852 6.873727e-10 3.079723e-01 1.353430e+00
853 7.325136e-10 6.567164e-02 1.419684e+00
854 7.635644e-10 4.238942e-02 1.364299e+00
855 5.823858e-10 2.372801e-01 1.349764e+00
856 7.059383e-10 2.121489e-01 1.358806e+00
857 7.663032e-10 8.551021e-02 1.464640e+00
858 6.175511e-10 1.941165e-01 1.447980e+00
859 8.628510e-10 3.972139e-01 1.467884e+00
860 7.228307e-10 1.622764e-01 1.390193e+00
861 5.371057e-10 2.569412e-01 1.349602e+00
862 4.541352e-10 1.544771e-01 1.359407e+00
863 4.972626e-10 9.496598e-02 1.374065e+00
864 4.668349e-10 6.119033e-02 1.428621e+00
865 4.716737e-10 1.036511e-02 1.424098e+00
866 4.965544e-10 5.274971e-02 1.439474e+00
867 7.312652e-10 4.726790e-01 1.389673e+00
868 4.740260e-10 3.517727e-01 1.379098e+00
869 6.517965e-10 3.750226e-01 1.338845e+00
870 4.646080e-10 2.871885e-01 1.425307e+00
871 6.299369e-10 3.558459e-01 1.409656e+00
872 3.905405e-10 3.800323e-01 1.343588e+00
873 6.291500e-10 6.109724e-01 1.369538e+00
874 4.702224e-10 2.526068e-01 1.420147e+00
875 6.538774e-10 3.905704e-01 1.364112e+00
876 4.609085e-10 2.951147e-01 1.404959e+00
877 3.768156e-10 1.824504e-01 1.527827e+00
878 4.049023e-10 7.453714e-02 1.420059e+00
879 5.032719e-10 2.429463e-01 1.423938e+00
880 3.395412e-10 3.253325e-01 1.354492e+00
881 4.492114e-10 3.229955e-01 1.359397e+00
882 3.823263e-10 1.488946e-01 1.398119e+00
883 3.491417e-10 8.679646e-02 1.429844e+00
884 3.302437e-10 5.412700e-02 1.306138e+00
885 4.410857e-10 3.356370e-01 1.355054e+00
886 3.763099e-10 1.468555e-01 1.409205e+00
887 4.877708e-10 2.961946e-01 1.384346e+00
888 3.330863e-10 3.171253e-01 1.359739e+00
889 4.604338e-10 3.823257e-01 1.374635e+00
890 3.810336e-10 1.724464e-01 1.369940e+00
891 4.368028e-10 1.463628e-01 1.373143e+00
892 2.814766e-10 3.555980e-01 1.365201e+00
893 3.474476e-10 2.343747e-01 1.379129e+00
894 2.515324e-10 2.760568e-01 1.529375e+00
895 4.408571e-10 7.526856e-01 1.474124e+00
896 2.828102e-10 3.584992e-01 1.488987e+00
897 3.745891e-10 3.245248e-01 1.407198e+00
898 2.723739e-10 2.728729e-01 1.324490e+00
899 2.500719e-10 8.188027e-02 1.350394e+00
900 2.747940e-10 9.886004e-02 1.339476e+00
901 2.533201e-10 7.814518e-02 1.354085e+00
902 2.851097e-10 1.254917e-01 1.404628e+00
903 2.885634e-10 1.211352e-02 1.409679e+00
904 3.109597e-10 7.761313e-02 1.430171e+00
905 2.680154e-10 1.381025e-01 1.494845e+00
906 2.405155e-10 1.026056e-01 1.424769e+00
907 2.890089e-10 2.016229e-01 1.504510e+00
908 2.153057e-10 2.550207e-01 1.499915e+00
909 3.147429e-10 4.618422e-01 1.439580e+00
910 2.493741e-10 2.076896e-01 1.458485e+00
911 3.063670e-10 2.285441e-01 1.408566e+00
912 2.318026e-10 2.433828e-01 1.394658e+00
913 2.036157e-10 1.215987e-01 1.410145e+00
914 2.610143e-10 2.818970e-01 1.399188e+00
915 2.030314e-10 2.221447e-01 1.388783e+00
916 2.284517e-10 1.252040e-01 1.434292e+00
917 2.630021e-10 1.512371e-01 1.417956e+00
918 2.208629e-10 1.602238e-01 1.389130e+00
919 2.175878e-10 1.482842e-02 1.451734e+00
920 2.369355e-10 8.891873e-02 1.453407e+00
921 1.595314e-10 3.266885e-01 1.467450e+00
922 1.827172e-10 1.453368e-01 1.419660e+00
923 1.772423e-10 2.996348e-02 1.458999e+00
924 1.969233e-10 1.110396e-01 1.403983e+00
925 2.224653e-10 1.297054e-01 1.374822e+00
926 1.486367e-10 3.318658e-01 1.437250e+00
927 1.964873e-10 3.219301e-01 1.475118e+00
928 1.378809e-10 2.982704e-01 1.473950e+00
929 1.406081e-10 1.977904e-02 1.423877e+00
930 1.546486e-10 9.985590e-02 1.409970e+00
931 1.934046e-10 2.506068e-01 1.369279e+00
932 1.224805e-10 3.667139e-01 1.417698e+00
933 1.457181e-10 1.897252e-01 1.435870e+00
934 1.580960e-10 8.494399e-02 1.407377e+00
935 1.415289e-10 1.047913e-01 1.404327e+00
936 1.040816e-10 2.645910e-01 1.407720e+00
937 1.504614e-10 4.456097e-01 1.436335e+00
938 1.146587e-10 2.379527e-01 1.472298e+00
939 1.671354e-10 4.576772e-01 1.475221e+00
940 1.329491e-10 2.045426e-01 1.379543e+00
941 1.578940e-10 1.876277e-01 1.449776e+00
942 1.526804e-10 3.301966e-02 1.473732e+00
943 1.697090e-10 1.115310e-01 1.474435e+00
944 1.469432e-10 1.341460e-01 1.541844e+00
945 2.401677e-10 6.344248e-01 1.425207e+00
946 1.711380e-10 2.874228e-01 1.328974e+00
947 1.545276e-10 9.705840e-02 1.373914e+00
948 1.415067e-10 8.426272e-02 1.383929e+00
949 1.116913e-10 2.106994e-01 1.398760e+00
950 1.389633e-10 2.441726e-01 1.349182e+00
951 1.256252e-10 9.598297e-02 1.389599e+00
952 1.268718e-10 9.923723e-03 1.360171e+00
953 9.693191e-11 2.359857e-01 1.388579e+00
