1 9.491354e-01 1.000000e+00 3.765696e+00
2 8.363466e-01 1.188332e-01 3.837629e+00
3 2.235884e-01 7.326605e-01 4.414491e+00
4 1.392379e-01 3.772580e-01 3.861800e+00
5 8.125363e-02 4.164403e-01 3.775194e+00
6 7.010216e-02 1.372427e-01 4.608455e+00
7 4.845742e-02 3.087600e-01 3.914508e+00
8 4.636923e-02 4.309318e-02 3.799505e+00
9 3.934513e-02 1.514819e-01 3.590643e+00
10 3.774128e-02 4.076374e-02 3.541125e+00
11 1.795902e-02 5.241543e-01 3.582293e+00
12 1.720211e-02 4.214668e-02 3.936281e+00
13 1.523025e-02 1.146292e-01 3.551541e+00
14 1.418729e-02 6.847909e-02 3.495222e+00
15 1.259801e-02 1.120217e-01 3.678769e+00
16 1.048136e-02 1.680141e-01 3.648202e+00
17 8.709151e-03 1.690824e-01 4.059885e+00
18 8.805255e-03 1.103484e-02 3.719178e+00
19 7.749884e-03 1.198570e-01 3.549247e+00
20 7.556172e-03 2.499541e-02 3.639408e+00
21 6.978557e-03 7.644285e-02 3.678604e+00
22 6.129766e-03 1.216284e-01 3.295102e+00
23 5.370416e-03 1.238790e-01 3.504390e+00
24 4.961293e-03 7.618092e-02 3.518979e+00
25 4.849904e-03 2.245170e-02 3.464187e+00
26 4.903340e-03 1.101794e-02 3.511168e+00
27 4.579206e-03 6.610470e-02 3.392474e+00
28 4.601685e-03 4.908874e-03 3.374780e+00
29 4.452431e-03 3.243467e-02 3.350000e+00
30 4.298208e-03 3.463772e-02 3.399795e+00
31 3.924011e-03 8.705896e-02 3.452982e+00
32 3.900107e-03 6.091610e-03 3.318272e+00
33 3.788110e-03 2.871658e-02 3.221463e+00
34 3.712513e-03 1.995623e-02 3.372201e+00
35 3.359666e-03 9.504274e-02 3.397554e+00
36 3.261801e-03 2.912918e-02 3.422039e+00
37 3.096640e-03 5.063513e-02 3.302412e+00
38 2.980356e-03 3.755173e-02 3.367322e+00
39 2.822253e-03 5.304831e-02 3.229135e+00
40 2.704935e-03 4.156866e-02 3.246669e+00
41 2.462076e-03 8.978390e-02 3.086308e+00
42 2.397317e-03 2.630238e-02 3.430217e+00
43 2.359855e-03 1.562695e-02 3.167372e+00
44 2.318621e-03 1.747313e-02 3.236468e+00
45 2.266376e-03 2.253256e-02 3.397796e+00
46 2.301368e-03 1.543948e-02 3.364456e+00
47 2.224518e-03 3.339298e-02 3.157793e+00
48 2.141889e-03 3.714499e-02 3.318091e+00
49 2.116177e-03 1.200395e-02 3.166874e+00
50 2.092444e-03 1.121511e-02 3.149930e+00
51 2.031471e-03 2.913964e-02 3.244078e+00
52 2.007082e-03 1.200589e-02 3.468389e+00
53 2.015933e-03 4.409977e-03 3.252357e+00
54 1.986467e-03 1.461627e-02 3.197618e+00
55 1.966097e-03 1.025442e-02 3.311026e+00
56 1.964419e-03 8.536636e-04 3.340903e+00
57 2.007080e-03 2.171679e-02 3.487313e+00
58 1.977723e-03 1.462661e-02 3.691397e+00
59 1.934398e-03 2.190653e-02 3.302530e+00
60 1.935359e-03 4.966800e-04 3.149248e+00
61 1.932073e-03 1.697977e-03 3.207678e+00
62 1.921905e-03 5.262591e-03 3.301827e+00
63 1.923282e-03 7.164482e-04 3.381724e+00
64 1.860634e-03 3.257348e-02 3.591710e+00
65 1.765429e-03 5.116802e-02 3.317678e+00
66 1.757622e-03 4.422245e-03 3.214114e+00
67 1.750448e-03 4.081296e-03 3.229766e+00
68 1.714583e-03 2.048935e-02 3.419999e+00
69 1.683044e-03 1.839428e-02 3.438576e+00
70 1.676603e-03 3.827355e-03 3.358216e+00
71 1.682096e-03 3.276313e-03 3.335473e+00
72 1.660021e-03 1.312323e-02 3.383469e+00
73 1.593906e-03 3.982762e-02 3.304003e+00
74 1.571819e-03 1.385715e-02 3.255222e+00
75 1.589707e-03 1.138012e-02 3.055340e+00
76 1.528591e-03 3.844457e-02 3.296329e+00
77 1.498815e-03 1.947930e-02 3.406027e+00
78 1.447352e-03 3.433637e-02 3.135512e+00
79 1.427864e-03 1.346402e-02 3.413452e+00
80 1.383020e-03 3.140641e-02 3.204597e+00
81 1.394315e-03 8.166966e-03 3.301910e+00
82 1.336358e-03 4.156724e-02 3.558709e+00
83 1.303564e-03 2.453930e-02 3.630511e+00
84 1.308902e-03 4.094634e-03 3.406154e+00
85 1.302264e-03 5.071142e-03 3.373785e+00
86 1.312873e-03 8.146022e-03 3.189582e+00
87 1.278755e-03 2.598679e-02 3.248099e+00
88 1.270709e-03 6.292090e-03 3.190498e+00
89 1.277713e-03 5.512129e-03 3.365924e+00
90 1.267234e-03 8.201519e-03 3.192183e+00
91 1.232553e-03 2.736796e-02 3.190914e+00
92 1.230245e-03 1.872421e-03 3.327190e+00
93 1.251658e-03 1.740559e-02 3.415581e+00
94 1.214743e-03 2.949312e-02 3.343699e+00
95 1.210255e-03 3.694209e-03 3.812687e+00
96 1.259457e-03 4.065374e-02 3.285745e+00
97 1.178455e-03 6.431430e-02 3.182667e+00
98 1.163056e-03 1.306721e-02 3.205784e+00
99 1.162984e-03 6.238832e-05 3.141902e+00
100 1.086064e-03 6.613964e-02 3.244314e+00
101 1.032656e-03 4.917656e-02 3.248038e+00
102 1.016082e-03 1.604943e-02 3.191513e+00
103 1.010339e-03 5.652308e-03 3.239257e+00
104 1.018363e-03 7.941966e-03 3.294552e+00
105 9.631196e-04 5.424713e-02 3.734459e+00
106 9.865888e-04 2.436789e-02 3.399808e+00
107 9.840251e-04 2.598553e-03 3.319505e+00
108 9.603234e-04 2.408643e-02 3.578875e+00
109 1.056811e-03 1.004738e-01 3.287490e+00
110 9.645697e-04 8.728250e-02 3.279723e+00
111 8.926435e-04 7.456816e-02 3.215279e+00
112 8.814217e-04 1.257144e-02 3.366346e+00
113 8.573844e-04 2.727098e-02 3.215396e+00
114 9.193597e-04 7.228409e-02 3.312000e+00
115 8.070772e-04 1.221312e-01 3.400237e+00
116 7.998116e-04 9.002328e-03 3.247009e+00
117 7.614431e-04 4.797197e-02 3.256146e+00
118 7.672437e-04 7.617922e-03 3.255005e+00
119 7.323044e-04 4.553868e-02 3.248032e+00
120 8.018380e-04 9.495176e-02 3.645693e+00
121 7.567921e-04 5.617835e-02 3.183087e+00
122 7.397150e-04 2.256503e-02 3.230883e+00
123 8.047115e-04 8.786685e-02 3.222425e+00
124 7.187833e-04 1.067813e-01 3.262906e+00
125 6.937370e-04 3.484550e-02 3.414129e+00
126 6.752317e-04 2.667476e-02 3.046697e+00
127 6.510622e-04 3.579444e-02 3.143100e+00
128 6.119917e-04 6.001033e-02 3.094311e+00
129 6.306700e-04 3.052057e-02 3.207275e+00
130 6.638654e-04 5.263510e-02 3.895045e+00
131 5.896409e-04 1.118067e-01 3.310088e+00
132 5.623042e-04 4.636148e-02 3.599201e+00
133 5.641521e-04 3.286266e-03 3.319957e+00
134 5.952454e-04 5.511516e-02 3.317780e+00
135 5.828660e-04 2.079717e-02 3.471078e+00
136 5.843960e-04 2.624984e-03 3.311676e+00
137 5.372803e-04 8.062290e-02 3.212927e+00
138 5.055946e-04 5.897432e-02 3.460054e+00
139 4.856491e-04 3.944960e-02 3.405382e+00
140 5.051105e-04 4.007293e-02 3.351085e+00
141 5.109416e-04 1.154423e-02 3.526805e+00
142 4.811066e-04 5.839212e-02 3.366890e+00
143 5.071604e-04 5.415377e-02 3.229440e+00
144 4.869458e-04 3.985832e-02 3.198420e+00
145 4.509980e-04 7.382304e-02 3.180469e+00
146 4.475976e-04 7.539696e-03 3.330664e+00
147 4.467750e-04 1.837887e-03 3.291848e+00
148 6.571137e-04 4.707934e-01 3.365764e+00
149 4.348857e-04 3.381881e-01 3.366326e+00
150 4.925194e-04 1.325261e-01 3.463661e+00
151 4.726108e-04 4.042195e-02 3.264009e+00
152 4.169965e-04 1.176745e-01 3.373338e+00
153 4.230895e-04 1.461173e-02 3.270210e+00
154 3.784181e-04 1.055840e-01 3.191726e+00
155 3.809595e-04 6.716049e-03 3.326484e+00
156 3.935920e-04 3.315950e-02 3.157951e+00
157 4.193336e-04 6.540191e-02 3.254804e+00
158 3.739681e-04 1.081848e-01 3.293002e+00
159 3.641465e-04 2.626318e-02 3.414870e+00
160 3.753172e-04 3.067634e-02 3.534120e+00
161 3.336169e-04 1.111069e-01 3.292728e+00
162 3.088474e-04 7.424544e-02 3.262380e+00
163 3.614824e-04 1.704240e-01 3.518816e+00
164 2.903800e-04 1.966967e-01 3.452637e+00
165 3.405239e-04 1.726839e-01 3.375647e+00
166 3.562663e-04 4.623000e-02 3.223320e+00
167 2.952266e-04 1.713317e-01 3.295922e+00
168 3.261818e-04 1.048523e-01 3.271782e+00
169 2.802319e-04 1.408722e-01 3.302697e+00
170 2.934571e-04 4.719379e-02 3.325497e+00
171 2.779282e-04 5.291697e-02 3.227540e+00
172 2.904044e-04 4.489003e-02 3.334483e+00
173 2.766467e-04 4.737433e-02 3.381780e+00
174 2.582390e-04 6.653853e-02 3.223137e+00
175 2.694221e-04 4.330523e-02 3.336197e+00
176 2.535857e-04 5.877940e-02 3.231081e+00
177 2.466723e-04 2.726244e-02 3.892617e+00
178 2.450822e-04 6.446385e-03 3.359923e+00
179 2.923081e-04 1.926942e-01 3.223271e+00
180 2.728259e-04 6.664935e-02 3.207097e+00
181 2.967259e-04 8.760172e-02 3.138322e+00
182 2.267431e-04 2.358501e-01 3.206172e+00
183 2.502055e-04 1.034756e-01 3.110116e+00
184 2.261110e-04 9.629855e-02 3.103595e+00
185 2.078976e-04 8.055105e-02 3.135880e+00
186 2.110166e-04 1.500253e-02 3.152200e+00
187 2.140562e-04 1.440470e-02 3.175305e+00
188 2.070743e-04 3.261697e-02 3.296029e+00
189 2.081210e-04 5.054646e-03 3.374849e+00
190 2.688757e-04 2.919198e-01 3.198825e+00
191 2.395473e-04 1.090779e-01 3.174648e+00
192 2.125854e-04 1.125533e-01 3.204684e+00
193 2.322060e-04 9.229494e-02 3.228489e+00
194 2.291140e-04 1.331554e-02 3.270030e+00
195 2.204640e-04 3.775425e-02 3.270094e+00
196 2.788481e-04 2.648239e-01 3.173609e+00
197 1.917516e-04 3.123439e-01 3.243814e+00
198 1.864590e-04 2.760157e-02 3.190239e+00
199 1.895417e-04 1.653330e-02 3.141403e+00
200 1.902785e-04 3.887124e-03 3.276838e+00
201 1.902562e-04 1.172808e-04 3.455042e+00
202 2.317759e-04 2.182304e-01 3.680053e+00
203 2.098708e-04 9.450993e-02 3.167268e+00
204 1.644421e-04 2.164603e-01 3.221613e+00
205 1.405391e-04 1.453581e-01 3.253017e+00
206 1.757679e-04 2.506689e-01 3.205358e+00
207 1.632524e-04 7.120477e-02 3.182708e+00
208 1.601252e-04 1.915524e-02 3.229337e+00
209 1.587287e-04 8.721437e-03 3.214970e+00
210 1.360951e-04 1.425928e-01 3.166323e+00
211 1.344029e-04 1.243438e-02 3.215243e+00
212 1.346903e-04 2.138512e-03 3.190665e+00
213 1.458558e-04 8.289780e-02 3.326499e+00
214 1.534315e-04 5.193970e-02 3.333104e+00
215 1.317559e-04 1.412722e-01 3.254042e+00
216 1.155882e-04 1.227093e-01 3.183056e+00
217 1.111907e-04 3.804469e-02 3.174944e+00
218 1.074873e-04 3.330649e-02 3.175256e+00
219 1.236009e-04 1.499109e-01 3.231326e+00
220 1.133868e-04 8.263744e-02 3.236523e+00
221 1.056774e-04 6.799191e-02 3.343089e+00
222 1.016227e-04 3.836889e-02 3.175777e+00
223 1.019684e-04 3.402269e-03 3.215408e+00
224 9.587739e-05 5.973458e-02 3.230587e+00
225 9.158488e-05 4.477092e-02 3.263627e+00
226 1.044379e-04 1.403401e-01 3.192034e+00
227 1.033458e-04 1.045688e-02 3.165775e+00
228 7.044098e-05 3.183954e-01 3.197578e+00
229 9.893966e-05 4.045753e-01 3.206776e+00
230 7.746153e-05 2.170831e-01 3.175249e+00
231 7.739266e-05 8.890540e-04 3.213717e+00
232 7.574425e-05 2.129939e-02 3.197932e+00
233 7.775945e-05 2.660534e-02 3.199696e+00
234 7.424941e-05 4.513973e-02 3.248317e+00
235 7.220241e-05 2.756920e-02 3.224022e+00
236 8.472391e-05 1.734222e-01 3.200022e+00
237 5.688923e-05 3.285340e-01 3.255801e+00
238 5.886690e-05 3.476355e-02 3.231695e+00
239 4.875012e-05 1.718585e-01 3.295111e+00
240 5.262430e-05 7.947007e-02 3.111311e+00
241 4.078930e-05 2.248962e-01 3.224374e+00
242 4.815669e-05 1.806207e-01 3.167622e+00
243 3.291731e-05 3.164540e-01 3.166894e+00
244 3.603901e-05 9.483467e-02 3.295890e+00
245 3.522657e-05 2.254347e-02 3.119500e+00
246 4.475432e-05 2.704707e-01 3.158030e+00
247 3.290982e-05 2.646561e-01 3.199696e+00
248 3.000665e-05 8.821577e-02 3.141787e+00
249 2.867143e-05 4.449764e-02 3.270721e+00
250 2.495672e-05 1.295612e-01 3.102444e+00
251 2.384602e-05 4.450515e-02 3.205914e+00
252 2.736181e-05 1.474371e-01 3.270925e+00
253 1.978467e-05 2.769241e-01 3.333293e+00
254 1.847789e-05 6.605011e-02 3.269821e+00
255 3.439047e-05 8.611692e-01 3.180342e+00
256 2.150553e-05 3.746661e-01 3.214919e+00
257 1.615984e-05 2.485728e-01 3.229295e+00
258 2.085327e-05 2.904381e-01 3.150478e+00
259 1.842113e-05 1.166312e-01 3.100154e+00
260 1.599707e-05 1.315910e-01 3.006615e+00
261 1.991198e-05 2.447265e-01 3.063371e+00
262 1.321831e-05 3.361631e-01 3.262092e+00
263 2.052056e-05 5.524347e-01 3.126259e+00
264 1.526383e-05 2.561689e-01 3.426177e+00
265 1.292812e-05 1.530225e-01 3.204423e+00
266 1.383475e-05 7.012816e-02 3.125848e+00
267 1.127045e-05 1.853517e-01 3.156789e+00
268 1.632460e-05 4.484423e-01 3.126809e+00
269 1.521555e-05 6.793730e-02 3.158332e+00
270 1.380696e-05 9.257568e-02 3.159114e+00
271 1.335116e-05 3.301269e-02 3.123360e+00
272 1.112508e-05 1.667329e-01 3.208028e+00
273 1.351726e-05 2.150257e-01 3.315430e+00
274 1.130023e-05 1.640144e-01 3.116523e+00
275 1.188442e-05 5.169659e-02 3.349644e+00
276 9.058039e-06 2.378223e-01 3.333838e+00
277 9.684143e-06 6.912141e-02 3.781601e+00
278 8.054041e-06 1.683269e-01 3.086726e+00
279 9.897947e-06 2.289417e-01 3.220863e+00
280 9.089917e-06 8.163612e-02 3.187876e+00
281 8.875722e-06 2.356394e-02 3.183036e+00
282 1.004078e-05 1.312633e-01 3.294547e+00
283 9.081426e-06 9.554565e-02 3.191464e+00
284 9.267901e-06 2.053365e-02 3.126496e+00
285 7.286078e-06 2.138373e-01 3.207569e+00
286 6.808548e-06 6.554013e-02 3.275390e+00
287 5.649439e-06 1.702432e-01 3.246440e+00
288 8.555675e-06 5.144291e-01 3.371119e+00
289 8.166490e-06 4.548853e-02 3.445517e+00
290 1.186505e-05 4.528948e-01 3.232043e+00
291 1.065635e-05 1.018709e-01 3.151238e+00
292 8.291150e-06 2.219520e-01 3.213068e+00
293 7.219097e-06 1.293008e-01 3.204682e+00
294 9.641652e-06 3.355759e-01 3.270386e+00
295 6.057083e-06 3.717795e-01 3.237601e+00
296 5.936891e-06 1.984323e-02 3.188205e+00
297 5.900511e-06 6.127791e-03 3.148389e+00
298 8.153226e-06 3.817831e-01 3.202304e+00
299 7.682390e-06 5.774849e-02 3.173098e+00
300 7.901396e-06 2.850757e-02 3.253715e+00
301 8.453277e-06 6.984602e-02 3.334135e+00
302 6.583434e-06 2.211974e-01 3.428732e+00
303 5.444541e-06 1.729938e-01 3.199301e+00
304 5.734687e-06 5.329122e-02 3.151800e+00
305 7.810178e-06 3.619188e-01 3.155783e+00
306 7.679719e-06 1.670374e-02 3.167534e+00
307 5.209152e-06 3.217001e-01 3.196074e+00
308 5.534833e-06 6.252084e-02 3.181300e+00
309 6.333471e-06 1.442930e-01 3.219157e+00
310 8.199237e-06 2.945882e-01 3.133059e+00
311 5.416276e-06 3.394170e-01 3.172944e+00
312 5.250839e-06 3.054434e-02 3.134031e+00
313 6.538941e-06 2.453135e-01 3.170981e+00
314 9.975139e-06 5.254977e-01 3.231112e+00
315 4.904338e-06 5.083440e-01 3.316968e+00
316 4.693376e-06 4.301535e-02 3.181635e+00
317 4.512495e-06 3.853950e-02 3.128022e+00
318 6.322711e-06 4.011562e-01 3.246850e+00
319 7.434382e-06 1.758219e-01 3.383968e+00
320 5.696689e-06 2.337374e-01 3.214090e+00
321 6.416944e-06 1.264339e-01 3.158117e+00
322 4.898873e-06 2.365723e-01 3.191702e+00
323 3.825001e-06 2.192080e-01 3.317993e+00
324 3.525549e-06 7.828799e-02 3.174567e+00
325 6.335864e-06 7.971284e-01 3.236867e+00
326 3.813981e-06 3.980331e-01 3.134570e+00
327 3.474997e-06 8.887939e-02 3.253947e+00
328 3.763897e-06 8.313687e-02 3.155736e+00
329 4.817878e-06 2.800239e-01 3.158252e+00
330 3.280556e-06 3.190870e-01 3.234501e+00
331 2.975702e-06 9.292748e-02 3.275123e+00
332 2.708335e-06 8.985009e-02 3.173875e+00
333 3.663782e-06 3.527802e-01 3.173473e+00
334 2.880101e-06 2.138995e-01 3.308966e+00
335 1.893266e-06 3.426390e-01 3.078172e+00
336 1.246356e-06 3.416898e-01 3.263403e+00
337 1.180754e-06 5.263561e-02 3.319450e+00
338 1.056405e-06 1.053127e-01 3.272029e+00
339 1.051707e-06 4.447151e-03 3.270098e+00
340 9.040129e-07 1.404330e-01 3.157919e+00
341 1.177417e-06 3.024343e-01 3.213597e+00
342 8.051585e-07 3.161655e-01 3.373574e+00
343 8.477416e-07 5.288785e-02 3.269459e+00
344 9.955438e-07 1.743481e-01 3.378227e+00
345 8.505901e-07 1.456025e-01 3.151207e+00
346 8.541750e-07 4.214637e-03 3.230411e+00
347 9.748839e-07 1.413163e-01 3.261174e+00
348 8.030854e-07 1.762246e-01 3.486066e+00
349 8.708911e-07 8.443145e-02 3.259999e+00
350 8.246507e-07 5.309545e-02 3.518355e+00
351 7.564055e-07 8.275657e-02 3.341825e+00
352 6.976127e-07 7.772656e-02 3.326747e+00
353 6.165515e-07 1.161979e-01 3.287270e+00
354 8.845112e-07 4.346104e-01 3.244222e+00
355 8.509906e-07 3.789737e-02 3.072266e+00
356 8.223592e-07 3.364482e-02 2.975830e+00
357 6.815199e-07 1.712625e-01 3.198657e+00
358 7.911004e-07 1.607884e-01 3.196242e+00
359 7.674284e-07 2.992279e-02 3.189239e+00
360 5.656468e-07 2.629322e-01 3.244898e+00
361 6.792689e-07 2.008710e-01 3.531818e+00
362 7.218860e-07 6.273965e-02 4.099550e+00
363 7.418769e-07 2.769260e-02 3.212571e+00
364 5.961051e-07 1.964905e-01 3.158908e+00
365 5.647224e-07 5.264635e-02 3.341989e+00
366 5.579249e-07 1.203687e-02 3.213573e+00
367 6.402178e-07 1.474983e-01 3.086632e+00
368 4.909573e-07 2.331402e-01 3.100441e+00
369 5.763781e-07 1.739882e-01 3.102927e+00
370 5.550703e-07 3.696832e-02 3.143289e+00
371 4.583383e-07 1.742698e-01 3.159966e+00
372 5.045421e-07 1.008071e-01 3.118916e+00
373 4.870122e-07 3.474420e-02 3.175332e+00
374 5.823590e-07 1.957791e-01 3.182092e+00
375 5.480228e-07 5.896057e-02 3.291492e+00
376 3.949006e-07 2.794085e-01 3.743672e+00
377 5.082181e-07 2.869521e-01 3.141206e+00
378 3.460530e-07 3.190857e-01 3.119034e+00
379 4.482677e-07 2.953730e-01 3.168346e+00
380 5.413899e-07 2.077378e-01 3.239533e+00
381 4.169105e-07 2.299256e-01 3.151827e+00
382 4.657873e-07 1.172358e-01 3.156204e+00
383 5.603061e-07 2.029226e-01 3.127048e+00
384 5.623149e-07 3.585078e-03 3.322663e+00
385 4.301928e-07 2.349611e-01 3.163396e+00
386 4.636166e-07 7.769490e-02 3.161862e+00
387 5.036185e-07 8.628227e-02 3.293515e+00
388 4.903014e-07 2.644271e-02 3.482676e+00
389 4.055209e-07 1.729151e-01 3.176240e+00
390 4.566306e-07 1.260347e-01 3.199708e+00
391 3.487922e-07 2.361611e-01 3.231423e+00
392 4.040778e-07 1.585057e-01 3.165537e+00
393 4.654782e-07 1.519519e-01 3.053171e+00
394 4.711906e-07 1.227224e-02 3.028190e+00
395 4.420225e-07 6.190291e-02 3.014752e+00
396 3.198683e-07 2.763530e-01 3.118085e+00
397 3.815843e-07 1.929420e-01 3.109898e+00
398 3.844512e-07 7.513196e-03 3.086783e+00
399 4.846737e-07 2.606899e-01 3.155642e+00
400 3.134200e-07 3.533382e-01 3.332758e+00
401 3.481245e-07 1.107285e-01 3.222835e+00
402 5.340386e-07 5.340448e-01 3.198570e+00
403 4.625293e-07 1.339028e-01 3.223704e+00
404 4.404979e-07 4.763252e-02 3.182956e+00
405 4.018272e-07 8.778854e-02 3.151743e+00
406 4.609771e-07 1.472022e-01 3.205239e+00
407 4.234806e-07 8.134131e-02 3.180601e+00
408 2.869391e-07 3.224268e-01 3.179344e+00
409 3.540594e-07 2.339182e-01 3.256459e+00
410 3.886732e-07 9.776273e-02 3.182991e+00
411 3.900110e-07 3.441804e-03 3.198026e+00
412 3.631051e-07 6.898746e-02 3.435759e+00
413 4.761745e-07 3.113959e-01 3.253565e+00
414 4.198461e-07 1.182935e-01 3.387138e+00
415 4.624804e-07 1.015473e-01 3.239322e+00
416 2.826291e-07 3.888841e-01 3.166496e+00
417 4.243531e-07 5.014485e-01 3.163855e+00
418 3.703704e-07 1.272118e-01 3.157994e+00
419 2.933380e-07 2.079873e-01 3.141341e+00
420 3.375236e-07 1.506302e-01 3.356442e+00
421 3.984470e-07 1.805010e-01 3.300118e+00
422 4.026560e-07 1.056350e-02 3.186952e+00
423 2.997747e-07 2.555066e-01 3.195938e+00
424 2.920784e-07 2.567364e-02 3.148608e+00
425 3.556860e-07 2.177758e-01 3.182681e+00
426 2.561634e-07 2.798047e-01 3.245779e+00
427 3.183519e-07 2.427690e-01 3.208961e+00
428 3.510160e-07 1.026037e-01 3.318118e+00
429 3.211010e-07 8.522401e-02 3.177937e+00
430 2.353811e-07 2.669563e-01 3.205491e+00
431 3.261261e-07 3.855238e-01 3.515686e+00
432 4.373984e-07 3.411943e-01 3.222249e+00
433 4.599870e-07 5.164303e-02 3.254465e+00
434 4.564364e-07 7.718848e-03 3.177867e+00
435 3.450187e-07 2.441035e-01 3.194922e+00
436 4.000379e-07 1.594672e-01 3.140670e+00
437 4.245070e-07 6.116698e-02 3.132373e+00
438 3.788932e-07 1.074512e-01 3.165787e+00
439 3.112317e-07 1.785766e-01 3.147720e+00
440 3.931365e-07 2.631632e-01 3.196642e+00
441 3.731420e-07 5.085884e-02 3.153128e+00
442 4.156413e-07 1.138957e-01 3.142029e+00
443 4.442875e-07 6.892057e-02 3.142768e+00
444 4.459771e-07 3.802985e-03 3.167102e+00
445 4.302601e-07 3.524176e-02 3.222184e+00
446 4.120170e-07 4.240030e-02 3.275193e+00
447 3.726072e-07 9.565073e-02 3.233249e+00
448 3.405329e-07 8.608083e-02 3.091305e+00
449 3.622750e-07 6.384728e-02 3.116190e+00
450 2.625992e-07 2.751385e-01 3.137559e+00
451 3.090022e-07 1.767065e-01 3.125828e+00
452 3.605619e-07 1.668589e-01 3.161238e+00
453 3.126404e-07 1.329080e-01 3.150932e+00
454 4.112697e-07 3.154722e-01 3.150898e+00
455 3.237871e-07 2.127135e-01 3.179755e+00
456 3.008864e-07 7.072757e-02 3.229108e+00
457 3.584873e-07 1.914373e-01 3.160229e+00
458 3.818459e-07 6.515888e-02 3.174276e+00
459 2.959271e-07 2.250091e-01 3.196602e+00
460 2.194915e-07 2.582922e-01 3.271492e+00
461 2.725457e-07 2.417142e-01 3.261621e+00
462 3.094885e-07 1.355475e-01 3.350026e+00
463 2.421239e-07 2.176642e-01 3.155427e+00
464 2.906014e-07 2.002174e-01 3.164190e+00
465 2.159160e-07 2.570028e-01 3.183114e+00
466 2.538562e-07 1.757173e-01 3.231491e+00
467 2.761349e-07 8.776116e-02 3.247428e+00
468 2.528384e-07 8.436618e-02 3.207522e+00
469 1.855946e-07 2.659559e-01 3.176196e+00
470 2.390769e-07 2.881672e-01 3.197621e+00
471 2.786573e-07 1.655553e-01 3.189827e+00
472 2.444115e-07 1.228958e-01 3.262434e+00
473 1.806276e-07 2.609694e-01 3.319385e+00
474 2.355435e-07 3.040288e-01 3.823664e+00
475 2.735431e-07 1.613271e-01 3.140409e+00
476 2.411520e-07 1.184132e-01 3.248154e+00
477 1.743723e-07 2.769196e-01 3.319244e+00
478 1.999904e-07 1.469160e-01 3.211811e+00
479 2.977321e-07 4.887325e-01 3.342190e+00
480 2.253961e-07 2.429569e-01 3.174377e+00
481 2.541122e-07 1.274031e-01 3.175414e+00
482 3.069830e-07 2.080606e-01 3.295987e+00
483 2.508376e-07 1.828941e-01 3.151731e+00
484 1.863496e-07 2.570908e-01 3.172975e+00
485 2.332283e-07 2.515635e-01 3.318865e+00
486 2.611416e-07 1.196821e-01 3.412970e+00
487 2.549476e-07 2.371872e-02 3.244273e+00
488 2.444286e-07 4.125956e-02 3.134672e+00
489 2.432022e-07 5.017499e-03 3.245578e+00
490 2.831193e-07 1.641315e-01 3.166362e+00
491 2.539481e-07 1.030349e-01 3.133617e+00
492 1.865146e-07 2.655406e-01 3.183999e+00
493 2.281249e-07 2.230940e-01 3.125496e+00
494 2.513820e-07 1.019492e-01 3.139757e+00
495 2.238865e-07 1.093775e-01 3.150911e+00
496 2.501937e-07 1.175023e-01 3.119177e+00
497 2.332989e-07 6.752690e-02 3.371504e+00
498 2.362902e-07 1.282188e-02 3.365441e+00
499 2.299533e-07 2.681839e-02 3.334507e+00
500 2.362177e-07 2.724230e-02 3.380759e+00
501 2.339402e-07 9.641646e-03 3.165571e+00
502 1.701934e-07 2.724918e-01 3.183226e+00
503 1.928447e-07 1.330911e-01 3.179984e+00
504 2.584274e-07 3.400806e-01 3.229731e+00
505 2.157823e-07 1.650179e-01 3.242435e+00
506 3.713107e-07 7.207659e-01 3.196715e+00
507 2.309932e-07 3.778979e-01 3.151793e+00
508 2.459894e-07 6.492086e-02 3.164171e+00
509 2.101716e-07 1.456073e-01 3.237579e+00
510 1.610385e-07 2.337762e-01 3.286652e+00
511 1.981701e-07 2.305760e-01 3.310586e+00
512 2.053647e-07 3.630537e-02 3.437105e+00
513 1.490420e-07 2.742572e-01 3.173334e+00
514 1.958981e-07 3.143819e-01 3.237955e+00
515 2.217441e-07 1.319360e-01 3.118081e+00
516 1.995778e-07 9.996323e-02 3.197838e+00
517 1.490523e-07 2.531622e-01 3.238156e+00
518 1.824964e-07 2.243789e-01 3.155168e+00
519 2.332185e-07 2.779343e-01 3.166386e+00
520 2.608119e-07 1.183157e-01 3.138257e+00
521 2.058694e-07 2.106593e-01 3.141617e+00
522 2.510095e-07 2.192657e-01 3.178796e+00
523 2.309123e-07 8.006572e-02 3.186985e+00
524 2.335440e-07 1.139698e-02 3.213452e+00
525 1.802121e-07 2.283592e-01 3.186087e+00
526 1.902595e-07 5.575351e-02 3.179229e+00
527 1.363468e-07 2.833639e-01 3.182829e+00
528 2.196571e-07 6.110172e-01 3.116789e+00
529 1.999757e-07 8.960068e-02 3.140621e+00
530 1.523619e-07 2.380981e-01 3.124639e+00
531 1.825362e-07 1.980442e-01 3.123954e+00
532 1.832912e-07 4.136112e-03 3.262859e+00
533 2.065208e-07 1.267359e-01 3.126070e+00
534 1.878851e-07 9.023668e-02 3.207723e+00
535 2.105523e-07 1.206443e-01 3.199708e+00
536 1.685115e-07 1.996691e-01 3.263902e+00
537 1.979042e-07 1.744256e-01 3.311245e+00
538 2.336357e-07 1.805492e-01 3.208412e+00
539 1.979078e-07 1.529213e-01 3.175360e+00
540 1.462819e-07 2.608584e-01 3.143042e+00
541 1.843919e-07 2.605243e-01 3.151795e+00
542 2.040892e-07 1.068228e-01 3.183027e+00
543 2.798455e-07 3.711922e-01 3.198261e+00
544 2.466585e-07 1.185904e-01 3.381202e+00
545 1.988953e-07 1.936411e-01 3.375903e+00
546 2.471628e-07 2.426780e-01 3.134371e+00
547 2.419985e-07 2.089433e-02 3.161810e+00
548 2.268933e-07 6.241843e-02 3.177353e+00
549 2.250654e-07 8.056044e-03 3.154411e+00
550 2.236317e-07 6.370260e-03 3.202583e+00
551 1.424220e-07 3.631404e-01 3.231704e+00
552 2.343270e-07 6.453004e-01 3.134837e+00
553 2.384839e-07 1.773959e-02 3.151177e+00
554 1.715773e-07 2.805497e-01 3.142251e+00
555 2.593302e-07 5.114484e-01 3.143891e+00
556 1.764970e-07 3.194121e-01 3.166197e+00
557 2.335724e-07 3.233789e-01 3.398646e+00
558 1.373359e-07 4.120198e-01 3.573388e+00
559 1.939203e-07 4.120144e-01 3.582085e+00
560 1.871675e-07 3.482253e-02 3.127957e+00
561 2.123357e-07 1.344686e-01 3.116596e+00
562 1.224238e-07 4.234424e-01 3.189758e+00
563 1.930301e-07 5.767374e-01 3.092642e+00
564 2.264568e-07 1.731681e-01 3.346149e+00
565 2.148862e-07 5.109404e-02 3.179831e+00
566 2.541059e-07 1.825140e-01 3.134017e+00
567 2.479740e-07 2.413145e-02 3.147694e+00
568 1.880635e-07 2.416000e-01 3.131268e+00
569 2.094308e-07 1.136177e-01 3.139978e+00
570 1.849945e-07 1.166798e-01 3.148521e+00
571 1.911567e-07 3.331045e-02 3.171583e+00
572 1.299295e-07 3.202986e-01 3.204600e+00
573 2.244897e-07 7.277814e-01 3.373571e+00
574 1.707406e-07 2.394280e-01 3.182595e+00
575 1.337468e-07 2.166668e-01 3.403171e+00
576 1.538364e-07 1.502059e-01 3.110278e+00
577 1.829566e-07 1.892937e-01 2.999406e+00
578 1.735625e-07 5.134622e-02 3.117306e+00
579 1.298427e-07 2.518964e-01 3.206091e+00
580 1.352839e-07 4.190557e-02 3.159869e+00
581 1.368633e-07 1.167475e-02 3.167123e+00
582 1.364032e-07 3.361613e-03 3.238938e+00
583 1.557461e-07 1.418073e-01 3.300659e+00
584 8.521930e-08 4.528320e-01 3.190103e+00
585 1.125178e-07 3.203324e-01 3.292487e+00
586 1.838904e-07 6.343222e-01 3.442251e+00
587 1.234638e-07 3.286012e-01 3.146292e+00
588 1.840199e-07 4.904772e-01 3.108628e+00
589 1.617935e-07 1.207825e-01 3.149553e+00
590 1.545311e-07 4.488674e-02 3.157462e+00
591 8.878933e-08 4.254276e-01 3.149374e+00
592 1.408267e-07 5.860771e-01 3.199110e+00
593 1.805811e-07 2.822927e-01 3.207549e+00
594 1.782676e-07 1.281132e-02 3.135894e+00
595 1.129642e-07 3.663225e-01 3.111148e+00
596 1.479128e-07 3.093783e-01 3.079756e+00
597 1.524007e-07 3.034103e-02 3.199536e+00
598 1.600653e-07 5.029237e-02 3.271727e+00
599 1.323942e-07 1.728734e-01 3.287866e+00
600 1.603305e-07 2.110081e-01 3.407681e+00
601 1.321720e-07 1.756277e-01 3.135710e+00
602 1.536012e-07 1.621308e-01 3.104020e+00
603 1.122973e-07 2.689036e-01 3.056045e+00
604 1.302319e-07 1.597065e-01 3.103485e+00
605 1.423618e-07 9.314088e-02 3.127608e+00
606 9.057191e-08 3.637906e-01 3.104075e+00
607 1.095457e-07 2.094891e-01 3.160268e+00
608 1.538488e-07 4.044255e-01 3.127179e+00
609 1.053311e-07 3.153598e-01 3.192508e+00
610 1.598606e-07 5.176964e-01 3.183167e+00
611 1.437834e-07 1.005701e-01 3.287629e+00
612 1.764121e-07 2.269292e-01 3.263727e+00
613 1.136006e-07 3.560496e-01 3.243620e+00
614 1.317583e-07 1.598383e-01 3.088417e+00
615 1.400226e-07 6.272293e-02 3.070781e+00
616 8.540794e-08 3.900418e-01 3.119821e+00
617 1.170861e-07 3.709036e-01 3.231408e+00
618 1.343288e-07 1.472655e-01 3.143399e+00
619 1.122437e-07 1.644107e-01 3.215866e+00
620 1.572229e-07 4.007280e-01 3.135869e+00
621 1.005272e-07 3.606071e-01 3.096359e+00
622 1.021873e-07 1.651405e-02 3.159551e+00
623 1.344869e-07 3.160817e-01 3.151986e+00
624 1.152648e-07 1.429292e-01 3.791301e+00
625 9.715031e-08 1.571552e-01 4.038763e+00
626 1.563470e-07 6.093312e-01 3.182491e+00
627 1.135529e-07 2.737122e-01 3.120061e+00
628 1.338425e-07 1.786798e-01 3.014196e+00
629 1.429765e-07 6.824427e-02 3.112562e+00
630 1.284741e-07 1.014325e-01 3.127742e+00
631 1.382976e-07 7.646348e-02 3.110865e+00
632 1.049385e-07 2.412125e-01 3.095072e+00
633 1.185411e-07 1.296243e-01 3.087233e+00
634 1.116772e-07 5.790320e-02 3.127549e+00
635 1.238316e-07 1.088353e-01 3.135197e+00
636 9.326105e-08 2.468719e-01 3.128178e+00
637 1.123892e-07 2.051033e-01 3.152408e+00
638 1.135595e-07 1.041246e-02 3.157684e+00
639 7.910645e-08 3.033917e-01 3.365375e+00
640 8.977261e-08 1.348330e-01 3.207558e+00
641 1.153657e-07 2.850876e-01 3.167307e+00
642 8.183062e-08 2.906849e-01 3.095472e+00
643 1.140198e-07 3.933641e-01 3.112201e+00
644 1.213050e-07 6.389369e-02 3.247967e+00
645 8.559745e-08 2.943617e-01 3.143297e+00
646 1.091250e-07 2.748633e-01 3.112297e+00
647 1.023066e-07 6.248304e-02 3.112073e+00
648 9.234329e-08 9.738651e-02 3.111109e+00
649 6.800965e-08 2.635129e-01 3.119450e+00
650 8.972798e-08 3.193419e-01 3.159883e+00
651 8.954635e-08 2.024211e-03 3.247120e+00
652 6.250920e-08 3.019347e-01 3.287897e+00
653 1.044575e-07 6.710742e-01 3.490090e+00
654 1.018315e-07 2.513958e-02 3.175960e+00
655 9.650134e-08 5.234287e-02 3.103784e+00
656 1.025789e-07 6.297907e-02 3.063335e+00
657 1.175143e-07 1.455988e-01 3.152366e+00
658 8.535706e-08 2.736452e-01 2.990116e+00
659 1.543952e-07 8.088160e-01 2.999352e+00
660 8.164248e-08 4.712111e-01 3.000282e+00
661 1.087064e-07 3.314937e-01 3.079712e+00
662 1.200924e-07 1.047407e-01 2.951001e+00
663 1.321755e-07 1.006145e-01 3.096482e+00
664 8.198495e-08 3.797265e-01 2.919636e+00
665 1.090120e-07 3.296586e-01 3.215327e+00
666 1.064779e-07 2.324596e-02 2.992659e+00
667 1.024616e-07 3.771974e-02 3.230186e+00
668 8.001520e-08 2.190712e-01 2.927925e+00
669 1.038848e-07 2.983138e-01 3.031021e+00
670 8.923722e-08 1.409986e-01 2.919952e+00
671 1.260096e-07 4.120743e-01 2.951340e+00
672 7.615517e-08 3.956399e-01 3.079674e+00
673 9.929989e-08 3.039153e-01 3.168212e+00
674 9.485079e-08 4.480466e-02 3.151563e+00
675 6.233450e-08 3.428152e-01 3.183844e+00
676 8.813167e-08 4.138506e-01 3.079439e+00
677 9.605253e-08 8.987522e-02 3.216286e+00
678 8.842268e-08 7.943408e-02 3.407703e+00
679 1.116669e-07 2.628768e-01 4.039479e+00
680 9.965250e-08 1.075919e-01 3.374290e+00
681 6.811930e-08 3.164316e-01 3.111947e+00
682 1.140557e-07 6.743528e-01 3.087208e+00
683 8.834381e-08 2.254330e-01 3.087957e+00
684 9.466025e-08 7.149837e-02 3.063895e+00
685 8.778551e-08 7.262540e-02 3.134919e+00
686 8.233217e-08 6.212113e-02 3.064268e+00
687 7.302392e-08 1.130574e-01 3.191910e+00
688 8.370357e-08 1.462487e-01 3.103905e+00
689 8.536885e-08 1.989495e-02 3.175057e+00
690 6.825831e-08 2.004307e-01 3.103986e+00
691 8.048009e-08 1.790520e-01 3.231584e+00
692 9.313279e-08 1.572153e-01 3.184065e+00
693 6.810523e-08 2.687298e-01 3.412542e+00
694 8.194142e-08 2.031590e-01 3.087610e+00
695 7.022401e-08 1.429975e-01 3.119866e+00
696 9.030894e-08 2.860123e-01 3.111611e+00
697 9.151715e-08 1.337861e-02 3.095871e+00
698 6.799812e-08 2.569904e-01 3.127498e+00
699 7.887139e-08 1.599056e-01 3.159250e+00
700 7.817118e-08 8.877876e-03 3.159756e+00
701 6.088703e-08 2.211064e-01 3.143261e+00
702 8.201569e-08 3.470140e-01 3.112232e+00
703 7.401670e-08 9.752997e-02 3.079611e+00
704 9.234690e-08 2.476495e-01 3.167826e+00
705 7.115278e-08 2.295055e-01 3.215757e+00
706 6.348812e-08 1.077212e-01 3.370591e+00
707 8.291373e-08 3.059723e-01 3.136280e+00
708 5.412053e-08 3.472670e-01 3.119511e+00
709 6.966887e-08 2.872911e-01 3.071554e+00
710 5.958992e-08 1.446694e-01 3.103472e+00
711 6.931797e-08 1.632500e-01 3.120406e+00
712 7.836368e-08 1.304959e-01 3.271371e+00
713 7.063938e-08 9.856994e-02 3.144230e+00
714 7.907203e-08 1.193761e-01 3.246919e+00
715 5.354519e-08 3.228302e-01 3.112001e+00
716 6.449244e-08 2.044487e-01 3.223870e+00
717 4.962974e-08 2.304564e-01 3.239224e+00
718 6.562564e-08 3.223047e-01 3.319934e+00
719 7.440546e-08 1.337864e-01 3.310349e+00
720 6.328322e-08 1.494815e-01 3.096530e+00
721 6.978794e-08 1.027875e-01 3.079559e+00
722 5.372171e-08 2.302150e-01 3.095939e+00
723 6.548680e-08 2.190007e-01 3.167089e+00
724 7.159165e-08 9.322254e-02 3.128456e+00
725 6.111784e-08 1.462993e-01 3.160013e+00
726 4.741858e-08 2.241451e-01 3.183304e+00
727 5.914265e-08 2.472465e-01 3.160217e+00
728 7.965431e-08 3.468167e-01 3.119404e+00
729 5.940882e-08 2.541670e-01 3.054504e+00
730 4.503152e-08 2.420061e-01 3.655086e+00
731 4.225757e-08 6.160009e-02 4.071270e+00
732 6.639117e-08 5.711069e-01 3.215859e+00
733 7.325548e-08 1.033920e-01 3.103685e+00
734 6.928974e-08 5.413581e-02 3.119063e+00
735 7.912150e-08 1.418935e-01 3.111379e+00
736 6.279561e-08 2.063395e-01 3.159549e+00
737 4.035985e-08 3.572823e-01 3.079796e+00
738 3.965072e-08 1.757023e-02 3.104132e+00
739 6.749378e-08 7.022084e-01 3.135226e+00
740 5.059312e-08 2.504032e-01 3.208238e+00
741 6.285034e-08 2.422704e-01 3.151970e+00
742 6.966146e-08 1.083705e-01 3.279408e+00
743 9.234304e-08 3.255972e-01 3.287391e+00
744 7.481530e-08 1.898112e-01 3.391038e+00
745 6.830311e-08 8.704356e-02 3.159612e+00
746 4.668558e-08 3.164940e-01 3.168567e+00
747 6.280881e-08 3.453578e-01 3.150808e+00
748 6.623832e-08 5.460226e-02 3.136315e+00
749 6.992985e-08 5.573117e-02 3.199437e+00
750 4.221742e-08 3.962891e-01 3.103594e+00
751 5.301666e-08 2.558007e-01 3.296248e+00
752 6.457394e-08 2.179933e-01 3.159148e+00
753 6.267110e-08 2.946765e-02 3.191965e+00
754 4.147849e-08 3.381559e-01 3.112437e+00
755 5.149936e-08 2.415919e-01 3.175294e+00
756 5.900284e-08 1.457003e-01 3.255768e+00
757 5.483327e-08 7.066718e-02 3.356472e+00
758 4.471649e-08 1.845009e-01 3.135233e+00
759 5.207064e-08 1.644618e-01 3.144108e+00
760 5.618177e-08 7.895301e-02 3.111985e+00
761 6.823282e-08 2.145011e-01 3.096081e+00
762 4.152738e-08 3.913870e-01 3.103092e+00
763 5.030852e-08 2.114542e-01 3.070404e+00
764 5.283949e-08 5.030886e-02 3.143447e+00
765 4.620348e-08 1.255880e-01 3.112136e+00
766 7.662742e-08 6.584773e-01 3.159460e+00
767 7.152948e-08 6.652892e-02 3.103780e+00
768 6.649038e-08 7.044797e-02 3.119529e+00
769 6.285198e-08 5.472069e-02 3.112026e+00
770 6.405739e-08 1.917861e-02 3.167661e+00
771 4.438710e-08 3.070730e-01 3.399395e+00
772 7.860478e-08 7.708925e-01 3.320266e+00
773 7.211248e-08 8.259417e-02 3.255225e+00
774 6.177142e-08 1.434019e-01 3.111655e+00
775 5.339667e-08 1.355764e-01 3.112536e+00
776 1.112351e-07 1.083184e+00 3.111659e+00
777 5.023777e-08 5.483639e-01 3.103525e+00
778 6.086494e-08 2.115375e-01 3.110259e+00
779 6.845105e-08 1.246383e-01 3.078775e+00
780 5.786540e-08 1.546455e-01 3.128376e+00
781 4.241637e-08 2.669822e-01 3.231906e+00
782 5.315030e-08 2.530610e-01 3.103804e+00
783 5.173515e-08 2.662551e-02 3.151412e+00
784 5.353174e-08 3.472674e-02 3.200084e+00
785 4.849725e-08 9.404676e-02 3.263276e+00
786 5.706762e-08 1.767187e-01 3.427802e+00
787 6.438275e-08 1.281834e-01 3.144578e+00
788 7.252843e-08 1.265196e-01 3.134931e+00
789 4.570328e-08 3.698570e-01 3.079603e+00
790 5.682088e-08 2.432561e-01 3.056626e+00
791 5.989188e-08 5.404703e-02 3.191120e+00
792 3.960677e-08 3.386955e-01 3.079830e+00
793 5.238780e-08 3.226982e-01 3.128407e+00
794 6.128762e-08 1.698834e-01 3.127420e+00
795 5.699390e-08 7.005853e-02 3.102997e+00
796 3.211771e-08 4.364711e-01 3.183532e+00
797 4.870436e-08 5.164332e-01 3.128284e+00
798 4.532978e-08 6.928707e-02 3.215697e+00
799 4.617834e-08 1.871977e-02 3.372033e+00
800 3.155528e-08 3.166649e-01 3.151810e+00
801 4.121842e-08 3.062290e-01 3.087390e+00
802 4.821841e-08 1.698267e-01 3.286628e+00
803 3.517664e-08 2.704730e-01 3.112047e+00
804 5.111453e-08 4.530818e-01 3.047584e+00
805 5.837396e-08 1.420229e-01 3.112217e+00
806 3.383161e-08 4.204332e-01 3.559687e+00
807 4.703387e-08 3.902344e-01 3.175811e+00
808 4.263682e-08 9.348675e-02 3.143152e+00
809 5.665788e-08 3.288484e-01 3.135665e+00
810 3.528342e-08 3.772549e-01 3.096334e+00
811 5.506690e-08 5.607021e-01 3.143722e+00
812 4.609162e-08 1.629886e-01 2.943972e+00
813 6.401146e-08 3.887872e-01 3.479148e+00
814 4.220837e-08 3.406123e-01 3.951563e+00
815 4.980303e-08 1.799327e-01 3.092061e+00
816 5.155333e-08 3.514441e-02 3.095690e+00
817 5.334048e-08 3.466604e-02 3.127406e+00
818 6.280994e-08 1.775286e-01 3.328288e+00
819 4.722449e-08 2.481367e-01 3.039603e+00
820 5.195640e-08 1.002003e-01 3.015341e+00
821 4.387579e-08 1.555267e-01 3.135980e+00
822 3.056523e-08 3.033690e-01 3.103378e+00
823 4.063922e-08 3.295897e-01 3.215787e+00
824 5.055023e-08 2.438779e-01 3.119560e+00
825 5.144904e-08 1.778069e-02 3.184136e+00
826 3.912807e-08 2.394791e-01 3.183332e+00
827 4.527082e-08 1.569909e-01 3.200397e+00
828 3.546016e-08 2.167104e-01 3.127263e+00
829 4.434018e-08 2.504225e-01 3.128090e+00
830 4.621052e-08 4.218153e-02 3.309012e+00
831 3.193111e-08 3.090079e-01 3.247581e+00
832 3.669612e-08 1.492279e-01 3.259685e+00
833 4.350555e-08 1.855628e-01 3.119869e+00
834 3.519338e-08 1.910601e-01 3.103081e+00
835 5.520216e-08 5.685382e-01 3.080470e+00
836 3.080209e-08 4.420130e-01 3.127035e+00
837 3.174540e-08 3.062480e-02 3.120313e+00
838 4.048069e-08 2.751674e-01 3.167081e+00
839 3.046944e-08 2.473093e-01 3.160685e+00
840 4.519407e-08 4.832588e-01 3.102973e+00
841 4.817850e-08 6.603602e-02 3.119574e+00
842 3.088497e-08 3.589472e-01 3.119522e+00
843 4.929315e-08 5.960239e-01 3.311368e+00
844 4.541867e-08 7.860060e-02 3.192311e+00
845 4.749423e-08 4.569825e-02 3.276546e+00
846 4.510434e-08 5.031953e-02 3.151632e+00
847 4.675841e-08 3.667213e-02 3.104143e+00
848 3.055570e-08 3.465198e-01 3.071857e+00
849 3.977764e-08 3.018075e-01 3.127271e+00
850 4.163478e-08 4.668809e-02 3.127817e+00
851 3.152232e-08 2.428850e-01 3.104392e+00
852 3.950748e-08 2.533178e-01 3.144018e+00
853 4.383710e-08 1.095898e-01 3.133800e+00
854 4.283770e-08 2.279785e-02 3.200170e+00
855 3.539365e-08 1.737735e-01 3.094900e+00
856 3.621867e-08 2.330991e-02 3.119718e+00
857 3.930671e-08 8.526093e-02 3.127428e+00
858 3.556067e-08 9.530279e-02 3.110117e+00
859 3.728934e-08 4.861183e-02 3.175105e+00
860 3.907626e-08 4.792035e-02 3.200286e+00
861 2.425542e-08 3.792799e-01 3.126911e+00
862 3.063253e-08 2.629150e-01 3.168276e+00
863 3.019512e-08 1.427926e-02 3.127502e+00
864 3.203672e-08 6.098988e-02 3.143158e+00
865 2.285150e-08 2.867091e-01 3.151783e+00
866 2.977203e-08 3.028481e-01 3.271974e+00
867 2.917942e-08 1.990486e-02 3.382752e+00
868 2.821144e-08 3.317340e-02 3.128231e+00
869 3.836946e-08 3.600675e-01 3.143426e+00
870 2.594948e-08 3.236944e-01 3.207569e+00
871 3.698082e-08 4.251082e-01 3.183892e+00
872 3.704684e-08 1.785327e-03 3.088605e+00
873 2.482855e-08 3.298067e-01 3.046919e+00
874 4.348484e-08 7.514049e-01 3.143817e+00
875 2.741144e-08 3.696323e-01 3.048150e+00
876 3.782163e-08 3.797758e-01 3.103628e+00
877 3.640573e-08 3.743626e-02 3.055328e+00
878 3.783814e-08 3.934551e-02 3.096115e+00
879 3.926293e-08 3.765488e-02 3.159745e+00
880 2.546236e-08 3.514910e-01 3.190581e+00
881 3.360014e-08 3.196002e-01 3.279256e+00
882 3.674281e-08 9.353158e-02 3.677367e+00
883 3.721674e-08 1.289860e-02 3.095460e+00
884 3.288713e-08 1.163352e-01 3.127780e+00
885 3.066126e-08 6.768193e-02 3.048435e+00
886 3.528051e-08 1.506541e-01 3.119675e+00
887 3.626122e-08 2.779747e-02 3.125789e+00
888 3.233168e-08 1.083676e-01 3.104500e+00
889 3.141885e-08 2.823318e-02 3.112573e+00
890 3.174328e-08 1.032584e-02 3.167595e+00
891 2.445665e-08 2.295487e-01 3.055451e+00
892 2.571931e-08 5.162880e-02 3.167914e+00
893 3.276008e-08 2.737542e-01 3.280379e+00
894 2.636227e-08 1.952929e-01 3.310815e+00
895 3.028795e-08 1.489129e-01 3.405260e+00
896 3.185574e-08 5.176267e-02 3.135657e+00
897 3.443555e-08 8.098403e-02 3.183952e+00
898 2.496789e-08 2.749384e-01 3.103595e+00
899 2.807660e-08 1.245081e-01 3.142997e+00
900 2.963626e-08 5.555017e-02 3.103705e+00
901 2.234077e-08 2.461675e-01 3.031861e+00
902 2.145339e-08 3.972023e-02 3.135578e+00
903 3.019581e-08 4.075075e-01 3.030657e+00
904 2.913426e-08 3.515556e-02 3.063752e+00
905 3.149887e-08 8.116261e-02 3.103204e+00
906 3.418453e-08 8.526198e-02 3.782445e+00
907 3.023230e-08 1.156145e-01 3.931891e+00
908 2.109766e-08 3.021485e-01 3.143756e+00
909 1.744154e-08 1.732952e-01 3.167830e+00
910 2.790982e-08 6.001927e-01 3.064174e+00
911 1.969812e-08 2.942224e-01 3.111655e+00
912 2.482786e-08 2.604173e-01 3.055563e+00
913 1.801503e-08 2.744026e-01 3.072372e+00
914 2.431365e-08 3.496313e-01 3.095270e+00
915 2.745121e-08 1.290454e-01 3.085496e+00
916 2.030467e-08 2.603360e-01 3.143671e+00
917 3.996218e-08 9.681274e-01 3.135749e+00
918 3.011446e-08 2.464260e-01 3.095245e+00
919 2.377888e-08 2.103832e-01 3.224233e+00
920 2.862804e-08 2.039270e-01 3.199398e+00
921 2.875370e-08 4.389556e-03 3.478491e+00
922 2.768923e-08 3.702053e-02 3.120727e+00
923 3.145840e-08 1.361243e-01 3.126800e+00
924 1.880672e-08 4.021720e-01 3.062589e+00
925 2.930128e-08 5.580221e-01 3.215330e+00
926 2.898730e-08 1.071553e-02 3.047657e+00
927 2.975646e-08 2.653453e-02 3.087842e+00
928 3.054136e-08 2.637727e-02 3.047596e+00
929 2.712438e-08 1.118803e-01 3.071669e+00
930 2.667575e-08 1.653987e-02 3.063532e+00
931 2.705329e-08 1.415300e-02 3.072103e+00
932 2.482238e-08 8.246338e-02 3.079209e+00
933 2.580156e-08 3.944728e-02 3.096299e+00
934 2.178379e-08 1.557181e-01 3.159507e+00
935 2.382197e-08 9.356399e-02 3.358768e+00
936 2.486511e-08 4.378924e-02 3.281056e+00
937 3.037188e-08 2.214656e-01 3.135721e+00
938 1.871688e-08 3.837432e-01 3.056090e+00
939 2.728365e-08 4.577028e-01 3.023481e+00
940 2.816416e-08 3.227262e-02 3.087769e+00
941 1.903867e-08 3.240109e-01 3.055250e+00
942 2.022313e-08 6.221374e-02 3.031223e+00
943 2.655223e-08 3.129632e-01 3.055683e+00
944 2.247676e-08 1.534887e-01 3.023900e+00
945 3.488548e-08 5.520687e-01 3.151977e+00
946 1.627305e-08 5.335294e-01 3.071237e+00
947 2.593028e-08 5.934496e-01 3.207779e+00
948 2.427609e-08 6.379376e-02 3.192575e+00
949 1.813310e-08 2.530470e-01 3.363730e+00
950 2.431115e-08 3.407057e-01 3.103704e+00
951 2.475896e-08 1.842008e-02 3.088029e+00
952 1.931189e-08 2.200041e-01 3.135403e+00
953 2.450593e-08 2.689556e-01 3.144081e+00
954 1.807088e-08 2.625917e-01 3.216696e+00
955 1.910270e-08 5.709863e-02 3.214659e+00
956 2.560432e-08 3.403505e-01 3.032213e+00
957 1.557663e-08 3.916407e-01 3.095470e+00
958 1.881632e-08 2.079843e-01 3.104241e+00
959 2.355524e-08 2.518519e-01 3.047783e+00
960 2.484329e-08 5.468182e-02 3.207733e+00
961 1.959343e-08 2.113190e-01 3.222750e+00
962 2.315728e-08 1.818899e-01 3.592094e+00
963 2.605840e-08 1.252790e-01 3.128041e+00
964 2.383833e-08 8.519577e-02 3.110872e+00
965 1.646700e-08 3.092217e-01 3.160658e+00
966 1.869561e-08 1.353378e-01 3.063703e+00
967 2.114744e-08 1.311445e-01 3.078980e+00
968 1.733801e-08 1.801367e-01 3.120154e+00
969 1.462714e-08 1.563541e-01 3.047492e+00
970 1.826551e-08 2.487409e-01 3.080381e+00
971 1.843070e-08 9.044143e-03 3.055814e+00
972 1.434184e-08 2.218504e-01 3.038052e+00
973 1.491938e-08 4.026894e-02 3.087835e+00
974 2.013478e-08 3.495724e-01 3.736113e+00
975 2.206895e-08 9.606110e-02 3.215151e+00
976 2.148529e-08 2.644677e-02 3.258974e+00
977 1.521173e-08 2.919936e-01 3.103792e+00
978 2.284406e-08 5.017404e-01 3.152152e+00
979 2.582978e-08 1.307000e-01 3.103924e+00
980 2.629916e-08 1.817191e-02 3.149560e+00
981 2.166790e-08 1.760992e-01 3.136361e+00
982 1.668853e-08 2.298037e-01 3.159658e+00
983 1.880067e-08 1.265619e-01 3.216102e+00
984 2.106512e-08 1.204453e-01 3.039315e+00
985 1.971692e-08 6.400147e-02 3.087439e+00
986 1.972711e-08 5.167961e-04 3.104420e+00
987 2.014062e-08 2.096152e-02 3.174992e+00
988 1.482940e-08 2.637069e-01 3.351481e+00
989 1.724412e-08 1.628334e-01 3.223458e+00
990 1.938746e-08 1.242941e-01 3.119627e+00
991 2.265664e-08 1.686232e-01 3.149785e+00
992 1.387045e-08 3.877976e-01 3.151789e+00
993 1.270300e-08 8.416837e-02 3.135833e+00
994 2.008111e-08 5.808165e-01 3.151941e+00
995 2.060070e-08 2.587462e-02 3.151663e+00
996 1.901906e-08 7.677565e-02 3.135109e+00
997 1.403906e-08 2.618427e-01 3.088419e+00
998 1.832165e-08 3.050478e-01 3.111740e+00
999 1.759989e-08 3.939339e-02 3.119637e+00
1000 1.462594e-08 1.689757e-01 3.279570e+00
1001 2.805181e-08 9.179495e-01 3.239996e+00
1002 1.674291e-08 4.031433e-01 3.285961e+00
1003 2.730548e-08 6.308678e-01 3.120493e+00
1004 2.402724e-08 1.200578e-01 3.159778e+00
1005 1.951786e-08 1.876779e-01 3.063216e+00
1006 2.568375e-08 3.159102e-01 2.944161e+00
1007 1.722852e-08 3.292056e-01 2.942897e+00
1008 1.869555e-08 8.515114e-02 3.080608e+00
1009 2.073418e-08 1.090439e-01 3.127891e+00
1010 1.400177e-08 3.247011e-01 3.095935e+00
1011 1.777395e-08 2.694073e-01 3.110977e+00
1012 1.367750e-08 2.304747e-01 3.079682e+00
1013 1.279175e-08 6.475960e-02 3.368460e+00
1014 1.903288e-08 4.879024e-01 3.143399e+00
1015 1.782914e-08 6.324514e-02 3.335448e+00
1016 1.864437e-08 4.572423e-02 3.087538e+00
1017 1.841276e-08 1.242215e-02 3.183733e+00
1018 1.523918e-08 1.723580e-01 3.159911e+00
1019 1.716866e-08 1.266134e-01 3.174910e+00
1020 2.026805e-08 1.805261e-01 3.231113e+00
1021 1.589429e-08 2.157957e-01 3.152095e+00
1022 1.734578e-08 9.132144e-02 3.126568e+00
1023 1.266285e-08 2.699752e-01 3.101002e+00
1024 1.590476e-08 2.560172e-01 3.135572e+00
1025 1.506951e-08 5.251540e-02 3.119747e+00
1026 2.475489e-08 6.427129e-01 3.263864e+00
1027 1.581593e-08 3.610988e-01 3.184085e+00
1028 1.410239e-08 1.083427e-01 3.356379e+00
1029 1.734642e-08 2.300342e-01 3.111490e+00
1030 1.232577e-08 2.894340e-01 3.111960e+00
1031 1.763722e-08 4.309216e-01 3.087954e+00
1032 1.602505e-08 9.140707e-02 3.119388e+00
1033 1.710822e-08 6.759200e-02 3.039358e+00
1034 1.511698e-08 1.163903e-01 3.119618e+00
1035 1.890671e-08 2.506933e-01 3.112374e+00
1036 1.724295e-08 8.799855e-02 3.119471e+00
1037 1.375568e-08 2.022429e-01 3.095871e+00
1038 1.617110e-08 1.755941e-01 3.128010e+00
1039 1.696336e-08 4.899224e-02 3.447249e+00
1040 1.200226e-08 2.924600e-01 3.375063e+00
1041 1.707746e-08 4.228545e-01 3.388583e+00
1042 1.903639e-08 1.147084e-01 3.319369e+00
1043 1.800167e-08 5.435513e-02 3.303573e+00
1044 2.250484e-08 2.501531e-01 3.080616e+00
1045 1.332776e-08 4.077823e-01 3.119591e+00
1046 1.639275e-08 2.299701e-01 3.111264e+00
1047 1.718609e-08 4.839591e-02 3.071321e+00
1048 1.142056e-08 3.354764e-01 3.103143e+00
1049 1.506584e-08 3.191855e-01 3.160335e+00
1050 1.637493e-08 8.689135e-02 3.087843e+00
1051 1.650005e-08 7.640657e-03 3.111869e+00
1052 1.322436e-08 1.985262e-01 3.128166e+00
1053 1.098105e-08 1.696347e-01 3.207127e+00
1054 1.447638e-08 3.183057e-01 3.455210e+00
1055 1.942679e-08 3.419648e-01 3.499188e+00
1056 1.862197e-08 4.142828e-02 3.175323e+00
1057 1.240182e-08 3.340219e-01 3.103565e+00
1058 1.149343e-08 7.324696e-02 3.064302e+00
1059 1.541486e-08 3.411888e-01 3.039285e+00
1060 1.097208e-08 2.882141e-01 3.063811e+00
1061 1.352749e-08 2.329010e-01 3.055556e+00
1062 1.411745e-08 4.361217e-02 3.088413e+00
1063 1.072052e-08 2.406190e-01 3.063795e+00
1064 1.339531e-08 2.495017e-01 3.119853e+00
1065 1.398069e-08 4.370051e-02 3.119589e+00
1066 1.086992e-08 2.225051e-01 3.087484e+00
1067 1.302672e-08 1.984191e-01 3.135949e+00
1068 1.397681e-08 7.293389e-02 3.095952e+00
1069 1.301585e-08 6.875365e-02 3.143686e+00
1070 9.323482e-09 2.836824e-01 3.143797e+00
1071 1.463727e-08 5.699360e-01 3.071900e+00
1072 1.535259e-08 4.886978e-02 3.286957e+00
1073 1.091158e-08 2.892681e-01 3.144051e+00
1074 1.365041e-08 2.510023e-01 3.431495e+00
1075 1.514558e-08 1.095330e-01 3.135701e+00
1076 1.395369e-08 7.869510e-02 3.110274e+00
1077 1.029123e-08 2.624730e-01 2.975997e+00
1078 1.374163e-08 3.352762e-01 2.887437e+00
1079 9.961630e-09 2.750765e-01 3.000377e+00
1080 1.336041e-08 3.411871e-01 3.079800e+00
1081 1.107102e-08 1.713563e-01 3.048210e+00
1082 1.685683e-08 5.226086e-01 3.111002e+00
1083 8.724633e-09 4.824274e-01 3.032343e+00
1084 1.226333e-08 4.055979e-01 3.063745e+00
1085 1.418483e-08 1.566867e-01 3.383038e+00
1086 1.002549e-08 2.932240e-01 4.111952e+00
1087 1.216353e-08 2.132601e-01 3.721400e+00
1088 1.689968e-08 3.893730e-01 3.110874e+00
1089 1.629536e-08 3.575946e-02 3.144206e+00
1090 1.065102e-08 3.463774e-01 3.055448e+00
1091 1.379297e-08 2.949913e-01 3.111297e+00
1092 1.493185e-08 8.256975e-02 3.168165e+00
1093 1.256890e-08 1.582491e-01 3.095530e+00
1094 1.685342e-08 3.408821e-01 3.120398e+00
1095 1.267279e-08 2.480581e-01 3.127533e+00
1096 1.329205e-08 4.886505e-02 3.135319e+00
1097 1.351585e-08 1.683775e-02 3.152402e+00
1098 1.252189e-08 7.354092e-02 3.391630e+00
1099 9.403195e-09 2.490592e-01 3.344156e+00
1100 1.145075e-08 2.177508e-01 3.095707e+00
1101 1.172388e-08 2.385278e-02 3.080311e+00
1102 9.277540e-09 2.086630e-01 3.087372e+00
1103 1.105198e-08 1.912624e-01 3.151440e+00
1104 1.309708e-08 1.850435e-01 3.112576e+00
1105 1.488908e-08 1.368240e-01 3.143149e+00
1106 8.826300e-09 4.071963e-01 3.079726e+00
1107 1.180143e-08 3.370760e-01 3.176687e+00
1108 1.083277e-08 8.208031e-02 3.078894e+00
1109 1.223446e-08 1.293934e-01 3.096301e+00
1110 1.054717e-08 1.379128e-01 3.087913e+00
1111 1.449593e-08 3.743908e-01 3.335138e+00
1112 1.378625e-08 4.895708e-02 3.200353e+00
1113 1.360129e-08 1.341618e-02 3.438532e+00
1114 1.265705e-08 6.942318e-02 3.095707e+00
1115 1.395923e-08 1.028819e-01 3.071516e+00
1116 2.429990e-08 7.407762e-01 3.047608e+00
1117 1.543686e-08 3.647355e-01 3.128538e+00
1118 1.277046e-08 1.727293e-01 3.127225e+00
1119 1.260321e-08 1.309646e-02 3.136243e+00
1120 1.210648e-08 3.941322e-02 3.143809e+00
1121 1.240979e-08 2.505351e-02 3.199737e+00
1122 7.503610e-09 3.953476e-01 3.127427e+00
1123 8.395878e-09 1.189118e-01 3.095457e+00
1124 1.069028e-08 2.732778e-01 3.096189e+00
1125 1.226314e-08 1.471296e-01 3.071913e+00
1126 1.056635e-08 1.383653e-01 3.030924e+00
1127 1.116569e-08 5.672127e-02 3.135960e+00
1128 1.198839e-08 7.368146e-02 3.135886e+00
1129 1.139838e-08 4.921520e-02 3.087387e+00
1130 7.571829e-09 3.357100e-01 3.223742e+00
1131 1.051798e-08 3.890941e-01 3.216007e+00
1132 1.072269e-08 1.946283e-02 3.445152e+00
1133 9.872165e-09 7.932034e-02 3.167498e+00
1134 1.234784e-08 2.507728e-01 3.120535e+00
1135 7.913197e-09 3.591430e-01 3.144646e+00
1136 9.608421e-09 2.142273e-01 3.127427e+00
1137 1.225212e-08 2.751440e-01 3.183329e+00
1138 1.149668e-08 6.165789e-02 3.184064e+00
1139 7.864388e-09 3.159427e-01 3.095266e+00
1140 8.063520e-09 2.532070e-02 3.080007e+00
1141 1.294761e-08 6.057017e-01 3.168156e+00
1142 1.003917e-08 2.246310e-01 3.159385e+00
1143 1.206198e-08 2.014911e-01 3.343163e+00
1144 1.080399e-08 1.042938e-01 3.166588e+00
1145 7.579567e-09 2.984473e-01 3.495445e+00
1146 8.776137e-09 1.578679e-01 3.159768e+00
1147 8.972188e-09 2.233914e-02 3.095473e+00
1148 6.758536e-09 2.467238e-01 3.087449e+00
1149 8.999128e-09 3.315203e-01 3.110999e+00
1150 8.580800e-09 4.648537e-02 3.112552e+00
1151 6.723070e-09 2.164984e-01 3.183972e+00
1152 1.057912e-08 5.735544e-01 3.167411e+00
1153 9.918004e-09 6.249220e-02 3.183659e+00
1154 7.614106e-09 2.322946e-01 2.975923e+00
1155 8.515309e-09 1.183598e-01 3.160075e+00
1156 9.770168e-09 1.473650e-01 3.727460e+00
1157 9.967667e-09 2.021447e-02 3.181969e+00
1158 7.074420e-09 2.902632e-01 3.378211e+00
1159 8.640466e-09 2.213673e-01 3.111827e+00
1160 6.827152e-09 2.098630e-01 3.072139e+00
1161 8.115261e-09 1.886744e-01 3.071469e+00
1162 7.618435e-09 6.122120e-02 3.048072e+00
1163 9.815571e-09 2.883973e-01 3.087186e+00
1164 8.066112e-09 1.782330e-01 3.048551e+00
1165 9.694121e-09 2.018330e-01 3.103474e+00
1166 1.032068e-08 6.463290e-02 3.111750e+00
1167 9.757710e-09 5.454775e-02 3.047962e+00
1168 1.011734e-08 3.685595e-02 3.135820e+00
1169 1.014470e-08 2.703983e-03 3.231138e+00
1170 6.822179e-09 3.275128e-01 3.248286e+00
1171 7.574737e-09 1.103105e-01 3.343329e+00
1172 7.712459e-09 1.818176e-02 3.127363e+00
1173 5.721428e-09 2.581578e-01 3.168429e+00
1174 6.192228e-09 8.228722e-02 3.095416e+00
1175 7.859026e-09 2.691758e-01 3.103185e+00
1176 5.666269e-09 2.790114e-01 3.095753e+00
1177 8.708050e-09 5.368227e-01 3.120170e+00
1178 7.459332e-09 1.433981e-01 3.119698e+00
1179 7.807101e-09 4.662202e-02 3.031398e+00
1180 6.110680e-09 2.172921e-01 3.095471e+00
1181 7.450790e-09 2.193062e-01 3.095240e+00
1182 7.531757e-09 1.086684e-02 3.168174e+00
1183 9.219856e-09 2.241310e-01 3.335014e+00
1184 7.570090e-09 1.789363e-01 3.344736e+00
1185 7.037874e-09 7.030503e-02 3.032416e+00
1186 8.758187e-09 2.444364e-01 3.223425e+00
1187 6.389673e-09 2.704343e-01 3.119697e+00
1188 5.984154e-09 6.346484e-02 3.343557e+00
1189 1.001655e-08 6.738463e-01 3.255531e+00
1190 7.260548e-09 2.751451e-01 3.359454e+00
1191 8.202082e-09 1.296780e-01 3.391868e+00
1192 6.755645e-09 1.763499e-01 3.335453e+00
1193 7.488048e-09 1.084134e-01 3.375359e+00
1194 7.839533e-09 4.693948e-02 3.295514e+00
1195 5.782519e-09 2.623899e-01 3.408587e+00
1196 7.163313e-09 2.387877e-01 3.383003e+00
1197 7.595791e-09 6.037403e-02 3.263600e+00
1198 6.090948e-09 1.981153e-01 3.143471e+00
1199 5.960633e-09 2.139491e-02 3.078671e+00
1200 9.226499e-09 5.479060e-01 3.110301e+00
1201 1.031219e-08 1.176710e-01 3.079324e+00
1202 7.625155e-09 2.605688e-01 3.150021e+00
1203 6.408236e-09 1.595928e-01 3.208410e+00
1204 7.182523e-09 1.208270e-01 3.190492e+00
1205 8.092454e-09 1.266867e-01 3.279432e+00
1206 7.003697e-09 1.345397e-01 3.295610e+00
1207 5.383888e-09 2.312792e-01 3.528239e+00
1208 6.806789e-09 2.642887e-01 3.390586e+00
1209 7.841183e-09 1.519651e-01 3.510744e+00
1210 6.894266e-09 1.207620e-01 3.606342e+00
1211 5.238079e-09 2.402268e-01 3.762770e+00
1212 4.841266e-09 7.575535e-02 3.389503e+00
1213 7.800077e-09 6.111646e-01 3.248505e+00
1214 8.466868e-09 8.548523e-02 3.591329e+00
1215 7.575046e-09 1.053308e-01 3.535290e+00
1216 8.095223e-09 6.866976e-02 3.439487e+00
1217 8.071962e-09 2.873348e-03 3.352274e+00
1218 8.194796e-09 1.521736e-02 3.407246e+00
1219 7.695062e-09 6.098186e-02 3.520051e+00
1220 5.472999e-09 2.887649e-01 3.328115e+00
1221 7.517677e-09 3.735937e-01 3.742992e+00
1222 7.461696e-09 7.446508e-03 4.079368e+00
1223 6.397599e-09 1.426080e-01 3.415780e+00
1224 7.982776e-09 2.477768e-01 3.311329e+00
1225 6.294380e-09 2.115048e-01 3.175702e+00
1226 8.267419e-09 3.134603e-01 3.224640e+00
1227 6.795889e-09 1.779914e-01 3.334799e+00
1228 6.944824e-09 2.191535e-02 3.423838e+00
1229 7.850795e-09 1.304528e-01 3.239341e+00
1230 7.707564e-09 1.824418e-02 3.431405e+00
1231 5.434484e-09 2.949155e-01 3.479640e+00
1232 7.209093e-09 3.265461e-01 3.279098e+00
1233 7.495553e-09 3.973581e-02 3.279906e+00
1234 7.102312e-09 5.246323e-02 3.319835e+00
1235 7.440692e-09 4.764374e-02 3.461531e+00
1236 4.375974e-09 4.118862e-01 3.200331e+00
1237 6.104361e-09 3.949719e-01 3.175638e+00
1238 6.514732e-09 6.722583e-02 3.391236e+00
1239 4.906158e-09 2.469132e-01 3.416194e+00
1240 6.967679e-09 4.201904e-01 3.383105e+00
1241 6.876972e-09 1.301816e-02 3.312139e+00
1242 6.716621e-09 2.331718e-02 3.182098e+00
1243 6.854606e-09 2.054381e-02 3.286937e+00
1244 5.214916e-09 2.392100e-01 3.200026e+00
1245 5.726804e-09 9.815842e-02 3.399862e+00
1246 5.725423e-09 2.411091e-04 3.575759e+00
1247 6.276473e-09 9.624620e-02 3.950587e+00
1248 5.129267e-09 1.827787e-01 3.535753e+00
1249 5.904203e-09 1.510811e-01 3.463968e+00
1250 5.827843e-09 1.293305e-02 3.519526e+00
1251 7.956264e-09 3.652159e-01 3.535769e+00
1252 4.567010e-09 4.259856e-01 3.472184e+00
1253 6.142609e-09 3.449959e-01 3.607230e+00
1254 6.535350e-09 6.393712e-02 3.543897e+00
1255 4.676174e-09 2.844800e-01 3.551360e+00
1256 4.731115e-09 1.174924e-02 3.295983e+00
1257 7.227744e-09 5.277041e-01 3.263563e+00
1258 7.400016e-09 2.383485e-02 3.247685e+00
1259 5.002404e-09 3.240009e-01 3.439660e+00
1260 6.727794e-09 3.449121e-01 3.136296e+00
1261 5.593305e-09 1.686272e-01 3.304657e+00
1262 8.170591e-09 4.607805e-01 3.551880e+00
1263 6.560662e-09 1.970395e-01 3.303370e+00
1264 4.719803e-09 2.805904e-01 3.319625e+00
1265 5.659424e-09 1.990805e-01 3.168105e+00
1266 5.808387e-09 2.632118e-02 3.215615e+00
1267 4.074926e-09 2.984409e-01 3.167249e+00
1268 5.585963e-09 3.708133e-01 3.063907e+00
1269 5.845349e-09 4.643526e-02 3.008213e+00
1270 6.585790e-09 1.266719e-01 3.502660e+00
1271 5.519756e-09 1.618689e-01 3.208007e+00
1272 6.756652e-09 2.240853e-01 3.208251e+00
1273 5.300915e-09 2.154523e-01 3.199925e+00
1274 6.049779e-09 1.412707e-01 3.159216e+00
1275 3.860776e-09 3.618320e-01 3.326426e+00
1276 4.770456e-09 2.356210e-01 3.205937e+00
1277 6.664883e-09 3.971166e-01 3.199282e+00
1278 6.625670e-09 5.883536e-03 3.167946e+00
1279 4.593956e-09 3.066428e-01 3.127672e+00
1280 5.360875e-09 1.669410e-01 3.095579e+00
1281 6.075748e-09 1.333501e-01 3.152282e+00
1282 6.387639e-09 5.133371e-02 3.279813e+00
1283 3.989339e-09 3.754595e-01 3.151310e+00
1284 3.651576e-09 8.466658e-02 3.191438e+00
1285 6.337056e-09 7.354304e-01 3.072566e+00
1286 5.985334e-09 5.550241e-02 3.502887e+00
1287 4.627563e-09 2.268495e-01 3.424029e+00
1288 5.455035e-09 1.788136e-01 3.214434e+00
1289 5.908960e-09 8.321218e-02 3.214226e+00
1290 5.400319e-09 8.607973e-02 3.278629e+00
1291 8.158085e-09 5.106674e-01 3.152038e+00
1292 4.740157e-09 4.189621e-01 3.223040e+00
1293 4.385360e-09 7.484916e-02 3.151966e+00
1294 6.096461e-09 3.901849e-01 3.104110e+00
1295 4.438220e-09 2.720006e-01 3.199133e+00
1296 7.171232e-09 6.157900e-01 3.128382e+00
1297 5.817955e-09 1.887090e-01 3.160199e+00
1298 3.828936e-09 3.418760e-01 3.167834e+00
1299 4.597205e-09 2.006480e-01 3.288275e+00
1300 5.559019e-09 2.092172e-01 3.191646e+00
1301 5.505632e-09 9.603785e-03 3.394738e+00
1302 3.811815e-09 3.076517e-01 3.144091e+00
1303 4.227143e-09 1.089580e-01 3.086922e+00
1304 4.733409e-09 1.197657e-01 3.224157e+00
1305 5.317177e-09 1.233293e-01 3.112181e+00
1306 5.055666e-09 4.918235e-02 3.111171e+00
1307 5.245015e-09 3.745285e-02 3.048552e+00
1308 4.960586e-09 5.422845e-02 3.135069e+00
1309 4.230573e-09 1.471626e-01 3.095736e+00
1310 4.697983e-09 1.104838e-01 3.064054e+00
1311 5.181204e-09 1.028570e-01 3.183855e+00
1312 5.271129e-09 1.735597e-02 3.096010e+00
1313 2.981685e-09 4.343365e-01 3.095181e+00
1314 5.735691e-09 9.236408e-01 3.232275e+00
1315 5.080623e-09 1.142090e-01 3.103787e+00
1316 3.808184e-09 2.504494e-01 3.175627e+00
1317 4.255533e-09 1.174705e-01 3.128033e+00
1318 4.312647e-09 1.342106e-02 3.063627e+00
1319 4.759864e-09 1.036989e-01 3.063560e+00
1320 4.212179e-09 1.150631e-01 3.071948e+00
1321 4.453733e-09 5.734662e-02 3.095437e+00
1322 3.607981e-09 1.898974e-01 3.128119e+00
1323 3.250617e-09 9.904827e-02 3.119443e+00
1324 3.697585e-09 1.375026e-01 3.127830e+00
1325 4.061744e-09 9.848571e-02 3.159970e+00
1326 4.248611e-09 4.600664e-02 3.158536e+00
1327 5.058149e-09 1.905417e-01 3.207611e+00
1328 3.891886e-09 2.305710e-01 3.175998e+00
1329 5.265216e-09 3.528700e-01 3.231531e+00
1330 4.847193e-09 7.939340e-02 3.167917e+00
1331 4.937821e-09 1.869711e-02 3.191507e+00
1332 3.373840e-09 3.167351e-01 3.223910e+00
1333 3.305988e-09 2.011113e-02 3.264619e+00
1334 4.113011e-09 2.441094e-01 3.288018e+00
1335 3.444699e-09 1.624873e-01 3.271956e+00
1336 3.576894e-09 3.837646e-02 3.175261e+00
1337 3.821502e-09 6.838552e-02 3.208455e+00
1338 4.275161e-09 1.187121e-01 3.103278e+00
1339 3.990379e-09 6.661321e-02 3.152343e+00
1340 3.629614e-09 9.040857e-02 3.159134e+00
1341 4.698924e-09 2.946070e-01 3.152565e+00
1342 3.434015e-09 2.691912e-01 3.151331e+00
1343 4.236292e-09 2.336263e-01 3.128111e+00
1344 4.150764e-09 2.018936e-02 3.111780e+00
1345 4.275439e-09 3.003673e-02 3.135628e+00
1346 2.771141e-09 3.518464e-01 3.071686e+00
1347 3.580353e-09 2.920141e-01 3.287361e+00
1348 3.599628e-09 5.383337e-03 3.239683e+00
1349 2.619490e-09 2.722887e-01 3.774945e+00
1350 3.344251e-09 2.766802e-01 3.087746e+00
1351 3.544646e-09 5.992218e-02 3.151717e+00
1352 4.109765e-09 1.594292e-01 3.080451e+00
1353 4.316334e-09 5.026294e-02 3.055383e+00
1354 3.155274e-09 2.689923e-01 3.110559e+00
1355 3.787739e-09 2.004471e-01 3.088218e+00
1356 3.881078e-09 2.464232e-02 3.095604e+00
1357 2.624141e-09 3.238628e-01 3.127661e+00
1358 3.417666e-09 3.023943e-01 3.247867e+00
1359 3.763389e-09 1.011574e-01 3.438317e+00
1360 3.478324e-09 7.574697e-02 3.734737e+00
1361 4.180160e-09 2.017744e-01 3.707739e+00
1362 2.363555e-09 4.345780e-01 3.240359e+00
1363 3.873719e-09 6.389377e-01 3.271247e+00
1364 3.702555e-09 4.418599e-02 3.263159e+00
1365 2.749579e-09 2.573833e-01 3.215877e+00
1366 3.481335e-09 2.661338e-01 3.319195e+00
1367 4.167908e-09 1.972154e-01 3.112176e+00
1368 3.689028e-09 1.148970e-01 3.063968e+00
1369 4.331858e-09 1.742548e-01 3.135498e+00
1370 2.961583e-09 3.163251e-01 3.223631e+00
1371 3.200473e-09 8.066292e-02 3.391502e+00
1372 3.344903e-09 4.512772e-02 3.624043e+00
1373 3.306088e-09 1.160411e-02 4.000029e+00
1374 2.328840e-09 2.955905e-01 3.286147e+00
1375 2.482018e-09 6.577444e-02 3.392290e+00
1376 3.411209e-09 3.743693e-01 3.135446e+00
1377 3.470942e-09 1.751080e-02 3.095551e+00
1378 3.509020e-09 1.097047e-02 3.216012e+00
1379 2.623501e-09 2.523551e-01 3.199884e+00
1380 2.849474e-09 8.613397e-02 3.183700e+00
1381 3.497256e-09 2.273339e-01 3.189791e+00
1382 3.003189e-09 1.412727e-01 3.056155e+00
1383 2.314911e-09 2.291823e-01 3.095822e+00
1384 3.422132e-09 4.782996e-01 3.175145e+00
1385 2.812248e-09 1.782178e-01 3.248243e+00
1386 2.150557e-09 2.352889e-01 3.554516e+00
1387 2.752994e-09 2.801309e-01 3.400287e+00
1388 3.032140e-09 1.013972e-01 3.592288e+00
1389 3.283390e-09 8.286227e-02 3.976440e+00
1390 2.358997e-09 2.815362e-01 3.447174e+00
1391 2.935444e-09 2.443611e-01 3.359702e+00
1392 2.724565e-09 7.183886e-02 3.503962e+00
1393 3.488387e-09 2.803460e-01 3.494863e+00
1394 2.417954e-09 3.068560e-01 3.423688e+00
1395 2.803000e-09 1.592447e-01 3.511262e+00
1396 3.344239e-09 1.930925e-01 3.319860e+00
1397 3.211731e-09 3.962264e-02 3.407543e+00
1398 2.844151e-09 1.144492e-01 3.522495e+00
1399 2.805586e-09 1.355954e-02 3.279437e+00
1400 2.043239e-09 2.717246e-01 3.447822e+00
1401 2.425346e-09 1.870102e-01 3.231479e+00
1402 2.790328e-09 1.504868e-01 3.160176e+00
1403 2.668190e-09 4.377210e-02 3.055633e+00
1404 1.964828e-09 2.636101e-01 3.135873e+00
1405 2.348402e-09 1.952199e-01 3.095095e+00
1406 2.434306e-09 3.657980e-02 3.088205e+00
1407 1.884679e-09 2.257838e-01 3.079820e+00
1408 2.017119e-09 7.027219e-02 3.048082e+00
1409 3.591027e-09 7.802752e-01 3.079576e+00
1410 3.041346e-09 1.530708e-01 3.159543e+00
1411 2.612070e-09 1.411465e-01 3.079552e+00
1412 2.753940e-09 5.431305e-02 3.128202e+00
1413 2.659893e-09 3.415006e-02 3.167170e+00
1414 1.777188e-09 3.318574e-01 3.047927e+00
1415 2.332084e-09 3.122326e-01 3.151568e+00
1416 2.394417e-09 2.672880e-02 3.216265e+00
1417 2.534842e-09 5.864675e-02 3.457188e+00
1418 1.988762e-09 2.154298e-01 3.275611e+00
1419 2.477085e-09 2.455412e-01 3.103656e+00
1420 3.077052e-09 2.422072e-01 3.103297e+00
1421 2.490428e-09 1.906449e-01 3.120185e+00
1422 1.824913e-09 2.672290e-01 3.127522e+00
1423 2.412565e-09 3.220159e-01 3.127662e+00
1424 2.527331e-09 4.757034e-02 3.103949e+00
1425 1.857109e-09 2.651896e-01 3.119344e+00
1426 2.258370e-09 2.160674e-01 3.056525e+00
1427 2.290686e-09 1.430940e-02 3.135449e+00
1428 3.312700e-09 4.461608e-01 3.151572e+00
1429 2.263145e-09 3.168276e-01 3.199489e+00
1430 2.529137e-09 1.175321e-01 3.285910e+00
1431 2.481091e-09 1.899735e-02 3.192229e+00
1432 2.632783e-09 6.113946e-02 3.072062e+00
1433 1.923279e-09 2.694884e-01 3.119468e+00
1434 1.810364e-09 5.870954e-02 3.088112e+00
1435 2.554093e-09 4.108178e-01 3.119593e+00
1436 1.890408e-09 2.598518e-01 3.096318e+00
1437 2.389091e-09 2.637965e-01 3.071923e+00
1438 2.447480e-09 2.443997e-02 3.143309e+00
1439 2.378309e-09 2.826209e-02 3.247468e+00
1440 1.807356e-09 2.400669e-01 3.152185e+00
1441 2.231242e-09 2.345339e-01 3.087659e+00
1442 2.827968e-09 2.674414e-01 3.056223e+00
1443 2.807575e-09 7.211348e-03 3.199508e+00
1444 2.394030e-09 1.472963e-01 2.943184e+00
1445 2.828421e-09 1.814479e-01 3.064242e+00
1446 2.144729e-09 2.417223e-01 3.143711e+00
1447 2.576157e-09 2.011576e-01 3.200124e+00
1448 2.510773e-09 2.538062e-02 3.255481e+00
1449 3.054849e-09 2.166965e-01 3.388512e+00
1450 2.766838e-09 9.427976e-02 3.055959e+00
1451 1.793881e-09 3.516494e-01 3.207613e+00
1452 2.477346e-09 3.809979e-01 3.064067e+00
1453 2.590955e-09 4.585916e-02 3.127375e+00
1454 1.807638e-09 3.023276e-01 3.143875e+00
1455 2.187187e-09 2.099697e-01 3.152343e+00
1456 3.006682e-09 3.746796e-01 3.103460e+00
1457 2.839345e-09 5.565498e-02 3.048513e+00
1458 2.727633e-09 3.934432e-02 3.159264e+00
1459 2.877838e-09 5.506804e-02 3.215664e+00
1460 2.747786e-09 4.519105e-02 3.096262e+00
1461 1.622839e-09 4.094011e-01 3.255694e+00
1462 1.971085e-09 2.145901e-01 3.268354e+00
1463 1.942820e-09 1.433974e-02 3.390624e+00
1464 1.953563e-09 5.529744e-03 3.136382e+00
1465 1.672465e-09 1.438901e-01 3.095570e+00
1466 1.861069e-09 1.127702e-01 3.167131e+00
1467 2.376895e-09 2.771666e-01 3.240107e+00
1468 2.321688e-09 2.322655e-02 3.143917e+00
1469 2.758932e-09 1.883301e-01 3.096061e+00
1470 1.840017e-09 3.330688e-01 3.151603e+00
1471 2.177044e-09 1.831650e-01 3.215741e+00
1472 2.506219e-09 1.512024e-01 3.095853e+00
1473 1.778913e-09 2.902005e-01 3.151795e+00
1474 1.685097e-09 5.273793e-02 3.135732e+00
1475 2.254741e-09 3.380487e-01 3.199396e+00
1476 2.421211e-09 7.383091e-02 3.231357e+00
1477 1.655076e-09 3.164266e-01 3.264651e+00
1478 2.512892e-09 5.182942e-01 3.375758e+00
1479 2.741478e-09 9.096565e-02 3.128448e+00
1480 2.515421e-09 8.245805e-02 3.213344e+00
1481 2.366502e-09 5.920262e-02 3.120065e+00
1482 1.651432e-09 3.021634e-01 3.223502e+00
1483 1.620446e-09 1.876284e-02 3.080008e+00
1484 2.258744e-09 3.939027e-01 3.119355e+00
1485 1.896881e-09 1.602053e-01 3.040008e+00
1486 2.335989e-09 2.314892e-01 3.079259e+00
1487 2.286359e-09 2.124562e-02 3.119922e+00
1488 1.911004e-09 1.641716e-01 3.048205e+00
1489 2.185339e-09 1.435554e-01 3.295256e+00
1490 2.039850e-09 6.657505e-02 3.464019e+00
1491 1.559407e-09 2.355286e-01 3.451585e+00
1492 2.047167e-09 3.127858e-01 3.176096e+00
1493 1.953835e-09 4.559092e-02 3.127613e+00
1494 2.123589e-09 8.688269e-02 3.054598e+00
1495 2.095028e-09 1.344973e-02 3.064659e+00
1496 2.077228e-09 8.496194e-03 3.167002e+00
1497 2.103125e-09 1.246691e-02 3.199715e+00
1498 3.760218e-09 7.879199e-01 3.175553e+00
1499 1.962219e-09 4.781634e-01 3.103473e+00
1500 2.746752e-09 3.998191e-01 3.032553e+00
1501 2.246359e-09 1.821765e-01 2.967141e+00
1502 1.729765e-09 2.299695e-01 3.071690e+00
1503 2.027653e-09 1.722130e-01 3.584200e+00
1504 2.111642e-09 4.142203e-02 3.407580e+00
1505 2.427902e-09 1.497696e-01 2.976020e+00
1506 1.636159e-09 3.261015e-01 3.095984e+00
1507 2.161451e-09 3.210513e-01 3.119318e+00
1508 1.815104e-09 1.602381e-01 3.032054e+00
1509 2.326809e-09 2.819151e-01 3.039589e+00
1510 1.689569e-09 2.738687e-01 3.040295e+00
1511 1.388411e-09 1.782455e-01 3.063862e+00
1512 1.985408e-09 4.299859e-01 3.063714e+00
1513 1.602406e-09 1.929082e-01 3.078844e+00
1514 1.894822e-09 1.824851e-01 3.215658e+00
1515 1.504274e-09 2.061132e-01 3.047688e+00
1516 1.863306e-09 2.386745e-01 3.103666e+00
1517 1.441278e-09 2.264943e-01 3.167489e+00
1518 1.755444e-09 2.179776e-01 3.311821e+00
1519 1.898066e-09 8.124581e-02 3.263541e+00
1520 1.473772e-09 2.235404e-01 3.359629e+00
1521 1.752996e-09 1.894626e-01 3.119696e+00
1522 1.837360e-09 4.812526e-02 3.246785e+00
1523 1.853501e-09 8.785238e-03 3.215579e+00
1524 2.132994e-09 1.507918e-01 3.111531e+00
1525 1.448107e-09 3.210919e-01 3.032179e+00
1526 1.721162e-09 1.885600e-01 3.055717e+00
1527 1.848787e-09 7.415030e-02 3.111766e+00
1528 1.417024e-09 2.335386e-01 3.191468e+00
1529 1.434104e-09 1.205336e-02 3.151413e+00
1530 1.877152e-09 3.089373e-01 3.160017e+00
1531 1.887773e-09 5.658072e-03 3.103801e+00
1532 2.132343e-09 1.295548e-01 3.062660e+00
1533 1.642993e-09 2.294894e-01 3.048168e+00
1534 1.922062e-09 1.698541e-01 3.055190e+00
1535 1.820519e-09 5.282996e-02 3.055405e+00
1536 1.686252e-09 7.375211e-02 3.055515e+00
1537 1.469883e-09 1.283137e-01 3.064053e+00
1538 1.794161e-09 2.206148e-01 3.088284e+00
1539 1.988593e-09 1.083691e-01 3.080070e+00
1540 1.380314e-09 3.058839e-01 3.062936e+00
1541 1.715431e-09 2.427832e-01 3.039530e+00
1542 1.901968e-09 1.087404e-01 3.087767e+00
1543 1.786648e-09 6.063187e-02 3.151598e+00
1544 1.939700e-09 8.566409e-02 3.216250e+00
1545 1.277714e-09 3.412824e-01 3.414938e+00
1546 1.580731e-09 2.371556e-01 3.104119e+00
1547 1.267950e-09 1.978714e-01 3.080137e+00
1548 1.410703e-09 1.125857e-01 3.088015e+00
1549 1.908375e-09 3.527830e-01 3.119529e+00
1550 1.285336e-09 3.264759e-01 3.119720e+00
1551 1.954773e-09 5.208265e-01 3.008552e+00
1552 1.855987e-09 5.053600e-02 3.007847e+00
1553 1.473329e-09 2.061747e-01 3.047430e+00
1554 1.271227e-09 1.371739e-01 3.056104e+00
1555 1.884516e-09 4.824381e-01 3.134942e+00
1556 1.323120e-09 2.978992e-01 3.119981e+00
1557 1.638788e-09 2.385788e-01 3.231748e+00
1558 1.757189e-09 7.224868e-02 3.279886e+00
1559 1.688751e-09 3.894708e-02 3.128379e+00
1560 1.816455e-09 7.562029e-02 3.301140e+00
1561 1.144372e-09 3.699971e-01 3.023488e+00
1562 1.522892e-09 3.307671e-01 3.063710e+00
1563 1.725649e-09 1.331393e-01 3.056390e+00
1564 1.248789e-09 2.763370e-01 3.054927e+00
1565 1.519198e-09 2.165372e-01 3.328102e+00
1566 1.639553e-09 7.922306e-02 3.407560e+00
1567 1.572630e-09 4.081798e-02 3.215640e+00
1568 1.708152e-09 8.617541e-02 3.351797e+00
1569 1.190167e-09 3.032430e-01 3.336211e+00
1570 1.395056e-09 1.721515e-01 3.592882e+00
1571 1.387008e-09 5.769267e-03 3.245591e+00
1572 1.812225e-09 3.065719e-01 3.206353e+00
1573 1.376158e-09 2.406252e-01 3.199882e+00
1574 1.613262e-09 1.722938e-01 3.144125e+00
1575 1.506062e-09 6.644877e-02 3.247182e+00
1576 1.764342e-09 1.714935e-01 3.064029e+00
1577 1.113376e-09 3.689569e-01 3.256007e+00
1578 1.795714e-09 6.128551e-01 3.239563e+00
1579 1.335846e-09 2.560922e-01 3.191683e+00
1580 1.124580e-09 1.581516e-01 3.192126e+00
1581 1.169207e-09 3.968374e-02 3.336139e+00
1582 1.511383e-09 2.926568e-01 3.678160e+00
1583 1.501994e-09 6.212586e-03 3.383774e+00
1584 1.293845e-09 1.385815e-01 3.452686e+00
1585 1.361408e-09 5.221856e-02 3.278749e+00
1586 1.320347e-09 3.016064e-02 3.287296e+00
1587 1.020268e-09 2.272726e-01 3.151849e+00
1588 1.317214e-09 2.910462e-01 3.246949e+00
1589 1.279837e-09 2.837572e-02 3.213672e+00
1590 1.015173e-09 2.067952e-01 3.160643e+00
1591 1.227400e-09 2.090551e-01 3.103684e+00
1592 1.252265e-09 2.025818e-02 3.183620e+00
1593 9.820784e-10 2.157580e-01 3.285967e+00
1594 1.204228e-09 2.262036e-01 3.416104e+00
1595 1.513132e-09 2.565164e-01 3.407040e+00
1596 1.363902e-09 9.862321e-02 3.359791e+00
1597 1.338176e-09 1.886253e-02 3.484249e+00
1598 1.247895e-09 6.746524e-02 3.295505e+00
1599 1.398650e-09 1.208074e-01 3.328006e+00
1600 1.036337e-09 2.590449e-01 3.215298e+00
1601 1.432279e-09 3.820592e-01 3.432763e+00
1602 9.795517e-10 3.160889e-01 3.168083e+00
1603 1.230821e-09 2.565143e-01 3.151912e+00
1604 1.293684e-09 5.107436e-02 3.327882e+00
1605 1.081744e-09 1.638271e-01 3.167514e+00
1606 1.310977e-09 2.119113e-01 3.191305e+00
1607 1.077372e-09 1.781918e-01 3.303160e+00
1608 1.313910e-09 2.195510e-01 3.151456e+00
1609 1.046893e-09 2.032235e-01 3.192167e+00
1610 1.351248e-09 2.907223e-01 3.207538e+00
1611 1.270936e-09 5.943493e-02 3.231601e+00
1612 1.275369e-09 3.487725e-03 3.670301e+00
1613 1.121854e-09 1.203692e-01 3.570504e+00
1614 1.334159e-09 1.892445e-01 3.327047e+00
1615 9.389404e-10 2.962304e-01 3.183867e+00
1616 1.178881e-09 2.555436e-01 3.191868e+00
1617 1.164821e-09 1.192636e-02 3.071595e+00
1618 9.450221e-10 1.886975e-01 3.071872e+00
1619 1.030633e-09 9.059114e-02 3.064039e+00
1620 1.140981e-09 1.070684e-01 3.055928e+00
1621 1.116910e-09 2.109634e-02 3.343138e+00
1622 1.542501e-09 3.810424e-01 3.176902e+00
1623 1.013579e-09 3.428989e-01 3.071285e+00
1624 1.469705e-09 4.500156e-01 3.231788e+00
1625 9.600499e-10 3.467738e-01 3.223671e+00
1626 1.057178e-09 1.011703e-01 3.329120e+00
1627 1.082186e-09 2.365500e-02 3.143975e+00
1628 1.182441e-09 9.264163e-02 3.119447e+00
1629 8.649590e-10 2.684974e-01 3.128439e+00
1630 1.041828e-09 2.044821e-01 3.102965e+00
1631 1.031163e-09 1.023642e-02 3.081045e+00
1632 8.377509e-10 1.875670e-01 3.085474e+00
1633 1.027679e-09 2.267121e-01 3.040267e+00
1634 1.090468e-09 6.109807e-02 3.159205e+00
1635 8.979458e-10 1.765503e-01 3.151976e+00
1636 1.073896e-09 1.959469e-01 3.080196e+00
1637 1.151592e-09 7.235027e-02 3.239714e+00
1638 1.161648e-09 8.732124e-03 3.407615e+00
1639 8.323161e-10 2.835040e-01 3.438925e+00
1640 1.062772e-09 2.768850e-01 3.119948e+00
1641 1.040796e-09 2.067798e-02 3.151442e+00
1642 1.367689e-09 3.140794e-01 3.056202e+00
1643 1.139530e-09 1.668208e-01 3.064178e+00
1644 1.057657e-09 7.184763e-02 3.046956e+00
1645 1.131873e-09 7.017036e-02 2.974342e+00
1646 8.408573e-10 2.571101e-01 3.062195e+00
1647 1.029576e-09 2.244365e-01 3.040134e+00
1648 1.006461e-09 2.245159e-02 3.048111e+00
1649 7.863080e-10 2.187395e-01 3.095871e+00
1650 9.757024e-10 2.408654e-01 3.191274e+00
1651 1.089861e-09 1.170010e-01 3.319900e+00
1652 8.761251e-10 1.961127e-01 3.311155e+00
1653 1.136315e-09 2.969784e-01 3.071846e+00
1654 8.626320e-10 2.408516e-01 3.167566e+00
1655 1.063501e-09 2.328565e-01 3.063794e+00
1656 1.210886e-09 1.385838e-01 3.095583e+00
1657 9.969618e-10 1.766671e-01 3.087674e+00
1658 7.829308e-10 2.146833e-01 3.039662e+00
1659 9.692953e-10 2.380344e-01 3.136255e+00
1660 1.045534e-09 7.865349e-02 3.015348e+00
1661 9.602481e-10 8.157141e-02 3.136006e+00
1662 1.020150e-09 6.238142e-02 3.143436e+00
1663 1.294664e-09 2.690923e-01 3.088192e+00
1664 1.157053e-09 1.062909e-01 3.071288e+00
1665 7.627664e-10 3.407680e-01 3.072368e+00
1666 9.963279e-10 3.062032e-01 3.039171e+00
1667 1.053048e-09 5.692868e-02 3.104479e+00
1668 1.350028e-09 2.820198e-01 3.142989e+00
1669 9.874563e-10 2.685659e-01 3.039909e+00
1670 7.936575e-10 1.962607e-01 3.159637e+00
1671 1.066741e-09 3.440822e-01 3.104182e+00
1672 6.189177e-10 4.198050e-01 3.120251e+00
1673 9.238545e-10 4.926937e-01 3.191092e+00
1674 6.346110e-10 3.130834e-01 3.184350e+00
1675 6.523123e-10 2.789313e-02 3.207770e+00
1676 7.626028e-10 1.690761e-01 3.039826e+00
1677 4.928927e-10 3.536704e-01 3.175297e+00
1678 7.528083e-10 5.273268e-01 3.088200e+00
1679 7.813782e-10 3.795113e-02 3.015283e+00
1680 5.868274e-10 2.489842e-01 3.103803e+00
1681 7.715223e-10 3.147347e-01 3.112383e+00
1682 9.297050e-10 2.050267e-01 3.143185e+00
1683 5.690405e-10 3.879344e-01 3.111484e+00
1684 8.708106e-10 5.303141e-01 3.040611e+00
1685 9.853008e-10 1.314754e-01 3.071014e+00
1686 7.001917e-10 2.893625e-01 3.307432e+00
1687 8.061473e-10 1.513237e-01 3.265224e+00
1688 9.401315e-10 1.662032e-01 3.318747e+00
1689 7.523060e-10 1.997864e-01 3.168158e+00
1690 5.908312e-10 2.146398e-01 3.119971e+00
1691 7.190720e-10 2.170516e-01 3.103344e+00
1692 8.400606e-10 1.682565e-01 3.151617e+00
1693 8.383756e-10 2.005790e-03 3.183929e+00
1694 9.197564e-10 9.706961e-02 3.080859e+00
1695 9.915069e-10 7.801033e-02 3.118861e+00
1696 5.407592e-10 4.546087e-01 3.104150e+00
1697 4.706346e-10 1.296780e-01 3.087547e+00
1698 8.645258e-10 8.369361e-01 3.095834e+00
1699 9.105258e-10 5.320834e-02 3.183452e+00
1700 7.806685e-10 1.426179e-01 3.168280e+00
1701 8.915840e-10 1.420776e-01 3.310443e+00
1702 8.510783e-10 4.543117e-02 3.080367e+00
1703 9.197011e-10 8.063039e-02 3.175893e+00
1704 7.181384e-10 2.191610e-01 3.023872e+00
1705 8.349262e-10 1.626257e-01 3.055704e+00
1706 5.260538e-10 3.699398e-01 3.079332e+00
1707 8.874490e-10 6.869930e-01 3.112120e+00
1708 8.609763e-10 2.983012e-02 3.071726e+00
1709 7.395806e-10 1.409977e-01 3.096028e+00
1710 8.386624e-10 1.339702e-01 3.055698e+00
1711 5.763318e-10 3.127964e-01 3.079201e+00
1712 7.836304e-10 3.596863e-01 3.063625e+00
1713 7.602484e-10 2.983800e-02 3.224308e+00
1714 7.685816e-10 1.096118e-02 3.357775e+00
1715 8.238878e-10 7.195879e-02 3.319896e+00
1716 8.221550e-10 2.103243e-03 3.039077e+00
1717 5.277210e-10 3.581247e-01 3.032554e+00
1718 8.138206e-10 5.421418e-01 3.095536e+00
1719 5.636535e-10 3.073984e-01 3.071326e+00
1720 7.698523e-10 3.658255e-01 3.095478e+00
1721 7.109565e-10 7.650270e-02 3.136195e+00
1722 7.560795e-10 6.346804e-02 3.103200e+00
1723 8.428720e-10 1.147928e-01 3.063795e+00
1724 8.290355e-10 1.641588e-02 3.102647e+00
1725 5.606223e-10 3.237656e-01 3.087812e+00
1726 7.881353e-10 4.058222e-01 3.264219e+00
1727 6.665830e-10 1.542277e-01 3.367171e+00
1728 7.919700e-10 1.881042e-01 3.111765e+00
1729 8.067805e-10 1.870082e-02 3.071935e+00
1730 7.804075e-10 3.268921e-02 3.039756e+00
1731 7.489892e-10 4.025885e-02 3.048369e+00
1732 7.272274e-10 2.905491e-02 3.031462e+00
1733 5.522628e-10 2.405913e-01 3.063851e+00
1734 5.201033e-10 5.823224e-02 3.079415e+00
1735 7.466989e-10 4.356743e-01 3.119821e+00
1736 7.503957e-10 4.950885e-03 3.056244e+00
1737 5.066531e-10 3.248189e-01 3.119238e+00
1738 6.594794e-10 3.016390e-01 3.096334e+00
1739 6.067760e-10 7.991667e-02 3.311176e+00
1740 7.339374e-10 2.095689e-01 3.189787e+00
1741 7.649318e-10 4.223035e-02 3.341891e+00
1742 6.198819e-10 1.896246e-01 3.103641e+00
1743 6.380355e-10 2.928556e-02 3.151995e+00
1744 6.485901e-10 1.654227e-02 3.199680e+00
1745 4.658646e-10 2.817273e-01 3.079640e+00
1746 4.186985e-10 1.012441e-01 3.112228e+00
1747 6.825361e-10 6.301375e-01 3.158761e+00
1748 6.778490e-10 6.867240e-03 3.159594e+00
1749 4.855715e-10 2.836583e-01 3.151885e+00
1750 5.917888e-10 2.187471e-01 3.070322e+00
1751 5.710394e-10 3.506217e-02 3.104074e+00
1752 6.793134e-10 1.896085e-01 3.407370e+00
1753 4.659761e-10 3.140483e-01 3.206979e+00
1754 5.576302e-10 1.966925e-01 3.503190e+00
1755 4.033381e-10 2.766924e-01 3.174514e+00
1756 4.064871e-10 7.807160e-03 3.183873e+00
1757 5.843038e-10 4.374475e-01 3.095586e+00
1758 6.554308e-10 1.217295e-01 3.119790e+00
1759 4.148802e-10 3.670114e-01 3.192060e+00
1760 5.337828e-10 2.865949e-01 3.133981e+00
1761 5.991163e-10 1.223972e-01 3.080041e+00
1762 4.911371e-10 1.802307e-01 3.151692e+00
1763 6.099922e-10 2.419997e-01 3.295690e+00
1764 4.111333e-10 3.260022e-01 3.152337e+00
1765 5.901964e-10 4.355353e-01 3.871749e+00
1766 5.459591e-10 7.495367e-02 3.695355e+00
1767 5.057975e-10 7.356145e-02 3.135568e+00
1768 3.632376e-10 2.818518e-01 3.079707e+00
1769 7.372455e-10 1.029651e+00 3.088299e+00
1770 3.884472e-10 4.731102e-01 3.079428e+00
1771 4.292957e-10 1.051586e-01 3.063915e+00
1772 4.929104e-10 1.481838e-01 3.176239e+00
1773 4.634021e-10 5.986542e-02 3.191258e+00
1774 4.672934e-10 8.397311e-03 3.111897e+00
1775 4.546019e-10 2.715963e-02 3.063639e+00
1776 3.371775e-10 2.583016e-01 3.127631e+00
1777 3.580928e-10 6.203044e-02 3.271345e+00
1778 4.319164e-10 2.061578e-01 3.768420e+00
1779 4.772134e-10 1.048744e-01 3.591906e+00
1780 4.465737e-10 6.420548e-02 3.430675e+00
1781 5.641805e-10 2.633537e-01 3.055610e+00
1782 3.933305e-10 3.028286e-01 3.063893e+00
1783 5.086483e-10 2.931831e-01 3.183304e+00
1784 3.442970e-10 3.231138e-01 3.119140e+00
1785 3.970277e-10 1.531547e-01 3.128605e+00
1786 4.669393e-10 1.760872e-01 3.135301e+00
1787 4.337377e-10 7.110465e-02 3.079443e+00
1788 4.821519e-10 1.116208e-01 3.088307e+00
1789 4.070946e-10 1.556715e-01 3.119133e+00
1790 2.908030e-10 2.856622e-01 3.143950e+00
1791 2.924799e-10 5.766380e-03 3.272584e+00
1792 5.660717e-10 9.354208e-01 3.271688e+00
1793 3.780875e-10 3.320856e-01 3.094921e+00
1794 5.145337e-10 3.608856e-01 3.112454e+00
1795 4.646228e-10 9.700231e-02 3.062950e+00
1796 5.054865e-10 8.795039e-02 3.104294e+00
1797 4.562508e-10 9.740265e-02 3.055302e+00
1798 5.161630e-10 1.313141e-01 3.064095e+00
1799 4.220320e-10 1.823669e-01 3.135276e+00
1800 3.121444e-10 2.603773e-01 3.015861e+00
1801 3.916415e-10 2.546804e-01 3.039836e+00
1802 4.467197e-10 1.406341e-01 3.055197e+00
1803 4.072201e-10 8.842126e-02 3.088246e+00
1804 2.995729e-10 2.643465e-01 3.407494e+00
1805 3.202922e-10 6.916284e-02 3.335548e+00
1806 4.364745e-10 3.627384e-01 3.135449e+00
1807 4.765719e-10 9.186646e-02 3.063751e+00
1808 4.271113e-10 1.037840e-01 3.055841e+00
1809 4.361945e-10 2.126654e-02 3.119053e+00
1810 4.234719e-10 2.916726e-02 3.111898e+00
1811 4.253297e-10 4.386917e-03 3.119584e+00
1812 3.759637e-10 1.160652e-01 3.128563e+00
1813 4.735033e-10 2.594390e-01 3.087803e+00
1814 3.846764e-10 1.875952e-01 3.142765e+00
1815 2.916950e-10 2.417133e-01 3.128316e+00
1816 3.626152e-10 2.431312e-01 3.063583e+00
1817 4.057958e-10 1.190813e-01 3.239364e+00
1818 3.877226e-10 4.453769e-02 3.199431e+00
1819 3.927687e-10 1.301465e-02 3.183974e+00
1820 3.798595e-10 3.286726e-02 3.046621e+00
1821 2.805230e-10 2.615084e-01 3.040578e+00
1822 3.633244e-10 2.951676e-01 3.062980e+00
1823 4.006537e-10 1.027439e-01 3.048297e+00
1824 3.288970e-10 1.790991e-01 3.071703e+00
1825 4.069752e-10 2.373941e-01 3.111119e+00
1826 2.894474e-10 2.887839e-01 3.095969e+00
1827 3.659042e-10 2.641477e-01 2.975465e+00
1828 3.735617e-10 2.092772e-02 2.888207e+00
1829 4.651315e-10 2.451262e-01 3.039050e+00
1830 5.163666e-10 1.101519e-01 3.191928e+00
1831 3.919503e-10 2.409458e-01 3.176110e+00
1832 4.491317e-10 1.458896e-01 3.336498e+00
1833 3.540731e-10 2.116498e-01 3.047720e+00
1834 4.097499e-10 1.572466e-01 3.071892e+00
1835 3.303749e-10 1.937156e-01 3.087506e+00
1836 3.542527e-10 7.227482e-02 3.063564e+00
1837 3.615659e-10 2.064388e-02 3.039990e+00
1838 2.808982e-10 2.231065e-01 3.063786e+00
1839 2.766449e-10 1.514166e-02 3.071578e+00
1840 3.478192e-10 2.572767e-01 3.079536e+00
1841 2.725966e-10 2.162693e-01 3.056449e+00
1842 3.492698e-10 2.812699e-01 3.056005e+00
1843 3.375258e-10 3.362458e-02 3.086572e+00
1844 3.365185e-10 2.984380e-03 3.335533e+00
1845 3.568887e-10 6.053237e-02 3.220533e+00
1846 3.300255e-10 7.527077e-02 3.358944e+00
1847 3.339947e-10 1.202716e-02 3.095720e+00
1848 2.505820e-10 2.497426e-01 3.023587e+00
1849 3.080327e-10 2.292691e-01 3.039665e+00
1850 3.197295e-10 3.797244e-02 3.102365e+00
1851 2.475948e-10 2.256115e-01 3.134659e+00
1852 2.978717e-10 2.030612e-01 3.151745e+00
1853 3.620583e-10 2.154838e-01 3.048451e+00
1854 4.698868e-10 2.978209e-01 3.087648e+00
1855 3.029400e-10 3.552915e-01 3.047264e+00
1856 2.387938e-10 2.117457e-01 3.119672e+00
1857 4.461896e-10 8.685146e-01 3.078761e+00
1858 4.611234e-10 3.346945e-02 3.191781e+00
1859 3.374410e-10 2.682198e-01 3.023181e+00
1860 3.746471e-10 1.102597e-01 3.119457e+00
1861 4.155636e-10 1.092134e-01 3.087438e+00
1862 3.889886e-10 6.394921e-02 3.319936e+00
1863 2.752490e-10 2.923982e-01 3.080010e+00
1864 3.889574e-10 4.131109e-01 3.039358e+00
1865 3.187781e-10 1.804293e-01 3.088213e+00
1866 2.414169e-10 2.426805e-01 3.192152e+00
1867 2.916830e-10 2.082130e-01 3.175043e+00
1868 2.155501e-10 2.610124e-01 3.088475e+00
1869 2.747312e-10 2.745584e-01 3.071497e+00
1870 2.802577e-10 2.011591e-02 3.319081e+00
1871 2.058517e-10 2.654915e-01 3.128332e+00
1872 2.287834e-10 1.113995e-01 3.039143e+00
1873 3.483804e-10 5.227520e-01 3.071914e+00
1874 3.051068e-10 1.242137e-01 3.039504e+00
1875 3.825065e-10 2.536805e-01 3.103673e+00
1876 3.697846e-10 3.325911e-02 3.040682e+00
1877 2.531808e-10 3.153290e-01 3.070439e+00
1878 3.752495e-10 4.821404e-01 3.095270e+00
1879 3.948224e-10 5.215969e-02 3.023870e+00
1880 2.475002e-10 3.731353e-01 3.095643e+00
1881 4.496200e-10 8.166447e-01 3.359811e+00
1882 4.034205e-10 1.027523e-01 3.991912e+00
1883 3.104533e-10 2.304473e-01 3.303529e+00
1884 3.381336e-10 8.916091e-02 3.024034e+00
1885 3.190463e-10 5.644895e-02 3.023718e+00
1886 2.534418e-10 2.056269e-01 3.127704e+00
1887 3.209168e-10 2.662348e-01 3.095790e+00
1888 2.165284e-10 3.252821e-01 3.024044e+00
1889 2.534838e-10 1.706725e-01 3.095158e+00
1890 2.044980e-10 1.932503e-01 3.119774e+00
1891 2.219214e-10 8.520082e-02 3.111450e+00
1892 2.768767e-10 2.476344e-01 3.063053e+00
1893 1.993687e-10 2.799368e-01 3.055760e+00
1894 2.523480e-10 2.657352e-01 3.247590e+00
1895 2.872669e-10 1.383757e-01 3.208356e+00
1896 2.605531e-10 9.299277e-02 3.438946e+00
1897 1.831670e-10 2.970070e-01 3.127091e+00
1898 2.396117e-10 3.081593e-01 3.088393e+00
1899 2.839223e-10 1.849270e-01 3.095897e+00
1900 2.461439e-10 1.330591e-01 3.071055e+00
1901 1.774957e-10 2.788946e-01 3.064061e+00
1902 2.464197e-10 3.883135e-01 3.079690e+00
1903 2.680931e-10 8.795337e-02 3.063963e+00
1904 2.638828e-10 1.570461e-02 3.063403e+00
1905 3.054117e-10 1.573763e-01 3.135817e+00
1906 2.675662e-10 1.239164e-01 3.095784e+00
1907 4.420478e-10 6.521065e-01 3.127617e+00
1908 2.747806e-10 3.783916e-01 3.215622e+00
1909 4.385161e-10 5.958770e-01 3.423917e+00
1910 3.662963e-10 1.646913e-01 3.080422e+00
1911 2.880848e-10 2.135199e-01 3.064038e+00
1912 2.160495e-10 2.500488e-01 3.174898e+00
1913 2.612945e-10 2.094197e-01 3.071986e+00
1914 2.873422e-10 9.968677e-02 3.135694e+00
1915 3.241400e-10 1.280630e-01 3.104084e+00
1916 3.328042e-10 2.672974e-02 3.111429e+00
1917 3.127049e-10 6.039396e-02 3.096569e+00
1918 1.995799e-10 3.617627e-01 3.120075e+00
1919 2.319023e-10 1.619520e-01 3.072148e+00
1920 2.344870e-10 1.114569e-02 3.102011e+00
1921 1.686014e-10 2.809778e-01 3.080097e+00
1922 1.982582e-10 1.758991e-01 3.063841e+00
1923 2.757693e-10 3.909604e-01 3.055790e+00
1924 3.049176e-10 1.056983e-01 3.079720e+00
1925 2.524415e-10 1.720994e-01 3.054915e+00
1926 2.414712e-10 4.345694e-02 3.192350e+00
1927 3.188728e-10 3.205419e-01 3.103879e+00
1928 2.951674e-10 7.434115e-02 3.031652e+00
1929 2.716131e-10 7.980006e-02 3.247672e+00
1930 2.071193e-10 2.374471e-01 3.168141e+00
1931 2.230813e-10 7.706673e-02 3.536510e+00
1932 2.506589e-10 1.236213e-01 3.095773e+00
1933 1.820134e-10 2.738603e-01 3.063058e+00
1934 2.190825e-10 2.036615e-01 3.048646e+00
1935 2.542634e-10 1.605827e-01 3.079655e+00
1936 1.781807e-10 2.992279e-01 3.095429e+00
1937 2.781608e-10 5.611165e-01 3.047217e+00
1938 2.305122e-10 1.712990e-01 3.095490e+00
1939 1.744045e-10 2.434044e-01 3.063736e+00
1940 2.137901e-10 2.258291e-01 3.151138e+00
1941 2.132369e-10 2.587698e-03 3.063935e+00
1942 2.863944e-10 3.430808e-01 3.087199e+00
1943 2.454567e-10 1.429417e-01 3.032312e+00
1944 1.688681e-10 3.120246e-01 2.991866e+00
1945 2.061860e-10 2.209879e-01 3.087537e+00
1946 2.288280e-10 1.098135e-01 3.063942e+00
1947 2.187505e-10 4.403961e-02 3.095978e+00
1948 1.615327e-10 2.615665e-01 3.278906e+00
1949 1.872167e-10 1.590019e-01 3.455669e+00
1950 2.067008e-10 1.040724e-01 3.064178e+00
1951 2.207988e-10 6.820515e-02 3.071390e+00
1952 2.255715e-10 2.161527e-02 3.064077e+00
1953 1.550057e-10 3.128311e-01 3.183788e+00
1954 2.182146e-10 4.077843e-01 3.071096e+00
1955 2.279821e-10 4.476108e-02 3.080294e+00
1956 2.068637e-10 9.263153e-02 3.055999e+00
1957 1.530254e-10 2.602601e-01 3.070993e+00
1958 1.943109e-10 2.697953e-01 3.159574e+00
1959 2.123137e-10 9.264957e-02 3.087546e+00
1960 2.826775e-10 3.314144e-01 3.086917e+00
1961 1.988152e-10 2.966715e-01 3.232134e+00
1962 2.397912e-10 2.061010e-01 3.184018e+00
1963 2.644082e-10 1.026600e-01 3.231630e+00
1964 1.711460e-10 3.527205e-01 3.023108e+00
1965 2.588342e-10 5.123590e-01 3.103598e+00
1966 2.622100e-10 1.304254e-02 3.127982e+00
1967 1.850079e-10 2.944286e-01 2.951929e+00
1968 2.440532e-10 3.191503e-01 2.951522e+00
1969 2.382883e-10 2.362167e-02 2.968563e+00
1970 2.278218e-10 4.392376e-02 3.046898e+00
1971 2.527110e-10 1.092486e-01 3.048618e+00
1972 2.296798e-10 9.113626e-02 3.039379e+00
1973 2.088536e-10 9.067505e-02 3.111575e+00
1974 2.173743e-10 4.079767e-02 3.159926e+00
1975 2.337752e-10 7.544994e-02 3.079699e+00
1976 1.860111e-10 2.043165e-01 3.120268e+00
1977 2.510767e-10 3.497943e-01 3.063566e+00
1978 1.878049e-10 2.520020e-01 3.071358e+00
1979 2.354078e-10 2.534701e-01 3.087430e+00
1980 2.624490e-10 1.148694e-01 3.015845e+00
1981 2.342764e-10 1.073450e-01 3.071004e+00
1982 2.444619e-10 4.347651e-02 3.024327e+00
1983 2.200069e-10 1.000360e-01 3.086726e+00
1984 1.916381e-10 1.289448e-01 3.087375e+00
1985 2.233530e-10 1.654934e-01 3.047321e+00
1986 1.542574e-10 3.093561e-01 3.231742e+00
1987 1.958961e-10 2.699300e-01 3.126883e+00
1988 1.987090e-10 1.435951e-02 3.200118e+00
1989 1.898000e-10 4.483488e-02 3.381113e+00
1990 2.292796e-10 2.080066e-01 3.159739e+00
1991 1.455803e-10 3.650533e-01 3.103939e+00
1992 1.852858e-10 2.727392e-01 3.127165e+00
1993 1.752348e-10 5.424572e-02 3.088278e+00
1994 1.935930e-10 1.047634e-01 3.080075e+00
1995 1.691896e-10 1.260556e-01 3.039174e+00
1996 1.872578e-10 1.067927e-01 3.088001e+00
1997 1.947214e-10 3.985728e-02 3.063517e+00
1998 1.470402e-10 2.448688e-01 3.087465e+00
1999 2.160719e-10 4.694757e-01 3.103610e+00
2000 1.414193e-10 3.454989e-01 3.078875e+00
2001 2.083438e-10 4.732342e-01 3.191592e+00
2002 2.178702e-10 4.572433e-02 3.216044e+00
2003 1.759322e-10 1.924908e-01 3.143098e+00
2004 1.817527e-10 3.308415e-02 3.168079e+00
2005 1.461672e-10 1.957909e-01 3.343600e+00
2006 1.717040e-10 1.747095e-01 3.104147e+00
2007 1.730448e-10 7.808883e-03 3.054584e+00
2008 1.919023e-10 1.089745e-01 3.063662e+00
2009 2.403848e-10 2.526419e-01 3.151316e+00
2010 1.511833e-10 3.710781e-01 3.095862e+00
2011 1.947201e-10 2.879739e-01 3.071808e+00
2012 1.975050e-10 1.430198e-02 3.175776e+00
2013 1.330155e-10 3.265210e-01 3.063823e+00
2014 1.328911e-10 9.348158e-04 3.615171e+00
2015 2.292145e-10 7.248293e-01 3.206708e+00
2016 1.985079e-10 1.339647e-01 3.351709e+00
2017 1.825646e-10 8.031544e-02 3.088104e+00
2018 2.158094e-10 1.820985e-01 3.110980e+00
2019 1.848749e-10 1.433417e-01 3.151853e+00
2020 1.078037e-10 4.168832e-01 3.029627e+00
2021 1.464892e-10 3.588515e-01 3.095532e+00
2022 1.670319e-10 1.402342e-01 3.087960e+00
2023 2.076410e-10 2.431216e-01 3.087588e+00
2024 1.430731e-10 3.109593e-01 3.183664e+00
2025 1.997216e-10 3.959407e-01 3.128020e+00
2026 1.734899e-10 1.313413e-01 3.127416e+00
2027 2.046979e-10 1.798839e-01 3.439255e+00
2028 1.960703e-10 4.214822e-02 3.967866e+00
2029 1.823636e-10 6.990709e-02 3.229385e+00
2030 1.173817e-10 3.563316e-01 2.935696e+00
2031 1.543884e-10 3.152684e-01 3.032243e+00
2032 1.679895e-10 8.809678e-02 3.079249e+00
2033 1.561775e-10 7.031389e-02 3.063751e+00
2034 1.301076e-10 1.669250e-01 3.111689e+00
2035 1.624640e-10 2.486900e-01 3.072060e+00
2036 1.129500e-10 3.047693e-01 3.151696e+00
2037 1.375230e-10 2.175566e-01 3.079876e+00
2038 1.419176e-10 3.195535e-02 3.104089e+00
2039 1.035080e-10 2.706473e-01 3.016288e+00
2040 1.325808e-10 2.808755e-01 3.080022e+00
2041 1.482933e-10 1.185121e-01 3.111162e+00
2042 1.213142e-10 1.819306e-01 3.055689e+00
2043 1.580491e-10 3.028084e-01 3.119918e+00
2044 1.815351e-10 1.485993e-01 3.008318e+00
2045 1.548406e-10 1.470489e-01 3.087542e+00
2046 1.125655e-10 2.730232e-01 3.095491e+00
2047 1.370273e-10 2.173114e-01 3.096103e+00
2048 1.564480e-10 1.417286e-01 3.095355e+00
2049 1.225049e-10 2.169608e-01 3.087933e+00
2050 1.447849e-10 1.818699e-01 3.143903e+00
2051 1.169564e-10 1.922052e-01 3.063607e+00
2052 1.415459e-10 2.102444e-01 3.096022e+00
2053 1.700311e-10 2.012437e-01 3.063349e+00
2054 1.366073e-10 1.965747e-01 2.975861e+00
2055 1.051931e-10 2.299600e-01 3.143705e+00
2056 1.309809e-10 2.451475e-01 3.064152e+00
2057 1.485690e-10 1.342803e-01 3.015227e+00
2058 1.611178e-10 8.446403e-02 3.144242e+00
2059 1.108194e-10 3.121842e-01 3.087205e+00
2060 1.373307e-10 2.392303e-01 3.040385e+00
2061 1.097021e-10 2.011827e-01 3.231208e+00
2062 1.349827e-10 2.304472e-01 3.143782e+00
2063 9.784173e-11 2.751535e-01 3.305098e+00
