1 9.921757e-01 1.000000e+00 3.988935e+00
2 9.769490e-01 1.534681e-02 3.535033e+00
3 8.623464e-01 1.173066e-01 3.792237e+00
4 7.558882e-01 1.234518e-01 3.815741e+00
5 6.522595e-01 1.370953e-01 3.985534e+00
6 6.150226e-01 5.708902e-02 3.847188e+00
7 5.404831e-01 1.211981e-01 3.623559e+00
8 5.239638e-01 3.056389e-02 3.718177e+00
9 5.003952e-01 4.498135e-02 3.679525e+00
10 4.714947e-01 5.775539e-02 4.030538e+00
11 4.557973e-01 3.329276e-02 3.895864e+00
12 4.302105e-01 5.613645e-02 4.328875e+00
13 3.893699e-01 9.493168e-02 3.759072e+00
14 3.882549e-01 2.863607e-03 3.599651e+00
15 2.306469e-01 4.059396e-01 3.616529e+00
16 1.751446e-01 2.406373e-01 3.781939e+00
17 1.582782e-01 9.629985e-02 3.599934e+00
18 1.215316e-01 2.321648e-01 3.679597e+00
19 1.112620e-01 8.450119e-02 3.767179e+00
20 1.074465e-01 3.429325e-02 3.576333e+00
21 1.010109e-01 5.989535e-02 3.831458e+00
22 9.797632e-02 3.004242e-02 3.664318e+00
23 9.562808e-02 2.396746e-02 3.793263e+00
24 9.284651e-02 2.908738e-02 3.672611e+00
25 8.951370e-02 3.589587e-02 3.566902e+00
26 7.949096e-02 1.119688e-01 3.615734e+00
27 8.392829e-02 5.582184e-02 3.568187e+00
28 7.625813e-02 9.138946e-02 3.607654e+00
29 5.363079e-02 2.967204e-01 3.583264e+00
30 5.416233e-02 9.911205e-03 3.527936e+00
31 4.502559e-02 1.686917e-01 3.647480e+00
32 4.450703e-02 1.151705e-02 3.719491e+00
33 4.147183e-02 6.819598e-02 3.886578e+00
34 3.908952e-02 5.744397e-02 4.150309e+00
35 3.692992e-02 5.524756e-02 3.679754e+00
36 3.554325e-02 3.754884e-02 3.639284e+00
37 3.128494e-02 1.198062e-01 3.720085e+00
38 2.866964e-02 8.359638e-02 3.639472e+00
39 2.813668e-02 1.858941e-02 3.727273e+00
40 2.683232e-02 4.635808e-02 3.736506e+00
41 2.767348e-02 3.134860e-02 3.710063e+00
42 2.643168e-02 4.487332e-02 3.680341e+00
43 2.389526e-02 9.596126e-02 3.655798e+00
44 2.353052e-02 1.526398e-02 3.567468e+00
45 2.194650e-02 6.731777e-02 3.798805e+00
46 1.996007e-02 9.051232e-02 3.663795e+00
47 1.948226e-02 2.393856e-02 3.600098e+00
48 1.772344e-02 9.027785e-02 3.751948e+00
49 1.842734e-02 3.971587e-02 3.391385e+00
50 2.965968e-02 6.095472e-01 3.671853e+00
51 3.232161e-02 8.974928e-02 3.743625e+00
52 2.293199e-02 2.905060e-01 3.631449e+00
53 2.284332e-02 3.866477e-03 3.615506e+00
54 1.668192e-02 2.697245e-01 3.688260e+00
55 1.309375e-02 2.150935e-01 4.735251e+00
56 1.466545e-02 1.200350e-01 4.030339e+00
57 1.222360e-02 1.665041e-01 3.616164e+00
58 1.500920e-02 2.278873e-01 3.447242e+00
59 1.406102e-02 6.317318e-02 3.439347e+00
60 2.839210e-02 1.019206e+00 3.543763e+00
61 1.696633e-02 4.024276e-01 3.656434e+00
62 1.603361e-02 5.497511e-02 3.631491e+00
63 1.455855e-02 9.199763e-02 3.655888e+00
64 1.088199e-02 2.525365e-01 3.719225e+00
65 1.096287e-02 7.432383e-03 3.799529e+00
66 1.355241e-02 2.362101e-01 3.752072e+00
67 1.004011e-02 2.591638e-01 4.002437e+00
68 1.399046e-02 3.934565e-01 3.744227e+00
69 1.304413e-02 6.764126e-02 3.631541e+00
70 1.337696e-02 2.551611e-02 3.400099e+00
71 1.152681e-02 1.383093e-01 3.558966e+00
72 1.375066e-02 1.929290e-01 3.536213e+00
73 1.258826e-02 8.453437e-02 3.455311e+00
74 8.401139e-03 3.326210e-01 3.496228e+00
75 1.056255e-02 2.572757e-01 3.479590e+00
76 5.757938e-03 4.548723e-01 3.735514e+00
77 5.429566e-03 5.702929e-02 3.759001e+00
78 4.414331e-03 1.869827e-01 3.807952e+00
79 6.751169e-03 5.293751e-01 3.902859e+00
80 5.517863e-03 1.826804e-01 3.704379e+00
81 5.431475e-03 1.565606e-02 3.662924e+00
82 5.150446e-03 5.174081e-02 3.640428e+00
83 6.053736e-03 1.753811e-01 3.671912e+00
84 4.944925e-03 1.831615e-01 3.671691e+00
85 5.589554e-03 1.303618e-01 3.631094e+00
86 4.401436e-03 2.125604e-01 3.784294e+00
87 4.272711e-03 2.924633e-02 3.703428e+00
88 4.302833e-03 7.049844e-03 3.807949e+00
89 4.053659e-03 5.790926e-02 3.703379e+00
90 3.797588e-03 6.317025e-02 3.902859e+00
91 4.525582e-03 1.916991e-01 3.496237e+00
92 4.879060e-03 7.810667e-02 3.703160e+00
93 4.000464e-03 1.800750e-01 3.656010e+00
94 3.554235e-03 1.115443e-01 3.655816e+00
95 4.707154e-03 3.243789e-01 3.608178e+00
96 3.629972e-03 2.288393e-01 3.599398e+00
97 3.567561e-03 1.719323e-02 3.615596e+00
98 3.397012e-03 4.780546e-02 3.647396e+00
99 3.261388e-03 3.992452e-02 3.695752e+00
100 2.613909e-03 1.985288e-01 3.767841e+00
101 2.455397e-03 6.064170e-02 3.656454e+00
102 3.130919e-03 2.751171e-01 3.791854e+00
103 2.945969e-03 5.907190e-02 4.239572e+00
104 1.905315e-03 3.532470e-01 3.599712e+00
105 1.700563e-03 1.074634e-01 3.399887e+00
106 2.054791e-03 2.083006e-01 3.527862e+00
107 1.715285e-03 1.652268e-01 3.607584e+00
108 2.397627e-03 3.978010e-01 3.655090e+00
109 1.769426e-03 2.620093e-01 3.664186e+00
110 1.680203e-03 5.042475e-02 3.719552e+00
111 1.442893e-03 1.412392e-01 3.751660e+00
112 1.421742e-03 1.465891e-02 3.663282e+00
113 1.271121e-03 1.059408e-01 3.680502e+00
114 1.283507e-03 9.744118e-03 3.823521e+00
115 1.091577e-03 1.495356e-01 4.093010e+00
116 9.533331e-04 1.266461e-01 3.663018e+00
117 1.339785e-03 4.053691e-01 3.727503e+00
118 9.398781e-04 2.984858e-01 3.871325e+00
119 8.492076e-04 9.647055e-02 3.608106e+00
120 8.974520e-04 5.681108e-02 3.447944e+00
121 7.136792e-04 2.047717e-01 3.527016e+00
122 8.843031e-04 2.390765e-01 3.536578e+00
123 6.955821e-04 2.134120e-01 3.374693e+00
124 6.625258e-04 4.752325e-02 3.616188e+00
125 5.256368e-04 2.066169e-01 3.919084e+00
126 7.047559e-04 3.407659e-01 3.895288e+00
127 4.758077e-04 3.248617e-01 3.639733e+00
128 4.098298e-04 1.386650e-01 3.423345e+00
129 3.216298e-04 2.152113e-01 3.415964e+00
130 3.076195e-04 4.356015e-02 3.437673e+00
131 2.588045e-04 1.586864e-01 3.520252e+00
132 2.397884e-04 7.347675e-02 3.511714e+00
133 2.711295e-04 1.307032e-01 3.464160e+00
134 2.958958e-04 9.134473e-02 3.702276e+00
135 1.856523e-04 3.725752e-01 3.663885e+00
136 1.727631e-04 6.942653e-02 3.847829e+00
137 2.167735e-04 2.547439e-01 3.743921e+00
138 1.902981e-04 1.221339e-01 3.783766e+00
139 1.663349e-04 1.259246e-01 3.887290e+00
140 1.861801e-04 1.193086e-01 4.014781e+00
141 1.370457e-04 2.639080e-01 3.479375e+00
142 1.530084e-04 1.164772e-01 3.487285e+00
143 1.158275e-04 2.429988e-01 3.543016e+00
144 1.303643e-04 1.255034e-01 3.487990e+00
145 1.313542e-04 7.593925e-03 3.647641e+00
146 1.513894e-04 1.525279e-01 3.767518e+00
147 1.504934e-04 5.918721e-03 3.784318e+00
148 1.373785e-04 8.714569e-02 3.727227e+00
149 1.294496e-04 5.771598e-02 3.487746e+00
150 1.155934e-04 1.070396e-01 3.824541e+00
151 1.089053e-04 5.785891e-02 3.831246e+00
152 1.276423e-04 1.720494e-01 3.869730e+00
153 1.153812e-04 9.605829e-02 3.671158e+00
154 9.584045e-05 1.693584e-01 3.648079e+00
155 8.046236e-05 1.604551e-01 3.799542e+00
156 9.171772e-05 1.398835e-01 3.712180e+00
157 8.247532e-05 1.007701e-01 3.727280e+00
158 7.167634e-05 1.309359e-01 3.512055e+00
159 6.709124e-05 6.396957e-02 3.527900e+00
160 9.886084e-05 4.735284e-01 3.487703e+00
161 8.214212e-05 1.691137e-01 3.655879e+00
162 5.971858e-05 2.729847e-01 3.766945e+00
163 5.650629e-05 5.379046e-02 3.735981e+00
164 6.550021e-05 1.591667e-01 3.711456e+00
165 7.437034e-05 1.354214e-01 3.727170e+00
166 5.058973e-05 3.197593e-01 3.600227e+00
167 5.426163e-05 7.258203e-02 3.671185e+00
168 5.428151e-05 3.663760e-04 3.696293e+00
169 4.922567e-05 9.314112e-02 3.743267e+00
170 3.516506e-05 2.856357e-01 3.735557e+00
171 4.869825e-05 3.848475e-01 3.687748e+00
172 3.717117e-05 2.367042e-01 3.759485e+00
173 4.137470e-05 1.130858e-01 3.672312e+00
174 3.414386e-05 1.747647e-01 3.903196e+00
175 3.081828e-05 9.739909e-02 4.005044e+00
176 3.109925e-05 9.117003e-03 3.712122e+00
177 3.116444e-05 2.096102e-03 3.678878e+00
178 2.162760e-05 3.060166e-01 3.759632e+00
179 1.987085e-05 8.122739e-02 3.583237e+00
180 2.490258e-05 2.532217e-01 3.495749e+00
181 3.272193e-05 3.139976e-01 3.559911e+00
182 2.697476e-05 1.756366e-01 3.448224e+00
183 3.103534e-05 1.505324e-01 3.615268e+00
184 2.090469e-05 3.264230e-01 3.679812e+00
185 2.166253e-05 3.625226e-02 3.831877e+00
186 1.731693e-05 2.006043e-01 3.847534e+00
187 1.547587e-05 1.063159e-01 4.284746e+00
188 1.813093e-05 1.715617e-01 3.792116e+00
189 1.499530e-05 1.729442e-01 3.695118e+00
190 1.415139e-05 5.627810e-02 3.663822e+00
191 1.313613e-05 7.174291e-02 3.767717e+00
192 1.140126e-05 1.320684e-01 3.824273e+00
193 1.266182e-05 1.105634e-01 3.719394e+00
194 1.192663e-05 5.806388e-02 3.631511e+00
195 8.573829e-06 2.811187e-01 3.680112e+00
196 1.084335e-05 2.647030e-01 3.694996e+00
197 9.139676e-06 1.571167e-01 3.832304e+00
198 9.010807e-06 1.409995e-02 3.983181e+00
199 8.993259e-06 1.947395e-03 3.776392e+00
200 9.014091e-06 2.316453e-03 3.798901e+00
201 8.031400e-06 1.090173e-01 3.656221e+00
202 8.061936e-06 3.802187e-03 3.767116e+00
203 6.814815e-06 1.546926e-01 3.719759e+00
204 6.628768e-06 2.730029e-02 3.704013e+00
205 5.392455e-06 1.865072e-01 3.807688e+00
206 5.577206e-06 3.426089e-02 3.751459e+00
207 5.561490e-06 2.817756e-03 3.712164e+00
208 6.006391e-06 7.999660e-02 4.219184e+00
209 5.087285e-06 1.530213e-01 4.622343e+00
210 4.757516e-06 6.482232e-02 3.711935e+00
211 4.460937e-06 6.233906e-02 3.694706e+00
212 4.087818e-06 8.364138e-02 3.703919e+00
213 4.311510e-06 5.472167e-02 3.767437e+00
214 4.167544e-06 3.339108e-02 3.735599e+00
215 3.490396e-06 1.624814e-01 3.775615e+00
216 4.977122e-06 4.259478e-01 3.551925e+00
217 4.125758e-06 1.710555e-01 3.584162e+00
218 4.598502e-06 1.145835e-01 3.463586e+00
219 3.688753e-06 1.978360e-01 3.543797e+00
220 3.438298e-06 6.789682e-02 3.495728e+00
221 3.673505e-06 6.840809e-02 3.431389e+00
222 2.706799e-06 2.631564e-01 3.463660e+00
223 2.904650e-06 7.309435e-02 3.552203e+00
224 2.150248e-06 2.597222e-01 3.495271e+00
225 2.695967e-06 2.537935e-01 3.432191e+00
226 2.271106e-06 1.575914e-01 3.527535e+00
227 2.453371e-06 8.025412e-02 3.575225e+00
228 2.073789e-06 1.547186e-01 3.816053e+00
229 2.033901e-06 1.923457e-02 3.638634e+00
230 2.376837e-06 1.686103e-01 3.487738e+00
231 2.171833e-06 8.625078e-02 3.776154e+00
232 2.128921e-06 1.975845e-02 3.900783e+00
233 2.166384e-06 1.759691e-02 3.727515e+00
234 1.977647e-06 8.712070e-02 3.679426e+00
235 1.834440e-06 7.241295e-02 3.615913e+00
236 1.460364e-06 2.039185e-01 3.671994e+00
237 1.453595e-06 4.634940e-03 3.615854e+00
238 1.374199e-06 5.462068e-02 3.591644e+00
239 1.145680e-06 1.662924e-01 3.599298e+00
240 1.075754e-06 6.103467e-02 3.640357e+00
241 1.213487e-06 1.280345e-01 3.703720e+00
242 1.103121e-06 9.094914e-02 3.671345e+00
243 8.650448e-07 2.158208e-01 3.703691e+00
244 7.621630e-07 1.189324e-01 3.647421e+00
245 7.820274e-07 2.606315e-02 3.624250e+00
246 6.737393e-07 1.384709e-01 3.727679e+00
247 9.351790e-07 3.880428e-01 3.663724e+00
248 9.869924e-07 5.540478e-02 3.999050e+00
249 7.487106e-07 2.414221e-01 3.864347e+00
250 8.628524e-07 1.524512e-01 3.945880e+00
251 6.130305e-07 2.895302e-01 3.600136e+00
252 6.602394e-07 7.700893e-02 3.663993e+00
253 5.919854e-07 1.033776e-01 3.688054e+00
254 6.252582e-07 5.620538e-02 3.735448e+00
255 5.384645e-07 1.388126e-01 3.672315e+00
256 5.207797e-07 3.284302e-02 3.679054e+00
257 5.030629e-07 3.401966e-02 3.783222e+00
258 4.115662e-07 1.818793e-01 3.807828e+00
259 3.982751e-07 3.229400e-02 3.719886e+00
260 4.308531e-07 8.179770e-02 3.895809e+00
261 3.319337e-07 2.295895e-01 4.087547e+00
262 2.764376e-07 1.671905e-01 3.695206e+00
263 5.174614e-07 8.718925e-01 3.616223e+00
264 3.514057e-07 3.209045e-01 3.615742e+00
265 4.480628e-07 2.750582e-01 3.615529e+00
266 2.999100e-07 3.306519e-01 3.695865e+00
267 3.499020e-07 1.666900e-01 3.647421e+00
268 3.124949e-07 1.069072e-01 3.904136e+00
269 3.153452e-07 9.120996e-03 3.704354e+00
270 2.807844e-07 1.095967e-01 3.703944e+00
271 2.369222e-07 1.562132e-01 4.231405e+00
272 2.857825e-07 2.062294e-01 3.686433e+00
273 2.468252e-07 1.363179e-01 3.774618e+00
274 2.395253e-07 2.957509e-02 3.687989e+00
275 2.178241e-07 9.060085e-02 3.791183e+00
276 1.765758e-07 1.893652e-01 3.735254e+00
277 1.766885e-07 6.380356e-04 3.615720e+00
278 1.563568e-07 1.150707e-01 3.487630e+00
279 1.595601e-07 2.048729e-02 3.608000e+00
280 1.453936e-07 8.878522e-02 3.712146e+00
281 1.447616e-07 4.346755e-03 3.654357e+00
282 1.481690e-07 2.353833e-02 3.727455e+00
283 1.458938e-07 1.535568e-02 3.728221e+00
284 1.261812e-07 1.351158e-01 3.432094e+00
285 9.348530e-08 2.591188e-01 3.429312e+00
286 1.154991e-07 2.354783e-01 3.415878e+00
287 1.087438e-07 5.848763e-02 3.471969e+00
288 1.060481e-07 2.478930e-02 3.463216e+00
289 9.627947e-08 9.211517e-02 3.456348e+00
290 9.108718e-08 5.392938e-02 3.487728e+00
291 7.734378e-08 1.508818e-01 3.583812e+00
292 8.187848e-08 5.863041e-02 3.710222e+00
293 8.902119e-08 8.723546e-02 3.599525e+00
294 7.252449e-08 1.853120e-01 3.710889e+00
295 7.703245e-08 6.215768e-02 3.463739e+00
296 5.973266e-08 2.245780e-01 3.671431e+00
297 5.487704e-08 8.128915e-02 3.743212e+00
298 5.601926e-08 2.081418e-02 3.464611e+00
299 7.593248e-08 3.554710e-01 3.399777e+00
300 7.187987e-08 5.337123e-02 3.526917e+00
301 5.616806e-08 2.185843e-01 3.632239e+00
302 5.830088e-08 3.797201e-02 3.648142e+00
303 5.324773e-08 8.667364e-02 3.710162e+00
304 5.057862e-08 5.012629e-02 3.816254e+00
305 4.185139e-08 1.725477e-01 3.671511e+00
306 4.093552e-08 2.188384e-02 3.720251e+00
307 3.769961e-08 7.904903e-02 3.815646e+00
308 4.028830e-08 6.866616e-02 3.775103e+00
309 3.654997e-08 9.278936e-02 3.712244e+00
310 3.706065e-08 1.397194e-02 3.623650e+00
311 2.763959e-08 2.542065e-01 3.559901e+00
312 2.556327e-08 7.512143e-02 3.576646e+00
313 2.988046e-08 1.688829e-01 3.663538e+00
314 2.963523e-08 8.207267e-03 3.823007e+00
315 3.017055e-08 1.806393e-02 3.576575e+00
316 2.771637e-08 8.134363e-02 3.711753e+00
317 2.528789e-08 8.761920e-02 3.392487e+00
318 2.429632e-08 3.921097e-02 3.551573e+00
319 2.137303e-08 1.203183e-01 3.463654e+00
320 2.343935e-08 9.667884e-02 3.503427e+00
321 2.231159e-08 4.811406e-02 3.773644e+00
322 2.663010e-08 1.935545e-01 3.431689e+00
323 2.784265e-08 4.553304e-02 3.607446e+00
324 1.978385e-08 2.894407e-01 3.687838e+00
325 1.965570e-08 6.477283e-03 3.759624e+00
326 1.858433e-08 5.450684e-02 3.679469e+00
327 1.754251e-08 5.605923e-02 3.616258e+00
328 1.927411e-08 9.870869e-02 3.735721e+00
329 1.880638e-08 2.426726e-02 3.550083e+00
330 1.633543e-08 1.313889e-01 3.592486e+00
331 1.218367e-08 2.541568e-01 3.503623e+00
332 1.401257e-08 1.501104e-01 3.239929e+00
333 1.136970e-08 1.886067e-01 3.231685e+00
334 1.199431e-08 5.493654e-02 3.254956e+00
335 8.581192e-09 2.845617e-01 3.512594e+00
336 1.320185e-08 5.384640e-01 3.199473e+00
337 1.141992e-08 1.349758e-01 3.151157e+00
338 9.807433e-09 1.411998e-01 3.239741e+00
339 9.412355e-09 4.028353e-02 3.368070e+00
340 7.973329e-09 1.528869e-01 3.279699e+00
341 7.803646e-09 2.128137e-02 3.375562e+00
342 7.421267e-09 4.900003e-02 3.471754e+00
343 7.635552e-09 2.887439e-02 3.676123e+00
344 6.743342e-09 1.168494e-01 3.510553e+00
345 7.968515e-09 1.816862e-01 3.504380e+00
346 6.321281e-09 2.067178e-01 3.469780e+00
347 7.056217e-09 1.162639e-01 3.479763e+00
348 6.360556e-09 9.858842e-02 3.429281e+00
349 5.505593e-09 1.344163e-01 3.390178e+00
350 5.505591e-09 3.428112e-07 3.519693e+00
351 6.098981e-09 1.077794e-01 3.432009e+00
352 4.891250e-09 1.980217e-01 3.431173e+00
353 4.729963e-09 3.297466e-02 3.550350e+00
354 3.580994e-09 2.429129e-01 3.704574e+00
355 3.194620e-09 1.078958e-01 3.887546e+00
356 4.387855e-09 3.735142e-01 3.455601e+00
357 3.603820e-09 1.786831e-01 3.560030e+00
358 2.902733e-09 1.945400e-01 3.439341e+00
359 2.992916e-09 3.106834e-02 3.399532e+00
360 2.312925e-09 2.272001e-01 3.424445e+00
361 3.394373e-09 4.675673e-01 3.367673e+00
362 2.468142e-09 2.728726e-01 3.399608e+00
363 2.452712e-09 6.251528e-03 3.327741e+00
364 2.323875e-09 5.252859e-02 3.303668e+00
365 1.970313e-09 1.521430e-01 3.703301e+00
366 2.009486e-09 1.988150e-02 3.496442e+00
367 1.502275e-09 2.524083e-01 3.472439e+00
368 1.156614e-09 2.300918e-01 3.440303e+00
369 1.207314e-09 4.383466e-02 3.327214e+00
370 1.199632e-09 6.362583e-03 3.271979e+00
371 1.088656e-09 9.250809e-02 3.160131e+00
372 6.825077e-10 3.730733e-01 3.231425e+00
373 9.252747e-10 3.556986e-01 3.279504e+00
374 9.168678e-10 9.085887e-03 3.327886e+00
375 7.966722e-10 1.310937e-01 3.735422e+00
376 9.069799e-10 1.384607e-01 3.448027e+00
377 8.269303e-10 8.825954e-02 3.320222e+00
378 7.158000e-10 1.343890e-01 3.309883e+00
379 9.879554e-10 3.802115e-01 3.176011e+00
380 6.775643e-10 3.141752e-01 3.199402e+00
381 5.614317e-10 1.713972e-01 3.310420e+00
382 7.249100e-10 2.911812e-01 3.486677e+00
383 7.386372e-10 1.893632e-02 3.654053e+00
384 6.247759e-10 1.541505e-01 3.288187e+00
385 5.766464e-10 7.703482e-02 3.303706e+00
386 6.851115e-10 1.880964e-01 3.311857e+00
387 7.147242e-10 4.322310e-02 3.391282e+00
388 5.348960e-10 2.516050e-01 3.208570e+00
389 6.026981e-10 1.267575e-01 3.223492e+00
390 5.451094e-10 9.555150e-02 3.263856e+00
391 5.195232e-10 4.693773e-02 3.279665e+00
392 5.263049e-10 1.305367e-02 3.159463e+00
393 4.572889e-10 1.311331e-01 3.232126e+00
394 3.806764e-10 1.675363e-01 3.687590e+00
395 4.233633e-10 1.121345e-01 3.463684e+00
396 3.518633e-10 1.688857e-01 3.303473e+00
397 3.706584e-10 5.341585e-02 2.959634e+00
398 2.951110e-10 2.038193e-01 3.335874e+00
399 3.922869e-10 3.292856e-01 3.335039e+00
400 3.437394e-10 1.237551e-01 3.344555e+00
401 2.863230e-10 1.670347e-01 3.312547e+00
402 2.579360e-10 9.914315e-02 3.479832e+00
403 2.552394e-10 1.045461e-02 3.343920e+00
404 2.485508e-10 2.620496e-02 3.222850e+00
405 2.084104e-10 1.614979e-01 3.376619e+00
406 2.347874e-10 1.265628e-01 3.559778e+00
407 2.089912e-10 1.098707e-01 3.271417e+00
408 2.020389e-10 3.326560e-02 3.192113e+00
409 1.956093e-10 3.182374e-02 3.478392e+00
410 1.538166e-10 2.136538e-01 3.167053e+00
411 1.667652e-10 8.418161e-02 3.152432e+00
412 1.370840e-10 1.779817e-01 3.215517e+00
413 1.561221e-10 1.388791e-01 3.303484e+00
414 1.425675e-10 8.682051e-02 3.087951e+00
415 1.327419e-10 6.891882e-02 3.112061e+00
416 1.354182e-10 2.016171e-02 3.167364e+00
417 1.093237e-10 1.926961e-01 3.319754e+00
418 1.176723e-10 7.636641e-02 3.184410e+00
419 1.078088e-10 8.382222e-02 3.223334e+00
420 1.011033e-10 6.219730e-02 3.351482e+00
421 8.454559e-11 1.637706e-01 3.489372e+00
