1 9.888372e-01 1.000000e+00 4.326571e+00
2 9.480819e-01 4.121541e-02 4.031825e+00
3 9.076525e-01 4.264337e-02 3.866058e+00
4 8.680653e-01 4.361485e-02 3.730432e+00
5 7.808407e-01 1.004816e-01 3.720098e+00
6 7.217922e-01 7.562175e-02 3.669317e+00
7 6.718322e-01 6.921653e-02 3.663632e+00
8 6.490289e-01 3.394202e-02 4.229919e+00
9 6.236500e-01 3.910286e-02 4.594026e+00
10 6.090126e-01 2.347055e-02 4.656858e+00
11 5.961877e-01 2.105842e-02 4.097688e+00
12 5.702053e-01 4.358094e-02 4.089705e+00
13 5.569635e-01 2.322286e-02 4.070804e+00
14 5.443388e-01 2.266702e-02 4.219312e+00
15 5.360828e-01 1.516709e-02 3.966237e+00
16 5.401135e-01 7.518861e-03 4.249751e+00
17 5.294650e-01 1.971539e-02 3.808913e+00
18 5.246139e-01 9.162263e-03 4.140498e+00
19 5.293829e-01 9.090483e-03 4.141430e+00
20 5.147229e-01 2.769251e-02 4.142979e+00
21 5.098062e-01 9.552076e-03 4.413939e+00
22 5.066120e-01 6.265534e-03 4.317442e+00
23 5.094742e-01 5.649533e-03 4.110665e+00
24 5.029027e-01 1.289849e-02 3.897892e+00
25 5.031863e-01 5.638684e-04 3.839052e+00
26 5.014227e-01 3.504907e-03 3.922206e+00
27 4.990670e-01 4.697986e-03 4.054281e+00
28 5.004489e-01 2.769091e-03 4.004655e+00
29 4.999316e-01 1.033854e-03 4.271118e+00
30 4.993668e-01 1.129678e-03 4.086819e+00
31 4.979301e-01 2.876988e-03 4.637372e+00
32 4.994470e-01 3.046409e-03 3.987052e+00
33 4.974986e-01 3.901236e-03 4.183222e+00
34 4.971301e-01 7.405550e-04 4.428376e+00
35 4.957934e-01 2.688811e-03 3.839841e+00
36 4.964018e-01 1.227118e-03 3.877150e+00
37 4.943838e-01 4.065444e-03 3.934408e+00
38 4.945914e-01 4.199734e-04 3.648756e+00
39 4.937729e-01 1.654923e-03 3.734961e+00
40 4.938799e-01 2.166690e-04 4.326742e+00
41 4.934691e-01 8.317683e-04 3.734253e+00
42 4.931613e-01 6.237238e-04 3.702120e+00
43 4.925943e-01 1.149581e-03 4.091125e+00
44 4.912449e-01 2.739389e-03 3.679558e+00
45 4.890954e-01 4.375611e-03 3.748092e+00
46 4.884684e-01 1.281948e-03 3.784281e+00
47 4.892800e-01 1.661390e-03 3.759657e+00
48 4.893094e-01 6.014965e-05 3.711648e+00
49 4.885353e-01 1.581975e-03 3.739303e+00
50 4.873375e-01 2.451969e-03 3.765382e+00
51 4.864322e-01 1.857569e-03 3.682374e+00
52 4.871541e-01 1.484114e-03 3.682215e+00
53 4.865853e-01 1.167635e-03 3.750189e+00
54 4.873325e-01 1.535525e-03 3.632440e+00
55 4.860541e-01 2.623135e-03 3.720891e+00
56 4.341725e-01 1.067405e-01 3.761861e+00
57 3.665937e-01 1.556496e-01 3.791268e+00
58 3.630956e-01 9.542155e-03 3.805448e+00
59 3.615182e-01 4.344411e-03 3.771325e+00
60 3.608161e-01 1.942093e-03 3.878911e+00
61 3.629066e-01 5.793911e-03 3.732590e+00
62 3.597416e-01 8.721234e-03 3.727690e+00
63 3.265916e-01 9.214942e-02 4.158244e+00
64 2.448242e-01 2.503659e-01 3.853138e+00
65 2.389765e-01 2.388542e-02 3.759593e+00
66 2.390678e-01 3.821875e-04 3.839015e+00
67 2.382286e-01 3.510200e-03 3.790846e+00
68 2.377768e-01 1.896789e-03 3.679395e+00
69 2.374947e-01 1.186127e-03 3.720191e+00
70 2.399865e-01 1.049178e-02 3.725938e+00
71 2.269787e-01 5.420231e-02 3.875171e+00
72 2.232259e-01 1.653334e-02 3.907775e+00
73 1.835035e-01 1.779474e-01 3.844526e+00
74 1.636886e-01 1.079811e-01 4.020410e+00
75 1.469767e-01 1.020953e-01 3.984059e+00
76 1.352023e-01 8.011093e-02 3.846817e+00
77 1.268196e-01 6.200075e-02 3.856409e+00
78 9.873064e-02 2.214878e-01 3.783016e+00
79 8.868889e-02 1.017085e-01 3.799731e+00
80 8.539047e-02 3.719096e-02 3.759822e+00
81 8.671419e-02 1.550194e-02 3.863320e+00
82 8.386327e-02 3.287723e-02 3.736363e+00
83 7.541257e-02 1.007676e-01 3.941266e+00
84 7.089023e-02 5.996800e-02 3.885402e+00
85 6.955273e-02 1.886722e-02 3.837526e+00
86 5.394925e-02 2.243403e-01 3.892087e+00
87 4.090205e-02 2.418421e-01 3.949563e+00
88 3.228074e-02 2.107795e-01 3.988504e+00
89 3.230258e-02 6.767145e-04 4.045769e+00
90 2.247975e-02 3.040880e-01 3.925160e+00
91 2.586388e-02 1.505412e-01 3.967556e+00
92 1.932466e-02 2.528323e-01 3.941308e+00
93 1.828758e-02 5.366583e-02 3.897065e+00
94 1.464066e-02 1.994211e-01 3.924533e+00
95 1.276928e-02 1.278206e-01 4.170236e+00
96 1.100029e-02 1.385350e-01 4.090517e+00
97 1.170348e-02 6.392539e-02 3.996245e+00
98 1.134186e-02 3.089850e-02 3.944295e+00
99 1.120550e-02 1.202343e-02 4.125168e+00
100 9.054709e-03 1.919404e-01 3.986129e+00
101 7.971521e-03 1.196270e-01 4.009372e+00
102 9.743152e-03 2.222451e-01 3.887312e+00
103 8.334385e-03 1.445906e-01 4.096943e+00
104 7.160530e-03 1.408447e-01 4.339011e+00
105 6.853157e-03 4.292610e-02 4.285741e+00
106 6.494105e-03 5.239217e-02 3.836471e+00
107 7.361212e-03 1.335221e-01 3.991737e+00
108 7.104385e-03 3.488915e-02 3.909072e+00
109 7.335947e-03 3.259422e-02 3.821426e+00
110 6.113951e-03 1.665765e-01 3.804460e+00
111 5.952625e-03 2.638650e-02 3.758099e+00
112 6.789838e-03 1.406461e-01 3.734581e+00
113 8.082369e-03 1.903625e-01 3.701789e+00
114 5.525819e-03 3.163120e-01 3.663161e+00
115 5.657198e-03 2.377549e-02 3.836891e+00
116 5.491108e-03 2.935896e-02 3.636572e+00
117 5.559048e-03 1.237261e-02 3.625205e+00
118 5.319169e-03 4.315097e-02 3.725391e+00
119 4.581694e-03 1.386449e-01 3.773438e+00
120 5.048830e-03 1.019571e-01 3.785190e+00
121 4.801815e-03 4.892517e-02 3.770055e+00
122 4.367186e-03 9.051359e-02 3.714946e+00
123 3.884321e-03 1.105666e-01 3.704578e+00
124 5.647394e-03 4.538948e-01 3.665560e+00
125 4.155092e-03 2.642461e-01 3.797870e+00
126 4.022031e-03 3.202368e-02 3.780971e+00
127 4.575784e-03 1.376800e-01 3.651819e+00
128 3.886281e-03 1.506851e-01 3.745537e+00
129 3.793276e-03 2.393173e-02 3.719788e+00
130 4.460790e-03 1.759729e-01 3.638336e+00
131 4.044446e-03 9.333407e-02 3.682051e+00
132 3.343464e-03 1.733197e-01 3.712965e+00
133 3.470999e-03 3.814479e-02 3.820162e+00
134 3.315055e-03 4.492795e-02 3.861860e+00
135 3.065036e-03 7.541902e-02 3.829036e+00
136 3.199332e-03 4.381533e-02 3.748670e+00
137 3.270237e-03 2.216234e-02 4.286467e+00
138 3.058320e-03 6.480149e-02 3.855317e+00
139 3.650407e-03 1.935987e-01 3.757000e+00
140 3.245028e-03 1.110505e-01 3.741608e+00
141 3.019727e-03 6.942968e-02 3.847013e+00
142 2.813915e-03 6.815564e-02 3.783632e+00
143 2.513021e-03 1.069310e-01 3.820467e+00
144 2.464719e-03 1.922056e-02 3.774452e+00
145 2.430069e-03 1.405830e-02 3.794327e+00
146 2.497810e-03 2.787594e-02 3.828309e+00
147 2.431965e-03 2.636095e-02 4.177156e+00
148 2.617769e-03 7.640088e-02 3.790875e+00
149 2.468116e-03 5.716840e-02 3.717679e+00
150 2.256720e-03 8.565046e-02 3.714562e+00
151 2.293970e-03 1.650593e-02 3.847720e+00
152 1.972601e-03 1.400927e-01 3.860617e+00
153 2.139155e-03 8.443384e-02 3.713670e+00
154 2.012904e-03 5.901910e-02 3.705876e+00
155 1.965559e-03 2.352103e-02 3.736178e+00
156 1.200824e-03 3.890676e-01 3.717418e+00
157 1.011922e-03 1.573100e-01 3.750813e+00
158 9.238715e-04 8.701322e-02 3.777882e+00
159 1.033102e-03 1.182312e-01 3.701523e+00
160 1.221975e-03 1.828213e-01 3.735201e+00
161 9.934573e-04 1.870068e-01 3.787448e+00
162 7.125014e-04 2.828062e-01 3.787454e+00
163 5.262916e-04 2.613465e-01 3.837906e+00
164 4.189407e-04 2.039761e-01 3.780497e+00
165 6.478966e-04 5.465113e-01 3.807370e+00
166 4.007577e-04 3.814480e-01 3.789866e+00
167 3.384291e-04 1.555269e-01 3.710863e+00
168 4.442023e-04 3.125415e-01 3.804154e+00
169 4.063801e-04 8.514624e-02 3.756022e+00
170 2.614165e-04 3.567192e-01 3.690893e+00
171 2.749420e-04 5.173931e-02 3.811472e+00
172 2.455907e-04 1.067548e-01 3.822063e+00
173 2.746160e-04 1.181857e-01 3.862014e+00
174 2.722987e-04 8.438327e-03 3.730633e+00
175 2.152675e-04 2.094433e-01 3.777203e+00
176 1.764943e-04 1.801166e-01 3.714258e+00
177 2.930899e-04 6.606198e-01 3.737837e+00
178 1.839200e-04 3.724792e-01 3.748680e+00
179 2.322921e-04 2.630061e-01 3.774440e+00
180 1.396055e-04 3.990088e-01 3.846426e+00
181 1.788832e-04 2.813475e-01 3.807746e+00
182 1.804130e-04 8.552114e-03 3.709440e+00
183 2.088691e-04 1.577273e-01 3.535499e+00
184 1.305629e-04 3.749052e-01 3.717135e+00
185 1.230929e-04 5.721400e-02 3.831144e+00
186 1.497371e-04 2.164556e-01 3.731352e+00
187 9.723398e-05 3.506352e-01 3.782268e+00
188 1.049063e-04 7.890537e-02 3.930466e+00
189 1.533742e-04 4.620123e-01 3.548742e+00
190 1.124741e-04 2.666688e-01 3.759957e+00
191 1.017091e-04 9.571103e-02 3.741247e+00
192 9.311644e-05 8.448283e-02 3.820450e+00
193 8.492134e-05 8.800917e-02 3.734748e+00
194 7.640926e-05 1.002349e-01 3.705315e+00
195 8.527592e-05 1.160418e-01 3.709013e+00
196 7.066117e-05 1.713820e-01 3.710403e+00
197 4.622440e-05 3.458303e-01 3.808445e+00
198 4.419414e-05 4.392181e-02 3.768968e+00
199 3.680514e-05 1.671941e-01 3.754516e+00
200 3.996352e-05 8.581374e-02 3.755462e+00
201 3.258678e-05 1.845868e-01 3.854301e+00
202 3.824930e-05 1.737672e-01 3.698764e+00
203 2.252045e-05 4.112193e-01 3.798157e+00
204 3.445967e-05 5.301501e-01 3.964317e+00
205 2.355132e-05 3.165540e-01 3.796370e+00
206 3.180492e-05 3.504514e-01 3.761526e+00
207 2.057332e-05 3.531404e-01 4.017762e+00
208 2.619881e-05 2.734367e-01 3.690969e+00
209 1.880622e-05 2.821728e-01 3.737080e+00
210 2.574146e-05 3.687734e-01 3.787146e+00
211 1.892251e-05 2.649014e-01 3.717549e+00
212 2.406193e-05 2.716037e-01 3.670002e+00
213 1.773569e-05 2.629150e-01 3.872834e+00
214 3.136663e-05 7.685598e-01 3.892349e+00
215 3.009411e-05 4.056905e-02 4.410630e+00
216 3.365161e-05 1.182123e-01 4.757135e+00
217 1.682676e-05 4.999716e-01 4.320544e+00
218 3.182999e-05 8.916293e-01 3.941517e+00
219 2.825128e-05 1.124320e-01 3.867038e+00
220 3.488976e-05 2.349799e-01 3.767777e+00
221 2.737589e-05 2.153605e-01 4.105819e+00
222 3.047407e-05 1.131720e-01 3.962706e+00
223 1.725264e-05 4.338582e-01 3.693213e+00
224 4.092736e-05 1.372237e+00 3.717859e+00
225 1.668941e-05 5.922187e-01 3.730694e+00
226 2.915789e-05 7.470889e-01 3.749846e+00
227 1.815635e-05 3.773091e-01 3.958296e+00
228 3.435756e-05 8.923162e-01 4.292350e+00
229 1.422755e-05 5.858974e-01 3.995708e+00
230 2.969691e-05 1.087281e+00 3.701452e+00
231 2.039110e-05 3.133595e-01 3.751927e+00
232 1.731041e-05 1.510803e-01 3.772853e+00
233 2.574286e-05 4.871324e-01 3.742324e+00
234 1.999674e-05 2.232124e-01 3.659833e+00
235 2.731102e-05 3.657740e-01 3.853516e+00
236 6.760394e-06 7.524665e-01 3.792587e+00
237 3.138729e-05 3.642820e+00 3.761025e+00
238 1.302520e-05 5.850169e-01 3.715493e+00
239 2.195007e-05 6.852011e-01 3.712822e+00
240 2.262058e-05 3.054679e-02 3.643298e+00
241 1.262712e-05 4.417861e-01 3.544424e+00
242 2.781787e-05 1.203025e+00 3.594919e+00
243 1.065433e-05 6.169970e-01 3.560605e+00
244 2.184482e-05 1.050324e+00 3.597163e+00
245 1.031424e-05 5.278404e-01 3.532473e+00
246 4.129836e-05 3.004013e+00 3.619682e+00
247 2.842786e-05 3.116469e-01 3.589811e+00
248 2.317022e-05 1.849465e-01 3.612442e+00
249 2.034879e-05 1.217696e-01 3.717271e+00
250 1.835125e-05 9.816529e-02 3.659203e+00
251 1.580193e-05 1.389179e-01 3.676279e+00
252 1.782294e-05 1.278963e-01 3.737676e+00
253 2.603630e-05 4.608307e-01 3.764499e+00
254 7.502746e-06 7.118352e-01 3.798516e+00
255 1.470685e-05 9.601953e-01 3.759207e+00
256 5.929454e-06 5.968236e-01 3.702579e+00
257 2.164464e-05 2.650360e+00 3.812467e+00
258 1.498338e-05 3.077557e-01 3.805864e+00
259 1.994760e-05 3.313149e-01 3.756869e+00
260 1.013040e-05 4.921495e-01 3.893249e+00
261 1.863154e-05 8.391720e-01 3.884462e+00
262 9.882803e-06 4.695661e-01 3.720503e+00
263 2.250457e-05 1.277145e+00 3.764745e+00
264 8.590035e-06 6.182982e-01 3.735183e+00
265 6.029297e-06 2.981057e-01 3.618899e+00
266 9.174070e-06 5.215820e-01 3.744124e+00
267 7.788859e-06 1.509920e-01 3.858950e+00
268 8.814440e-06 1.316728e-01 4.427401e+00
269 9.147718e-06 3.781050e-02 3.805725e+00
270 1.220347e-05 3.340453e-01 3.806513e+00
271 5.098192e-06 5.822342e-01 3.630156e+00
272 6.937713e-06 3.608183e-01 3.684121e+00
273 8.967745e-06 2.926083e-01 3.742515e+00
274 6.741073e-06 2.482979e-01 3.870735e+00
275 9.471674e-06 4.050692e-01 3.877734e+00
276 7.470246e-06 2.113066e-01 3.783397e+00
277 6.333740e-06 1.521377e-01 3.822718e+00
278 7.492364e-06 1.829289e-01 3.870185e+00
279 6.495837e-06 1.330058e-01 3.943067e+00
280 6.636070e-06 2.158816e-02 3.642937e+00
281 4.287309e-06 3.539386e-01 3.739733e+00
282 4.211768e-06 1.761950e-02 3.707777e+00
283 4.963637e-06 1.785161e-01 3.775990e+00
284 9.129212e-06 8.392184e-01 3.691003e+00
285 2.328661e-06 7.449221e-01 3.782017e+00
286 4.050200e-06 7.392829e-01 3.699378e+00
287 3.181168e-06 2.145651e-01 3.692018e+00
288 5.139968e-06 6.157487e-01 3.719457e+00
289 3.366499e-06 3.450351e-01 3.940620e+00
290 3.061614e-06 9.056423e-02 3.913281e+00
291 3.460664e-06 1.303397e-01 3.764323e+00
292 7.138195e-06 1.062666e+00 3.721251e+00
293 1.902237e-06 7.335129e-01 3.679725e+00
294 3.053040e-06 6.049737e-01 3.622856e+00
295 2.409111e-06 2.109141e-01 3.821320e+00
296 4.837860e-06 1.008151e+00 3.957444e+00
297 2.427431e-06 4.982428e-01 3.811108e+00
298 4.478222e-06 8.448404e-01 3.709308e+00
299 2.684779e-06 4.004811e-01 4.132817e+00
300 3.556338e-06 3.246296e-01 3.966224e+00
301 1.890473e-06 4.684213e-01 3.949929e+00
302 3.951918e-06 1.090438e+00 3.758282e+00
303 2.426262e-06 3.860545e-01 3.748317e+00
304 4.187668e-06 7.259748e-01 3.716588e+00
305 2.190506e-06 4.769150e-01 3.732246e+00
306 3.874386e-06 7.687171e-01 3.718640e+00
307 2.083480e-06 4.622426e-01 3.806383e+00
308 3.379886e-06 6.222309e-01 3.765442e+00
309 2.267128e-06 3.292294e-01 3.735853e+00
310 3.027994e-06 3.356082e-01 3.812578e+00
311 1.561740e-06 4.842330e-01 3.762105e+00
312 3.075191e-06 9.690805e-01 3.689660e+00
313 1.963671e-06 3.614475e-01 3.615702e+00
314 3.127516e-06 5.926886e-01 3.732086e+00
315 1.642293e-06 4.748891e-01 3.540069e+00
316 3.313230e-06 1.017442e+00 3.511881e+00
317 1.182464e-06 6.431086e-01 3.553692e+00
318 2.132461e-06 8.034053e-01 3.611884e+00
319 1.560371e-06 2.682768e-01 3.438759e+00
320 3.583298e-06 1.296440e+00 3.470740e+00
321 1.132954e-06 6.838238e-01 3.494457e+00
322 3.038289e-06 1.681742e+00 3.454314e+00
323 1.073197e-06 6.467760e-01 3.659734e+00
324 2.105336e-06 9.617429e-01 3.598198e+00
325 9.143425e-07 5.657023e-01 3.614457e+00
326 2.000615e-06 1.188036e+00 3.589424e+00
327 9.091077e-07 5.455858e-01 3.757122e+00
328 1.999312e-06 1.199202e+00 3.677780e+00
329 9.500092e-07 5.248318e-01 3.651256e+00
330 1.966704e-06 1.070195e+00 3.632590e+00
331 9.219595e-07 5.312159e-01 3.675591e+00
332 2.290805e-06 1.484713e+00 3.677431e+00
333 9.495369e-07 5.855008e-01 3.614448e+00
334 1.172096e-06 2.343870e-01 3.740483e+00
335 1.604694e-06 3.690806e-01 3.743358e+00
336 1.741515e-06 8.526271e-02 3.646031e+00
337 1.397090e-06 1.977729e-01 3.613047e+00
338 3.076071e-06 1.201770e+00 3.728301e+00
339 1.537725e-06 5.001008e-01 3.702666e+00
340 9.348979e-07 3.920254e-01 3.757212e+00
341 1.879742e-06 1.010639e+00 3.645600e+00
342 1.680825e-06 1.058219e-01 3.678956e+00
343 2.371565e-06 4.109531e-01 3.693946e+00
344 8.667567e-07 6.345211e-01 4.139386e+00
345 1.288213e-06 4.862449e-01 3.848133e+00
346 5.620531e-07 5.636954e-01 3.868932e+00
347 3.599728e-07 3.595395e-01 3.726272e+00
348 1.095046e-06 2.042024e+00 3.686930e+00
349 8.681197e-07 2.072300e-01 3.550996e+00
350 8.391680e-07 3.334984e-02 3.677897e+00
351 1.142884e-06 3.619255e-01 3.762990e+00
352 1.086806e-06 4.906720e-02 3.812571e+00
353 9.531582e-07 1.229732e-01 3.867886e+00
354 6.592051e-07 3.083991e-01 3.712666e+00
355 4.161360e-07 3.687306e-01 3.704338e+00
356 3.635647e-07 1.263321e-01 4.120549e+00
357 3.984156e-07 9.585901e-02 4.145734e+00
358 4.064422e-07 2.014623e-02 3.690316e+00
359 2.918721e-07 2.818853e-01 3.698056e+00
360 4.326191e-07 4.822214e-01 3.674856e+00
361 3.087807e-07 2.862529e-01 3.694929e+00
362 3.701063e-07 1.986057e-01 3.796244e+00
363 2.649169e-07 2.842140e-01 3.675461e+00
364 3.516096e-07 3.272447e-01 3.627275e+00
365 2.272990e-07 3.535470e-01 3.621948e+00
366 2.100796e-07 7.575673e-02 3.732571e+00
367 1.836605e-07 1.257578e-01 3.801696e+00
368 1.836544e-07 3.306118e-05 3.805579e+00
369 8.871934e-08 5.169223e-01 3.933662e+00
370 1.284858e-07 4.482272e-01 3.540089e+00
371 1.154842e-07 1.011911e-01 3.484859e+00
372 1.181895e-07 2.342577e-02 3.485500e+00
373 9.126214e-08 2.278318e-01 3.666360e+00
374 9.401203e-08 3.013173e-02 3.739426e+00
375 6.628007e-08 2.949831e-01 3.693545e+00
376 5.346377e-08 1.933658e-01 3.711643e+00
377 6.611813e-08 2.366902e-01 3.739858e+00
378 4.387030e-08 3.364861e-01 3.737346e+00
379 4.931466e-08 1.241014e-01 3.761946e+00
380 4.891568e-08 8.090429e-03 3.699770e+00
381 3.875148e-08 2.077904e-01 3.622735e+00
382 3.809298e-08 1.699289e-02 3.664239e+00
383 2.581426e-08 3.223356e-01 3.661333e+00
384 4.149979e-08 6.076309e-01 3.630263e+00
385 2.654734e-08 3.603019e-01 3.660883e+00
386 2.282778e-08 1.401106e-01 3.725673e+00
387 2.715219e-08 1.894364e-01 3.555770e+00
388 2.635982e-08 2.918265e-02 3.564731e+00
389 2.768846e-08 5.040419e-02 3.597855e+00
390 1.800559e-08 3.497080e-01 4.314477e+00
391 2.105867e-08 1.695630e-01 3.603022e+00
392 1.744016e-08 1.718296e-01 3.473483e+00
393 1.662898e-08 4.651214e-02 3.505494e+00
394 2.373408e-08 4.272716e-01 3.428720e+00
395 1.942554e-08 1.815338e-01 3.516037e+00
396 1.615097e-08 1.685703e-01 3.675527e+00
397 1.646822e-08 1.964282e-02 3.651699e+00
398 1.680998e-08 2.075294e-02 3.716739e+00
399 1.191086e-08 2.914415e-01 3.690723e+00
400 1.243593e-08 4.408338e-02 3.596093e+00
401 1.361312e-08 9.466055e-02 3.539429e+00
402 1.301224e-08 4.413968e-02 3.541081e+00
403 8.378511e-09 3.561055e-01 3.500960e+00
404 9.037524e-09 7.865510e-02 3.467663e+00
405 9.041896e-09 4.838041e-04 3.604276e+00
406 9.183229e-09 1.563091e-02 3.528421e+00
407 7.618080e-09 1.704356e-01 3.556569e+00
408 6.478736e-09 1.495578e-01 3.665794e+00
409 5.388020e-09 1.683532e-01 3.691233e+00
410 6.107665e-09 1.335638e-01 3.638086e+00
411 6.041639e-09 1.081033e-02 3.671467e+00
412 6.451073e-09 6.776878e-02 3.571367e+00
413 5.405703e-09 1.620460e-01 3.661860e+00
414 4.513287e-09 1.650880e-01 3.636918e+00
415 3.849338e-09 1.471098e-01 3.547270e+00
416 4.095644e-09 6.398649e-02 3.661963e+00
417 4.088884e-09 1.650489e-03 3.609455e+00
418 3.359895e-09 1.782855e-01 3.615483e+00
419 2.812518e-09 1.629149e-01 3.622300e+00
420 3.495720e-09 2.429149e-01 3.636973e+00
421 2.779699e-09 2.048280e-01 3.677831e+00
422 2.077422e-09 2.526450e-01 3.476878e+00
423 2.716392e-09 3.075782e-01 3.492292e+00
424 2.122953e-09 2.184658e-01 3.372245e+00
425 1.881276e-09 1.138400e-01 3.168514e+00
426 1.732167e-09 7.925981e-02 3.236842e+00
427 1.864174e-09 7.620928e-02 3.389626e+00
428 1.398372e-09 2.498705e-01 3.483673e+00
429 1.578428e-09 1.287616e-01 3.471443e+00
430 1.180209e-09 2.522886e-01 3.556237e+00
431 1.409573e-09 1.943417e-01 3.538041e+00
432 1.100940e-09 2.189547e-01 3.509507e+00
433 1.017687e-09 7.561997e-02 3.738233e+00
434 8.083605e-10 2.056887e-01 3.552574e+00
435 9.923390e-10 2.275946e-01 3.579533e+00
436 7.053382e-10 2.892164e-01 3.683611e+00
437 1.015817e-09 4.401845e-01 3.639464e+00
438 6.946219e-10 3.161940e-01 3.540990e+00
439 5.985311e-10 1.383354e-01 3.471558e+00
440 4.955726e-10 1.720187e-01 3.358977e+00
441 6.761096e-10 3.642999e-01 3.408275e+00
442 5.144702e-10 2.390727e-01 3.343909e+00
443 5.129905e-10 2.876173e-03 3.414353e+00
444 5.317055e-10 3.648200e-02 3.390885e+00
445 4.092453e-10 2.303158e-01 3.383775e+00
446 2.776140e-10 3.216439e-01 3.355381e+00
447 4.639974e-10 6.713758e-01 3.534061e+00
448 2.709566e-10 4.160386e-01 3.394401e+00
449 3.411510e-10 2.590614e-01 3.345421e+00
450 2.310158e-10 3.228343e-01 3.833300e+00
451 2.435810e-10 5.439145e-02 3.648488e+00
452 2.263302e-10 7.082188e-02 3.491990e+00
453 1.882881e-10 1.680824e-01 3.406389e+00
454 1.549285e-10 1.771729e-01 3.461851e+00
455 1.763766e-10 1.384385e-01 3.493728e+00
456 1.481842e-10 1.598417e-01 3.451842e+00
457 1.254197e-10 1.536234e-01 3.522646e+00
458 1.260236e-10 4.815523e-03 3.396169e+00
459 1.544719e-10 2.257374e-01 3.332689e+00
460 1.305472e-10 1.548802e-01 3.366483e+00
461 1.447205e-10 1.085677e-01 3.443801e+00
462 8.987233e-11 3.789936e-01 3.587016e+00
