1 9.929387e-01 1.000000e+00 1.965068e+00
2 9.865359e-01 6.448412e-03 2.098402e+00
3 9.735935e-01 1.311898e-02 2.061367e+00
4 9.505645e-01 2.365367e-02 2.081609e+00
5 8.921250e-01 6.147865e-02 2.212760e+00
6 8.293329e-01 7.038487e-02 2.218182e+00
7 7.493303e-01 9.646621e-02 2.018468e+00
8 6.277355e-01 1.622713e-01 1.999537e+00
9 4.967639e-01 2.086415e-01 1.962793e+00
10 4.588629e-01 7.629576e-02 2.002137e+00
11 4.285317e-01 6.610067e-02 2.021945e+00
12 3.307469e-01 2.281858e-01 2.037458e+00
13 2.891525e-01 1.257588e-01 1.934457e+00
14 2.182523e-01 2.452002e-01 1.964573e+00
15 1.770858e-01 1.886186e-01 1.988968e+00
16 1.422176e-01 1.969003e-01 1.919472e+00
17 1.228373e-01 1.362718e-01 1.949554e+00
18 1.148544e-01 6.498780e-02 1.953202e+00
19 9.687703e-02 1.565232e-01 1.892508e+00
20 9.476450e-02 2.180637e-02 1.904539e+00
21 9.198263e-02 2.935556e-02 1.973696e+00
22 8.590726e-02 6.604918e-02 1.984597e+00
23 8.759027e-02 1.959107e-02 1.967918e+00
24 6.882489e-02 2.142404e-01 1.894432e+00
25 6.781121e-02 1.472840e-02 1.914008e+00
26 7.127385e-02 5.106292e-02 1.953040e+00
27 6.229275e-02 1.260083e-01 1.917995e+00
28 5.707441e-02 8.377126e-02 1.954415e+00
29 5.839920e-02 2.321156e-02 1.844654e+00
30 5.044407e-02 1.362198e-01 2.009188e+00
31 5.227322e-02 3.626108e-02 2.031611e+00
32 4.445330e-02 1.495971e-01 2.113242e+00
33 4.046705e-02 8.967287e-02 1.903817e+00
34 3.899966e-02 3.626133e-02 1.899981e+00
35 3.511947e-02 9.949292e-02 1.947669e+00
36 3.749920e-02 6.776115e-02 1.929161e+00
37 3.562362e-02 5.001664e-02 1.958903e+00
38 2.987753e-02 1.613000e-01 1.929715e+00
39 2.752230e-02 7.882946e-02 1.879339e+00
40 2.240735e-02 1.858475e-01 1.935073e+00
41 2.292158e-02 2.294897e-02 1.823805e+00
42 2.027767e-02 1.153459e-01 1.883801e+00
43 1.686849e-02 1.681248e-01 1.955176e+00
44 1.567829e-02 7.055754e-02 1.914073e+00
45 1.563669e-02 2.652939e-03 2.068114e+00
46 1.513878e-02 3.184284e-02 1.943813e+00
47 1.637514e-02 8.166876e-02 1.874394e+00
48 1.570530e-02 4.090605e-02 1.794760e+00
49 1.227120e-02 2.186587e-01 1.794466e+00
50 1.393239e-02 1.353731e-01 1.789228e+00
51 1.098371e-02 2.116420e-01 1.794202e+00
52 1.361544e-02 2.396028e-01 1.744037e+00
53 1.017703e-02 2.525375e-01 1.734907e+00
54 1.119081e-02 9.961434e-02 1.749719e+00
55 1.012163e-02 9.554057e-02 1.750124e+00
56 1.066084e-02 5.327310e-02 1.807725e+00
57 7.241171e-03 3.207694e-01 1.740148e+00
58 1.021612e-02 4.108374e-01 1.918397e+00
59 7.172928e-03 2.978810e-01 2.013943e+00
60 9.199047e-03 2.824674e-01 1.827634e+00
61 5.904384e-03 3.581527e-01 1.813350e+00
62 7.184654e-03 2.168338e-01 1.824893e+00
63 5.539432e-03 2.289910e-01 1.773942e+00
64 6.581684e-03 1.881513e-01 1.874707e+00
65 5.080907e-03 2.280233e-01 1.824282e+00
66 7.195372e-03 4.161589e-01 1.714352e+00
67 4.181600e-03 4.188486e-01 1.735353e+00
68 5.755726e-03 3.764409e-01 1.804262e+00
69 4.351254e-03 2.440129e-01 1.794855e+00
70 5.356401e-03 2.310015e-01 1.808854e+00
71 5.419755e-03 1.182786e-02 1.793374e+00
72 4.068218e-03 2.493724e-01 1.805004e+00
73 5.240805e-03 2.882312e-01 1.783914e+00
74 3.969501e-03 2.425781e-01 1.780376e+00
75 2.470707e-03 3.775775e-01 1.762300e+00
76 2.556855e-03 3.486789e-02 1.802548e+00
77 2.900143e-03 1.342620e-01 1.799482e+00
78 2.136095e-03 2.634518e-01 1.771744e+00
79 1.672845e-03 2.168679e-01 1.821399e+00
80 1.576195e-03 5.777605e-02 1.790219e+00
81 1.715300e-03 8.825401e-02 1.768476e+00
82 1.230396e-03 2.826937e-01 1.808531e+00
83 1.077050e-03 1.246310e-01 1.807540e+00
84 1.373510e-03 2.752518e-01 1.759452e+00
85 1.333578e-03 2.907293e-02 1.833944e+00
86 1.481804e-03 1.111491e-01 1.739463e+00
87 1.051404e-03 2.904570e-01 1.829427e+00
88 9.967157e-04 5.201435e-02 1.727761e+00
89 1.065629e-03 6.914055e-02 1.800646e+00
90 7.895284e-04 2.590965e-01 1.797303e+00
91 9.303873e-04 1.784090e-01 1.737529e+00
92 9.231045e-04 7.827708e-03 1.785626e+00
93 8.871044e-04 3.899900e-02 1.807082e+00
94 7.646828e-04 1.380014e-01 1.809465e+00
95 7.849248e-04 2.647116e-02 1.745153e+00
96 4.847641e-04 3.824069e-01 1.818329e+00
97 5.343487e-04 1.022860e-01 1.878512e+00
98 5.936595e-04 1.109964e-01 1.902269e+00
99 4.071793e-04 3.141199e-01 1.739877e+00
100 4.957296e-04 2.174726e-01 1.778361e+00
101 3.104869e-04 3.736770e-01 1.759822e+00
102 3.479503e-04 1.206602e-01 1.756911e+00
103 2.171603e-04 3.758869e-01 1.725340e+00
104 3.329401e-04 5.331535e-01 1.739832e+00
105 1.914014e-04 4.251177e-01 1.614789e+00
106 1.968567e-04 2.850181e-02 1.303292e+00
107 1.583079e-04 1.958217e-01 1.292240e+00
108 1.354339e-04 1.444905e-01 1.359168e+00
109 1.182867e-04 1.266089e-01 1.303932e+00
110 9.675063e-05 1.820670e-01 1.304036e+00
111 9.498279e-05 1.827210e-02 1.367663e+00
112 9.422463e-05 7.982130e-03 1.395819e+00
113 1.101942e-04 1.694844e-01 1.402080e+00
114 8.937814e-05 1.889037e-01 1.347765e+00
115 8.915171e-05 2.533399e-03 1.290379e+00
116 8.898643e-05 1.853945e-03 1.294319e+00
117 1.011159e-04 1.363072e-01 1.347946e+00
118 7.861544e-05 2.225216e-01 1.328643e+00
119 7.739594e-05 1.551228e-02 1.347092e+00
120 6.792517e-05 1.223678e-01 1.319224e+00
121 6.814537e-05 3.241759e-03 1.359939e+00
122 6.691366e-05 1.807463e-02 1.340398e+00
123 6.012815e-05 1.014070e-01 1.339324e+00
124 6.558463e-05 9.074740e-02 1.319492e+00
125 5.594952e-05 1.469110e-01 1.343330e+00
126 5.155812e-05 7.848863e-02 1.371606e+00
127 4.518305e-05 1.236483e-01 1.420498e+00
128 3.199403e-05 2.919018e-01 1.422415e+00
129 4.546193e-05 4.209501e-01 1.314804e+00
130 3.087378e-05 3.208871e-01 1.315970e+00
131 3.673479e-05 1.898377e-01 1.320118e+00
132 2.856288e-05 2.224572e-01 1.331710e+00
133 2.813972e-05 1.481492e-02 1.308212e+00
134 1.641320e-05 4.167249e-01 1.335867e+00
135 2.124777e-05 2.945538e-01 1.287707e+00
136 1.427692e-05 3.280746e-01 1.318638e+00
137 1.743562e-05 2.212455e-01 1.315778e+00
138 1.327501e-05 2.386268e-01 1.287921e+00
139 1.656054e-05 2.474974e-01 1.287687e+00
140 1.245199e-05 2.480929e-01 1.340006e+00
141 1.328470e-05 6.687361e-02 1.295917e+00
142 1.244034e-05 6.355857e-02 1.292225e+00
143 1.045441e-05 1.596365e-01 1.314678e+00
144 9.870928e-06 5.581200e-02 1.288102e+00
145 1.120503e-05 1.351548e-01 1.283189e+00
146 8.727911e-06 2.210722e-01 1.308038e+00
147 1.051528e-05 2.047877e-01 1.292618e+00
148 6.691624e-06 3.636285e-01 1.339623e+00
149 1.075661e-05 6.074743e-01 1.403939e+00
150 6.448260e-06 4.005306e-01 1.503556e+00
151 9.465219e-06 4.678718e-01 1.308128e+00
152 6.317167e-06 3.325915e-01 1.307743e+00
153 9.088228e-06 4.386556e-01 1.328418e+00
154 6.138439e-06 3.245726e-01 1.331624e+00
155 8.464517e-06 3.789364e-01 1.347741e+00
156 5.860257e-06 3.076679e-01 1.315399e+00
157 7.672285e-06 3.092063e-01 1.328752e+00
158 4.751095e-06 3.807457e-01 1.339438e+00
159 7.676642e-06 6.157626e-01 1.319226e+00
160 5.176074e-06 3.257373e-01 1.310606e+00
161 7.515327e-06 4.519358e-01 1.324668e+00
162 4.391731e-06 4.156300e-01 1.337509e+00
163 7.142213e-06 6.262865e-01 1.323233e+00
164 3.865627e-06 4.587634e-01 1.365374e+00
165 6.634226e-06 7.162096e-01 1.303708e+00
166 3.682880e-06 4.448668e-01 1.291225e+00
167 6.115353e-06 6.604813e-01 1.315455e+00
168 3.324050e-06 4.564418e-01 1.303161e+00
169 5.315753e-06 5.991797e-01 1.316134e+00
170 3.251327e-06 3.883601e-01 1.323584e+00
171 5.693397e-06 7.510995e-01 1.299000e+00
172 2.899713e-06 4.906884e-01 1.299294e+00
173 4.690076e-06 6.174279e-01 1.337786e+00
174 2.321628e-06 5.049914e-01 1.342674e+00
175 2.201231e-06 5.185905e-02 1.308258e+00
176 1.454482e-06 3.392413e-01 1.339959e+00
177 1.007240e-06 3.074928e-01 1.327435e+00
178 8.762732e-07 1.300250e-01 1.296272e+00
179 1.140500e-06 3.015343e-01 1.319173e+00
180 7.862174e-07 3.106377e-01 1.299981e+00
181 1.023541e-06 3.018551e-01 1.304473e+00
182 8.304021e-07 1.886969e-01 1.347432e+00
183 9.834876e-07 1.843512e-01 1.308129e+00
184 7.037529e-07 2.844313e-01 1.323861e+00
185 1.000011e-06 4.209690e-01 1.343992e+00
186 6.593049e-07 3.407024e-01 1.328313e+00
187 1.026223e-06 5.565231e-01 1.299016e+00
188 5.654260e-07 4.490224e-01 1.316041e+00
189 8.098224e-07 4.322341e-01 1.316472e+00
190 6.016417e-07 2.570696e-01 1.307787e+00
191 7.274302e-07 2.090753e-01 1.307693e+00
192 4.926793e-07 3.227126e-01 1.315401e+00
193 6.456782e-07 3.105446e-01 1.312144e+00
194 4.888364e-07 2.429102e-01 1.343859e+00
195 6.118666e-07 2.516798e-01 1.363340e+00
196 4.138534e-07 3.236216e-01 1.315977e+00
197 5.249527e-07 2.684509e-01 1.303581e+00
198 3.570698e-07 3.198058e-01 1.324483e+00
199 4.936516e-07 3.825073e-01 1.335855e+00
200 3.268156e-07 3.379629e-01 1.458882e+00
201 4.399620e-07 3.462084e-01 1.488487e+00
202 2.985146e-07 3.214990e-01 1.311970e+00
203 4.219267e-07 4.134207e-01 1.327224e+00
204 2.593419e-07 3.853391e-01 1.331728e+00
205 4.041879e-07 5.585139e-01 1.308203e+00
206 2.496048e-07 3.824536e-01 1.320432e+00
207 3.961972e-07 5.872981e-01 1.354980e+00
208 1.882630e-07 5.248250e-01 1.359734e+00
209 3.552229e-07 8.868435e-01 1.279818e+00
210 2.845132e-07 1.990574e-01 1.335634e+00
211 1.635696e-07 4.250896e-01 1.303735e+00
212 1.222536e-07 2.525894e-01 1.295612e+00
213 1.063992e-07 1.296848e-01 1.308201e+00
214 7.467144e-08 2.981954e-01 1.323753e+00
215 6.281534e-08 1.587770e-01 1.319348e+00
216 5.371639e-08 1.448523e-01 1.308247e+00
217 4.980853e-08 7.274989e-02 1.308358e+00
218 5.411151e-08 8.639037e-02 1.319562e+00
219 6.063864e-08 1.206238e-01 1.304269e+00
220 6.367992e-08 5.015405e-02 1.323301e+00
221 5.103148e-08 1.986253e-01 1.291310e+00
222 5.569057e-08 9.129842e-02 1.294907e+00
223 5.095028e-08 8.511839e-02 1.284318e+00
224 4.119083e-08 1.915485e-01 1.303460e+00
225 4.332224e-08 5.174483e-02 1.288374e+00
226 3.679168e-08 1.507438e-01 1.299427e+00
227 4.181077e-08 1.364191e-01 1.299797e+00
228 2.443152e-08 4.156645e-01 1.284385e+00
229 3.962605e-08 6.219232e-01 1.299536e+00
230 2.702214e-08 3.180712e-01 1.303530e+00
231 3.346161e-08 2.383033e-01 1.295681e+00
232 2.536500e-08 2.419671e-01 1.339273e+00
233 3.243212e-08 2.786170e-01 1.338148e+00
234 1.741526e-08 4.630243e-01 1.324560e+00
235 2.717527e-08 5.604283e-01 1.307816e+00
236 1.715956e-08 3.685597e-01 1.311509e+00
237 2.369201e-08 3.806889e-01 1.288021e+00
238 2.096800e-08 1.149759e-01 1.292307e+00
239 2.462428e-08 1.743741e-01 1.308405e+00
240 1.730836e-08 2.971016e-01 1.335318e+00
241 2.157640e-08 2.465879e-01 1.475944e+00
242 1.636739e-08 2.414217e-01 1.331822e+00
243 2.148891e-08 3.129103e-01 1.328468e+00
244 1.531408e-08 2.873499e-01 1.275569e+00
245 1.797915e-08 1.740279e-01 1.293039e+00
246 1.376804e-08 2.342221e-01 1.282708e+00
247 1.758348e-08 2.771232e-01 1.308126e+00
248 1.340760e-08 2.374887e-01 1.299090e+00
249 1.672531e-08 2.474500e-01 1.359587e+00
250 1.335049e-08 2.017793e-01 1.319082e+00
251 1.934059e-08 4.486799e-01 1.283679e+00
252 8.817871e-09 5.440743e-01 1.300250e+00
253 1.395929e-08 5.830676e-01 1.271347e+00
254 7.975805e-09 4.286380e-01 1.287018e+00
255 1.411217e-08 7.693726e-01 1.376628e+00
256 6.340464e-09 5.507095e-01 1.315087e+00
257 1.267497e-08 9.990597e-01 1.292425e+00
258 8.641727e-09 3.182051e-01 1.323488e+00
259 1.161716e-08 3.443104e-01 1.304345e+00
260 7.213899e-09 3.790309e-01 1.295242e+00
261 9.898615e-09 3.721588e-01 1.340248e+00
262 6.257659e-09 3.678248e-01 1.300263e+00
263 9.525998e-09 5.222942e-01 1.311001e+00
264 6.311675e-09 3.374264e-01 1.316289e+00
265 9.258444e-09 4.668759e-01 1.300267e+00
266 6.179088e-09 3.325998e-01 1.275612e+00
267 8.778512e-09 4.206809e-01 1.291806e+00
268 6.107898e-09 3.042217e-01 1.287411e+00
269 9.501329e-09 5.555808e-01 1.324457e+00
270 6.092668e-09 3.587563e-01 1.339713e+00
271 8.664947e-09 4.221927e-01 1.291660e+00
272 5.442239e-09 3.719247e-01 1.267895e+00
273 8.516068e-09 5.648096e-01 1.307820e+00
274 5.365887e-09 3.699103e-01 1.273379e+00
275 8.197220e-09 5.276543e-01 1.259368e+00
276 5.227905e-09 3.622344e-01 1.267985e+00
277 8.088489e-09 5.471759e-01 1.284612e+00
278 5.030546e-09 3.780611e-01 1.323564e+00
279 7.624268e-09 5.155947e-01 1.324307e+00
280 3.060429e-09 5.985937e-01 1.313865e+00
281 2.446156e-09 2.007148e-01 1.334081e+00
282 1.959438e-09 1.989724e-01 1.300078e+00
283 2.287876e-09 1.676182e-01 1.283769e+00
284 1.500217e-09 3.442753e-01 1.371664e+00
285 1.952240e-09 3.013058e-01 1.307094e+00
286 1.317471e-09 3.251491e-01 1.311416e+00
287 1.991249e-09 5.114171e-01 1.307216e+00
288 1.328560e-09 3.328006e-01 1.344243e+00
289 1.840900e-09 3.856359e-01 1.399534e+00
290 1.618976e-09 1.205522e-01 1.371471e+00
291 1.541534e-09 4.783398e-02 1.375245e+00
292 8.193748e-10 4.684678e-01 1.321902e+00
293 1.132115e-09 3.816817e-01 1.260042e+00
294 7.127977e-10 3.703841e-01 1.311435e+00
295 8.564949e-10 2.015960e-01 1.307081e+00
296 8.664909e-10 1.167083e-02 1.311376e+00
297 8.941741e-10 3.194862e-02 1.316272e+00
298 6.004266e-10 3.285126e-01 1.300350e+00
299 7.853991e-10 3.080684e-01 1.339951e+00
300 7.716057e-10 1.756230e-02 1.311531e+00
301 6.933227e-10 1.014546e-01 1.335395e+00
302 9.189307e-10 3.254011e-01 1.307799e+00
303 8.304287e-10 9.630975e-02 1.312099e+00
304 8.098966e-10 2.472474e-02 1.311901e+00
305 6.701973e-10 1.724902e-01 1.355841e+00
306 6.745805e-10 6.540104e-03 1.312004e+00
307 6.905720e-10 2.370591e-02 1.312076e+00
308 6.116369e-10 1.143041e-01 1.308121e+00
309 5.952623e-10 2.677172e-02 1.323480e+00
310 5.500588e-10 7.593881e-02 1.311868e+00
311 6.090671e-10 1.072765e-01 1.291601e+00
312 4.336406e-10 2.880250e-01 1.316003e+00
313 4.513562e-10 4.085320e-02 1.299637e+00
314 4.453643e-10 1.327527e-02 1.300465e+00
315 4.988853e-10 1.201735e-01 1.287787e+00
316 4.623328e-10 7.326820e-02 1.315203e+00
317 3.977337e-10 1.397242e-01 1.275078e+00
318 4.254744e-10 6.974691e-02 1.326669e+00
319 4.280882e-10 6.143255e-03 1.280367e+00
320 4.290238e-10 2.185496e-03 1.307371e+00
321 3.440592e-10 1.980417e-01 1.252022e+00
322 4.113546e-10 1.955925e-01 1.283333e+00
323 4.911166e-10 1.939008e-01 1.323399e+00
324 3.196239e-10 3.491894e-01 1.291599e+00
325 3.526301e-10 1.032660e-01 1.324430e+00
326 2.829201e-10 1.976859e-01 1.294989e+00
327 3.326088e-10 1.756280e-01 1.328220e+00
328 2.728612e-10 1.796334e-01 1.327630e+00
329 3.094334e-10 1.340322e-01 1.386313e+00
330 3.025833e-10 2.213748e-02 1.364376e+00
331 3.656558e-10 2.084469e-01 1.284042e+00
332 2.945608e-10 1.944315e-01 1.258950e+00
333 2.313753e-10 2.145077e-01 1.300457e+00
334 2.738927e-10 1.837596e-01 1.290044e+00
335 1.711291e-10 3.751965e-01 1.302274e+00
336 2.157426e-10 2.607010e-01 1.277036e+00
337 1.422665e-10 3.405730e-01 1.278060e+00
338 2.311460e-10 6.247391e-01 1.256522e+00
339 1.581310e-10 3.158828e-01 1.270972e+00
340 2.022800e-10 2.791928e-01 1.267719e+00
341 1.487601e-10 2.645831e-01 1.227936e+00
342 2.003926e-10 3.470855e-01 1.233990e+00
343 1.520797e-10 2.410913e-01 1.228552e+00
344 2.075622e-10 3.648252e-01 1.296015e+00
345 1.392664e-10 3.290378e-01 1.528393e+00
346 1.997293e-10 4.341534e-01 1.379041e+00
347 1.469227e-10 2.643910e-01 1.259870e+00
348 1.662819e-10 1.317644e-01 1.279654e+00
349 1.161218e-10 3.016570e-01 1.231805e+00
350 1.545059e-10 3.305502e-01 1.180313e+00
351 9.558487e-11 3.813511e-01 1.175397e+00
