1 7.256569e-02 1.000000e+00 3.640232e+00
2 2.443810e-02 6.632278e-01 3.679998e+00
3 1.465718e-02 4.002325e-01 3.838823e+00
4 1.047739e-02 2.851699e-01 3.656036e+00
5 5.676868e-03 4.581793e-01 3.600047e+00
6 4.163997e-03 2.664975e-01 3.583221e+00
7 3.771858e-03 9.417366e-02 3.790540e+00
8 3.629236e-03 3.781235e-02 3.775766e+00
9 3.042518e-03 1.616641e-01 4.274455e+00
10 2.363057e-03 2.233221e-01 3.439808e+00
11 1.834037e-03 2.238710e-01 3.383232e+00
12 1.509482e-03 1.769621e-01 3.727102e+00
13 1.392513e-03 7.748950e-02 3.295854e+00
14 1.227731e-03 1.183346e-01 3.320056e+00
15 1.173203e-03 4.441295e-02 3.359888e+00
16 1.142639e-03 2.605213e-02 3.399582e+00
17 8.160042e-04 2.858600e-01 3.431322e+00
18 8.090251e-04 8.552720e-03 3.344176e+00
19 2.482405e-04 6.931609e-01 3.223282e+00
20 2.058783e-04 1.706500e-01 3.384668e+00
21 1.705662e-04 1.715194e-01 3.622865e+00
22 1.457947e-04 1.452311e-01 3.560091e+00
23 1.313867e-04 9.882396e-02 3.511849e+00
24 1.245901e-04 5.172927e-02 3.447153e+00
25 1.173481e-04 5.812646e-02 3.496148e+00
26 1.113077e-04 5.147442e-02 3.495353e+00
27 1.053506e-04 5.351951e-02 3.544149e+00
28 1.133055e-04 7.550897e-02 3.214674e+00
29 9.813853e-05 1.338590e-01 3.383404e+00
30 8.897805e-05 9.334239e-02 3.143850e+00
31 9.885523e-05 1.110070e-01 3.366359e+00
32 8.709835e-05 1.189303e-01 3.312647e+00
33 9.558941e-05 9.748811e-02 3.239004e+00
34 8.154369e-05 1.469380e-01 3.303663e+00
35 7.719516e-05 5.332760e-02 3.287533e+00
36 8.012684e-05 3.797747e-02 3.223489e+00
37 6.353703e-05 2.070444e-01 3.264085e+00
38 5.887803e-05 7.332730e-02 3.231301e+00
39 4.791991e-05 1.861156e-01 3.279967e+00
40 3.931309e-05 1.796084e-01 3.240286e+00
41 4.146125e-05 5.464214e-02 3.183621e+00
42 3.666891e-05 1.155860e-01 3.407267e+00
43 3.819732e-05 4.168133e-02 3.560318e+00
44 3.133972e-05 1.795309e-01 3.295922e+00
45 3.077698e-05 1.795591e-02 3.287204e+00
46 2.854773e-05 7.243249e-02 3.320017e+00
47 2.815923e-05 1.360869e-02 3.272012e+00
48 2.732530e-05 2.961474e-02 3.247736e+00
49 2.277658e-05 1.664656e-01 3.231748e+00
50 2.802574e-05 2.304627e-01 3.231987e+00
51 2.595830e-05 7.376923e-02 3.024006e+00
52 2.063684e-05 2.050002e-01 3.103723e+00
53 2.132133e-05 3.316842e-02 3.040465e+00
54 1.450012e-05 3.199243e-01 3.151269e+00
55 1.457133e-05 4.910816e-03 3.304119e+00
56 1.406751e-05 3.457592e-02 3.367102e+00
57 1.386219e-05 1.459575e-02 3.079668e+00
58 1.331788e-05 3.926551e-02 3.055810e+00
59 1.600270e-05 2.015950e-01 3.199984e+00
60 1.259033e-05 2.132372e-01 3.247387e+00
61 1.212571e-05 3.690288e-02 3.079250e+00
62 1.119802e-05 7.650545e-02 3.120366e+00
63 1.138760e-05 1.692976e-02 3.095603e+00
64 1.387774e-05 2.186704e-01 3.103995e+00
65 1.782786e-05 2.846375e-01 3.143781e+00
66 1.330702e-05 2.535830e-01 3.215550e+00
67 1.778455e-05 3.364789e-01 3.223708e+00
68 1.195104e-05 3.280101e-01 3.109856e+00
69 1.371564e-05 1.476523e-01 3.143703e+00
70 9.364798e-06 3.172174e-01 3.039303e+00
71 9.232497e-06 1.412754e-02 3.183561e+00
72 8.588181e-06 6.978786e-02 3.223619e+00
73 8.400146e-06 2.189463e-02 3.303594e+00
74 8.382149e-06 2.142381e-03 3.247331e+00
75 7.992684e-06 4.646362e-02 3.248374e+00
76 7.551868e-06 5.515251e-02 3.239755e+00
77 9.636259e-06 2.760101e-01 3.388183e+00
78 7.140114e-06 2.590367e-01 3.239075e+00
79 6.910146e-06 3.220790e-02 3.311702e+00
80 7.433843e-06 7.578666e-02 3.576052e+00
81 7.361337e-06 9.753600e-03 3.391867e+00
82 7.082664e-06 3.785627e-02 3.404617e+00
83 7.445824e-06 5.127453e-02 3.239820e+00
84 5.710151e-06 2.331069e-01 3.264006e+00
85 5.884415e-06 3.051829e-02 3.279709e+00
86 5.772900e-06 1.895090e-02 3.280443e+00
87 5.691234e-06 1.414656e-02 3.254916e+00
88 7.231228e-06 2.705906e-01 3.167963e+00
89 6.496987e-06 1.015376e-01 3.056580e+00
90 4.561334e-06 2.979309e-01 3.167646e+00
91 5.022412e-06 1.010840e-01 3.239177e+00
92 5.892398e-06 1.732208e-01 3.152042e+00
93 5.772677e-06 2.031779e-02 3.255782e+00
94 3.435812e-06 4.048149e-01 3.135439e+00
95 2.932665e-06 1.464418e-01 3.332245e+00
96 3.528071e-06 2.030255e-01 3.232184e+00
97 1.628516e-06 5.384118e-01 3.111672e+00
98 1.376575e-06 1.547062e-01 3.159315e+00
99 2.289497e-06 6.631838e-01 3.328174e+00
100 1.248338e-06 4.547545e-01 3.431670e+00
101 1.156487e-06 7.357872e-02 3.192083e+00
102 1.017404e-06 1.202627e-01 3.223478e+00
103 9.915332e-07 2.542867e-02 3.223881e+00
104 7.368169e-07 2.568914e-01 3.431491e+00
105 1.422352e-06 9.304011e-01 3.255929e+00
106 1.051146e-06 2.609805e-01 3.383380e+00
107 5.160462e-07 5.090633e-01 3.762205e+00
108 4.875026e-07 5.531210e-02 3.223399e+00
109 8.194576e-07 6.809296e-01 3.263915e+00
110 5.841006e-07 2.872107e-01 3.271974e+00
111 5.467672e-07 6.391602e-02 3.367339e+00
112 6.882029e-07 2.586763e-01 3.255421e+00
113 5.247556e-07 2.374987e-01 3.280554e+00
114 6.782351e-07 2.924780e-01 3.255552e+00
115 2.266024e-07 6.658941e-01 3.255162e+00
116 2.311062e-07 1.987547e-02 3.176181e+00
117 2.140646e-07 7.373920e-02 3.383795e+00
118 2.322664e-07 8.502956e-02 3.335020e+00
119 1.751782e-07 2.457877e-01 3.224608e+00
120 2.861385e-07 6.334139e-01 3.047681e+00
121 1.156310e-07 5.958915e-01 3.159400e+00
122 1.111835e-07 3.846303e-02 3.279670e+00
123 1.165880e-07 4.860888e-02 3.392238e+00
124 9.135152e-08 2.164585e-01 3.262931e+00
125 9.908915e-08 8.470178e-02 3.232057e+00
126 7.306593e-08 2.626243e-01 3.215477e+00
127 9.832623e-08 3.457193e-01 3.383199e+00
128 8.974951e-08 8.722721e-02 3.151441e+00
129 9.969559e-08 1.108204e-01 3.463725e+00
130 8.859483e-08 1.113466e-01 3.399960e+00
131 7.149959e-08 1.929597e-01 3.254774e+00
132 5.852662e-08 1.814413e-01 3.032797e+00
133 5.615847e-08 4.046278e-02 3.183260e+00
134 8.330851e-08 4.834541e-01 3.246335e+00
135 5.785738e-08 3.055045e-01 3.079860e+00
136 4.688478e-08 1.896491e-01 3.224339e+00
137 3.619354e-08 2.280323e-01 3.255735e+00
138 3.023159e-08 1.647241e-01 3.383680e+00
139 2.493860e-08 1.750813e-01 3.239346e+00
140 3.365218e-08 3.494011e-01 3.304295e+00
141 3.505261e-08 4.161480e-02 3.311367e+00
142 3.096649e-08 1.165709e-01 3.438598e+00
143 3.474448e-08 1.220024e-01 3.367318e+00
144 2.825517e-08 1.867725e-01 3.502846e+00
145 3.296526e-08 1.666985e-01 3.296026e+00
146 2.050707e-08 3.779189e-01 3.304049e+00
147 2.533356e-08 2.353575e-01 3.239810e+00
148 2.516788e-08 6.540091e-03 3.247108e+00
149 2.841811e-08 1.291421e-01 3.248284e+00
150 1.660718e-08 4.156129e-01 3.263638e+00
151 1.533841e-08 7.639869e-02 3.327516e+00
152 9.606313e-09 3.737086e-01 3.335683e+00
153 1.247011e-08 2.981163e-01 3.239211e+00
154 5.763469e-09 5.378174e-01 3.312710e+00
155 5.885481e-09 2.116992e-02 3.455566e+00
156 4.580701e-09 2.216948e-01 3.539102e+00
157 7.426287e-09 6.212118e-01 3.280466e+00
158 6.489905e-09 1.260902e-01 3.119931e+00
159 4.627447e-09 2.869777e-01 3.151395e+00
160 3.927372e-09 1.512876e-01 3.240283e+00
161 3.348610e-09 1.473662e-01 3.255440e+00
162 4.056087e-09 2.112749e-01 3.519383e+00
163 3.519507e-09 1.322899e-01 3.264030e+00
164 4.430524e-09 2.588478e-01 3.304022e+00
165 3.531743e-09 2.028613e-01 3.399562e+00
166 2.340027e-09 3.374299e-01 3.303273e+00
167 2.544913e-09 8.755692e-02 3.520576e+00
168 1.616465e-09 3.648251e-01 3.367408e+00
169 1.607001e-09 5.854675e-03 3.526211e+00
170 2.181713e-09 3.576302e-01 3.270469e+00
171 5.577371e-09 1.556419e+00 3.264062e+00
172 3.272171e-09 4.133131e-01 3.375648e+00
173 1.882159e-09 4.247980e-01 3.255496e+00
174 1.549625e-09 1.766771e-01 3.280208e+00
175 3.236053e-09 1.088282e+00 3.311925e+00
176 1.291219e-09 6.009896e-01 3.287313e+00
177 1.697200e-09 3.144171e-01 3.263580e+00
178 1.139500e-09 3.285998e-01 3.247681e+00
179 9.186849e-10 1.937827e-01 3.424018e+00
180 2.199719e-09 1.394422e+00 3.927511e+00
181 1.339293e-09 3.911525e-01 4.048108e+00
182 2.514346e-09 8.773678e-01 3.231254e+00
183 9.037400e-10 6.405666e-01 3.303573e+00
184 2.006550e-09 1.220273e+00 3.303904e+00
185 8.424395e-10 5.801552e-01 3.104585e+00
186 2.289601e-09 1.717822e+00 3.263506e+00
187 1.022493e-09 5.534187e-01 3.279463e+00
188 1.387878e-09 3.573475e-01 3.239928e+00
189 1.224879e-09 1.174451e-01 3.279763e+00
190 1.419189e-09 1.586367e-01 3.230545e+00
191 9.703782e-10 3.162448e-01 3.327756e+00
192 1.625696e-09 6.753220e-01 3.392030e+00
193 1.061373e-09 3.471271e-01 3.367165e+00
194 8.015928e-10 2.447585e-01 3.183728e+00
195 6.209582e-10 2.253446e-01 3.191243e+00
196 1.537501e-09 1.476013e+00 3.184058e+00
197 1.218061e-09 2.077658e-01 3.159607e+00
198 8.505828e-10 3.016909e-01 3.223870e+00
199 7.151157e-10 1.592638e-01 3.223563e+00
200 8.359026e-10 1.689053e-01 3.159740e+00
201 1.408159e-09 6.845971e-01 3.199800e+00
202 1.372217e-09 2.552420e-02 3.247698e+00
203 1.128863e-09 1.773437e-01 3.184190e+00
204 8.161085e-10 2.770526e-01 3.271548e+00
205 1.182856e-09 4.493859e-01 3.247539e+00
206 9.722629e-10 1.780379e-01 3.397242e+00
207 9.152515e-10 5.863784e-02 3.167885e+00
208 1.222370e-09 3.355563e-01 3.071906e+00
209 7.869455e-10 3.562133e-01 3.119506e+00
210 1.357657e-09 7.252233e-01 3.087869e+00
211 8.068828e-10 4.056798e-01 3.088573e+00
212 7.531137e-10 6.663806e-02 3.087747e+00
213 8.634624e-10 1.465233e-01 3.167176e+00
214 1.154088e-09 3.365817e-01 3.319776e+00
215 6.190127e-10 4.636347e-01 3.247754e+00
216 6.395893e-10 3.324090e-02 3.359689e+00
217 5.525976e-10 1.360117e-01 3.326758e+00
218 4.119652e-10 2.544933e-01 3.239971e+00
219 7.081963e-10 7.190680e-01 3.239021e+00
220 4.883162e-10 3.104791e-01 3.088385e+00
221 4.288225e-10 1.218342e-01 3.119225e+00
222 7.749199e-10 8.070877e-01 2.984311e+00
223 3.349661e-10 5.677411e-01 3.040084e+00
224 5.190384e-10 5.495253e-01 2.999063e+00
225 2.799163e-10 4.607021e-01 2.991558e+00
226 5.093528e-10 8.196609e-01 2.968172e+00
227 4.220149e-10 1.714684e-01 2.927332e+00
228 4.408148e-10 4.454810e-02 3.160466e+00
229 4.794255e-10 8.758932e-02 3.199151e+00
230 3.422753e-10 2.860719e-01 3.135682e+00
231 4.371138e-10 2.770824e-01 3.104358e+00
232 4.306561e-10 1.477355e-02 3.095112e+00
233 3.057591e-10 2.900156e-01 3.112448e+00
234 3.551208e-10 1.614400e-01 3.295113e+00
235 3.109835e-10 1.242883e-01 3.287904e+00
236 4.700000e-10 5.113345e-01 3.419122e+00
237 3.201389e-10 3.188534e-01 3.183819e+00
238 2.524834e-10 2.113318e-01 3.079918e+00
239 2.273292e-10 9.962720e-02 3.047680e+00
240 3.085017e-10 3.570704e-01 3.199064e+00
241 3.289181e-10 6.617937e-02 3.239652e+00
242 3.090408e-10 6.043243e-02 3.279983e+00
243 2.651421e-10 1.420481e-01 3.160481e+00
244 3.567282e-10 3.454226e-01 3.182721e+00
245 5.827165e-10 6.335029e-01 3.039097e+00
246 2.106360e-10 6.385276e-01 3.032053e+00
247 3.542956e-10 6.820281e-01 3.056190e+00
248 2.090699e-10 4.098999e-01 2.967426e+00
249 2.287852e-10 9.430025e-02 2.928353e+00
250 2.272117e-10 6.877713e-03 2.895411e+00
251 4.913457e-10 1.162502e+00 2.895894e+00
252 2.986392e-10 3.922015e-01 2.983336e+00
253 3.159116e-10 5.783703e-02 3.040535e+00
254 2.283604e-10 2.771382e-01 3.231313e+00
255 2.969615e-10 3.004067e-01 3.271840e+00
256 1.772598e-10 4.030883e-01 3.167137e+00
257 2.971430e-10 6.763137e-01 3.248542e+00
258 1.952738e-10 3.428288e-01 3.191770e+00
259 2.868893e-10 4.691643e-01 3.327136e+00
260 2.057076e-10 2.829723e-01 3.143156e+00
261 1.717306e-10 1.651710e-01 3.206059e+00
262 1.903531e-10 1.084398e-01 3.096149e+00
263 2.304137e-10 2.104543e-01 3.215046e+00
264 1.262620e-10 4.520204e-01 3.144766e+00
265 2.416856e-10 9.141591e-01 3.295581e+00
266 1.340141e-10 4.455021e-01 3.367531e+00
267 1.469677e-10 9.665792e-02 3.208005e+00
268 1.200733e-10 1.829952e-01 3.335247e+00
269 2.079310e-10 7.317008e-01 3.095909e+00
270 1.177533e-10 4.336908e-01 3.136199e+00
271 1.478434e-10 2.555356e-01 3.070997e+00
272 9.331391e-11 3.688328e-01 2.999797e+00
