1 9.852278e-01 1.000000e+00 4.198060e+00
2 9.843278e-01 9.134474e-04 3.919934e+00
3 9.743730e-01 1.011335e-02 3.869051e+00
4 8.724900e-01 1.045626e-01 3.784083e+00
5 8.704380e-01 2.351925e-03 3.879243e+00
6 8.009567e-01 7.982334e-02 4.165268e+00
7 7.395192e-01 7.670520e-02 3.639696e+00
8 7.243137e-01 2.056133e-02 3.806597e+00
9 6.858936e-01 5.304339e-02 3.981004e+00
10 6.852557e-01 9.300151e-04 4.238258e+00
11 6.641369e-01 3.081888e-02 3.829232e+00
12 6.386522e-01 3.837270e-02 4.342509e+00
13 6.272871e-01 1.779537e-02 4.021588e+00
14 6.237811e-01 5.589257e-03 4.094398e+00
15 6.055123e-01 2.928710e-02 3.836427e+00
16 5.916394e-01 2.291111e-02 4.342530e+00
17 5.915866e-01 8.909665e-05 3.966519e+00
18 5.645553e-01 4.569288e-02 3.833297e+00
19 5.642290e-01 5.779627e-04 4.005829e+00
20 5.158920e-01 8.566916e-02 4.725761e+00
21 4.964958e-01 3.759748e-02 4.414004e+00
22 4.959612e-01 1.076664e-03 4.236705e+00
23 4.954642e-01 1.002034e-03 3.793127e+00
24 3.924837e-01 2.078466e-01 3.738704e+00
25 2.366237e-01 3.971120e-01 4.147577e+00
26 1.778428e-01 2.484149e-01 3.835557e+00
27 1.726617e-01 2.913348e-02 3.838208e+00
28 1.707110e-01 1.129786e-02 3.796604e+00
29 1.648056e-01 3.459275e-02 3.943207e+00
30 1.638765e-01 5.637532e-03 3.943261e+00
31 1.393189e-01 1.498541e-01 3.982696e+00
32 1.312304e-01 5.805771e-02 4.161601e+00
33 1.305609e-01 5.101804e-03 3.631473e+00
34 1.057636e-01 1.899290e-01 4.268194e+00
35 9.251793e-02 1.252383e-01 4.116362e+00
36 8.476212e-02 8.383030e-02 3.657071e+00
37 8.399750e-02 9.020749e-03 3.953775e+00
38 6.326405e-02 2.468342e-01 3.759597e+00
39 6.308498e-02 2.830566e-03 3.827348e+00
40 5.802872e-02 8.014984e-02 3.615607e+00
41 5.322971e-02 8.270074e-02 3.590794e+00
42 1.813018e-02 6.593974e-01 3.566773e+00
43 1.572764e-02 1.325157e-01 3.567561e+00
44 5.937348e-03 6.224896e-01 3.801455e+00
45 3.917621e-03 3.401734e-01 3.590970e+00
46 2.595341e-03 3.375211e-01 3.671016e+00
47 1.943587e-03 2.511247e-01 3.797225e+00
48 1.660739e-03 1.455289e-01 3.632110e+00
49 1.423585e-03 1.427999e-01 3.600056e+00
50 9.612058e-04 3.247994e-01 3.829886e+00
51 8.394533e-04 1.266664e-01 3.839435e+00
52 7.863460e-04 6.326413e-02 3.776514e+00
53 8.225371e-04 4.602440e-02 3.641327e+00
54 5.937313e-04 2.781708e-01 3.708192e+00
55 8.144471e-04 3.717436e-01 3.799896e+00
56 5.579083e-04 3.149852e-01 3.530529e+00
57 5.160653e-04 7.499990e-02 3.353834e+00
58 4.554419e-04 1.174723e-01 3.654632e+00
59 5.639959e-04 2.383487e-01 3.478954e+00
60 4.330861e-04 2.321112e-01 3.805004e+00
61 4.218448e-04 2.595623e-02 3.652524e+00
62 3.979380e-04 5.667206e-02 3.590623e+00
63 4.259945e-04 7.050464e-02 3.620313e+00
64 3.355807e-04 2.122418e-01 3.639369e+00
65 3.715483e-04 1.071802e-01 3.714499e+00
66 3.227690e-04 1.312867e-01 3.633316e+00
67 2.998563e-04 7.098773e-02 3.607219e+00
68 2.726846e-04 9.061595e-02 3.630808e+00
69 2.040667e-04 2.516381e-01 3.719264e+00
70 1.888098e-04 7.476455e-02 3.663919e+00
71 2.147925e-04 1.376134e-01 3.575231e+00
72 1.622121e-04 2.447962e-01 3.614498e+00
73 1.348136e-04 1.689056e-01 3.635640e+00
74 1.576186e-04 1.691592e-01 3.595650e+00
75 1.208242e-04 2.334391e-01 3.652747e+00
76 9.271205e-05 2.326701e-01 3.628344e+00
77 8.243971e-05 1.107983e-01 3.631140e+00
78 8.411990e-05 2.038074e-02 3.511787e+00
79 7.851893e-05 6.658316e-02 3.640227e+00
80 6.778163e-05 1.367479e-01 3.647134e+00
81 6.866854e-05 1.308478e-02 3.623938e+00
82 6.942174e-05 1.096866e-02 3.592116e+00
83 5.989256e-05 1.372650e-01 3.583404e+00
84 6.988527e-05 1.668438e-01 3.559312e+00
85 6.613186e-05 5.370814e-02 3.509859e+00
86 5.460718e-05 1.742681e-01 3.543395e+00
87 5.186358e-05 5.024261e-02 3.574247e+00
88 4.453638e-05 1.412783e-01 3.692985e+00
89 4.180203e-05 6.139586e-02 3.603729e+00
90 4.734809e-05 1.326745e-01 3.542260e+00
91 3.814631e-05 1.943432e-01 3.567549e+00
92 4.415664e-05 1.575598e-01 3.731202e+00
93 3.644713e-05 1.745946e-01 3.716803e+00
94 3.705695e-05 1.673157e-02 3.574688e+00
95 3.442456e-05 7.103608e-02 3.678576e+00
96 3.364757e-05 2.257108e-02 3.596351e+00
97 3.105332e-05 7.710041e-02 3.752353e+00
98 2.911411e-05 6.244774e-02 3.715265e+00
99 3.107473e-05 6.734256e-02 4.099250e+00
100 2.742259e-05 1.175277e-01 3.772882e+00
101 2.563078e-05 6.534084e-02 3.813300e+00
102 2.063862e-05 1.947718e-01 3.634156e+00
103 2.227370e-05 7.922421e-02 3.701240e+00
104 1.956741e-05 1.215019e-01 3.713570e+00
105 1.705510e-05 1.283922e-01 3.681784e+00
106 1.809368e-05 6.089562e-02 3.616818e+00
107 1.411684e-05 2.197916e-01 3.684223e+00
108 1.244532e-05 1.184063e-01 3.881053e+00
109 1.247091e-05 2.055891e-03 4.018370e+00
110 1.121264e-05 1.008961e-01 4.022611e+00
111 1.143817e-05 2.011339e-02 3.525275e+00
112 1.060308e-05 7.300836e-02 3.679154e+00
113 1.173515e-05 1.067677e-01 3.469495e+00
114 8.043425e-06 3.145870e-01 3.309093e+00
115 1.010185e-05 2.559134e-01 3.620576e+00
116 8.270445e-06 1.812936e-01 3.437763e+00
117 9.037695e-06 9.277019e-02 3.678165e+00
118 5.279108e-06 4.158790e-01 3.478733e+00
119 6.946400e-06 3.158285e-01 3.439121e+00
120 5.340417e-06 2.311964e-01 3.620240e+00
121 4.961414e-06 7.096882e-02 3.543427e+00
122 5.368809e-06 8.211267e-02 3.404710e+00
123 4.879246e-06 9.118664e-02 3.577050e+00
124 4.195218e-06 1.401912e-01 3.430392e+00
125 4.047505e-06 3.520985e-02 3.453032e+00
126 3.317997e-06 1.802364e-01 3.473387e+00
127 4.642762e-06 3.992663e-01 3.386917e+00
128 3.447950e-06 2.573494e-01 3.482829e+00
129 4.251716e-06 2.331141e-01 3.472056e+00
130 2.407902e-06 4.336635e-01 3.385765e+00
131 2.417083e-06 3.812872e-03 3.516883e+00
132 2.447453e-06 1.256482e-02 3.486059e+00
133 2.318696e-06 5.260849e-02 3.387237e+00
134 2.252796e-06 2.842140e-02 3.456122e+00
135 2.307081e-06 2.409681e-02 3.577604e+00
136 1.971999e-06 1.452406e-01 3.416069e+00
137 2.701463e-06 3.699111e-01 3.408932e+00
138 1.874857e-06 3.059845e-01 3.488961e+00
139 1.966860e-06 4.907190e-02 3.460722e+00
140 3.118312e-06 5.854265e-01 3.396584e+00
141 1.789258e-06 4.262095e-01 3.279005e+00
142 1.687399e-06 5.692823e-02 3.343326e+00
143 1.758895e-06 4.237102e-02 3.477144e+00
144 1.616645e-06 8.087503e-02 3.589855e+00
145 2.540810e-06 5.716566e-01 3.517897e+00
146 1.780389e-06 2.992828e-01 3.504449e+00
147 1.542255e-06 1.337541e-01 3.452336e+00
148 1.271766e-06 1.753852e-01 3.454299e+00
149 1.559630e-06 2.263497e-01 3.534398e+00
150 1.164126e-06 2.535883e-01 3.559051e+00
151 1.284563e-06 1.034566e-01 3.501054e+00
152 1.178972e-06 8.219993e-02 3.572970e+00
153 1.176293e-06 2.272436e-03 3.460543e+00
154 1.190427e-06 1.201631e-02 3.556301e+00
155 1.223073e-06 2.742354e-02 3.802469e+00
156 1.339518e-06 9.520684e-02 3.517664e+00
157 1.072834e-06 1.990899e-01 3.493751e+00
158 1.345839e-06 2.544714e-01 3.478240e+00
159 1.161421e-06 1.370279e-01 3.458387e+00
160 1.187197e-06 2.219303e-02 3.501441e+00
161 1.047404e-06 1.177502e-01 3.342146e+00
162 1.156894e-06 1.045346e-01 3.569541e+00
163 1.232796e-06 6.560802e-02 3.583865e+00
164 1.011470e-06 1.795319e-01 3.467441e+00
165 1.012583e-06 1.101276e-03 3.334528e+00
166 9.410770e-07 7.061779e-02 3.336101e+00
167 1.001508e-06 6.421499e-02 3.562521e+00
168 6.747852e-07 3.262310e-01 3.478011e+00
169 1.054440e-06 5.626303e-01 3.468169e+00
170 8.813285e-07 1.641738e-01 3.375674e+00
171 8.365634e-07 5.079279e-02 3.387325e+00
172 7.195091e-07 1.399228e-01 3.468236e+00
173 7.414001e-07 3.042492e-02 3.477279e+00
174 6.641553e-07 1.041877e-01 3.613549e+00
175 7.425346e-07 1.180136e-01 3.447072e+00
176 6.326422e-07 1.479964e-01 3.517923e+00
177 8.993999e-07 4.216565e-01 3.390184e+00
178 6.296447e-07 2.999280e-01 3.541574e+00
179 6.202645e-07 1.489768e-02 3.603211e+00
180 5.702514e-07 8.063184e-02 3.437486e+00
181 7.869987e-07 3.800908e-01 3.579950e+00
182 6.380875e-07 1.892140e-01 3.307905e+00
183 5.441037e-07 1.472899e-01 3.477097e+00
184 5.138219e-07 5.565446e-02 3.391210e+00
185 6.069168e-07 1.811812e-01 3.618281e+00
186 6.296722e-07 3.749352e-02 3.377589e+00
187 5.055500e-07 1.971220e-01 3.298172e+00
188 5.164559e-07 2.157226e-02 3.450237e+00
189 4.640592e-07 1.014542e-01 3.395458e+00
190 4.072367e-07 1.224467e-01 3.351157e+00
191 4.364009e-07 7.161479e-02 3.342987e+00
192 4.908520e-07 1.247732e-01 3.391024e+00
193 3.650101e-07 2.563744e-01 3.333584e+00
194 3.884431e-07 6.419795e-02 3.319458e+00
195 3.542372e-07 8.805886e-02 3.365890e+00
196 3.483555e-07 1.660387e-02 3.366937e+00
197 3.518254e-07 9.960882e-03 3.460325e+00
198 3.184739e-07 9.479561e-02 3.038282e+00
199 3.580391e-07 1.242338e-01 3.454591e+00
200 2.974334e-07 1.692713e-01 3.338561e+00
201 4.314351e-07 4.505267e-01 3.278423e+00
202 3.321055e-07 2.302307e-01 3.300550e+00
203 2.974724e-07 1.042834e-01 3.416453e+00
204 3.253076e-07 9.357237e-02 3.349879e+00
205 2.532541e-07 2.214935e-01 3.148669e+00
206 3.355911e-07 3.251165e-01 3.110207e+00
207 2.679160e-07 2.016596e-01 3.329504e+00
208 2.484805e-07 7.254309e-02 3.517505e+00
209 2.589292e-07 4.205041e-02 3.214790e+00
210 2.528863e-07 2.333792e-02 3.169482e+00
211 2.833177e-07 1.203359e-01 3.092467e+00
212 2.736638e-07 3.407424e-02 3.354601e+00
213 3.279182e-07 1.982520e-01 3.338313e+00
214 2.630203e-07 1.979089e-01 3.376870e+00
215 3.027221e-07 1.509458e-01 3.385635e+00
216 2.253168e-07 2.556977e-01 3.269480e+00
217 2.977848e-07 3.216273e-01 3.315524e+00
218 2.536195e-07 1.483127e-01 3.246404e+00
219 2.574399e-07 1.506333e-02 3.365667e+00
220 2.115924e-07 1.780902e-01 3.220245e+00
221 2.482411e-07 1.732046e-01 3.521778e+00
222 2.808271e-07 1.312674e-01 3.441085e+00
223 2.129553e-07 2.416852e-01 3.523538e+00
224 2.280445e-07 7.085605e-02 3.336962e+00
225 2.491585e-07 9.258729e-02 3.339351e+00
226 2.023146e-07 1.880084e-01 3.317348e+00
227 2.178534e-07 7.680518e-02 3.310324e+00
228 2.630869e-07 2.076327e-01 3.251007e+00
229 2.084844e-07 2.075457e-01 3.285613e+00
230 1.757376e-07 1.570704e-01 3.425991e+00
231 2.306333e-07 3.123727e-01 3.756577e+00
232 1.654696e-07 2.825424e-01 4.229100e+00
233 2.137409e-07 2.917233e-01 3.928849e+00
234 1.736950e-07 1.873575e-01 3.525698e+00
235 1.731856e-07 2.932503e-03 3.375929e+00
236 1.559376e-07 9.959248e-02 3.467276e+00
237 1.587551e-07 1.806792e-02 3.471021e+00
238 1.249217e-07 2.131165e-01 3.816408e+00
239 1.894141e-07 5.162617e-01 3.620914e+00
240 1.475769e-07 2.208769e-01 3.492480e+00
241 1.278194e-07 1.338790e-01 3.319125e+00
242 1.441023e-07 1.273897e-01 3.313935e+00
243 1.193917e-07 1.714795e-01 3.438148e+00
244 1.381060e-07 1.567471e-01 3.630113e+00
245 1.245894e-07 9.787121e-02 3.835950e+00
246 1.155009e-07 7.294813e-02 3.636052e+00
247 1.381938e-07 1.964739e-01 3.494401e+00
248 1.174812e-07 1.498809e-01 3.431125e+00
249 1.073066e-07 8.660540e-02 3.381911e+00
250 1.103730e-07 2.857545e-02 3.269361e+00
251 1.075673e-07 2.542041e-02 3.399511e+00
252 8.834455e-08 1.787041e-01 3.300061e+00
253 1.012815e-07 1.464374e-01 3.269552e+00
254 8.789504e-08 1.321709e-01 3.375081e+00
255 1.303085e-07 4.825470e-01 3.464842e+00
256 8.876105e-08 3.188393e-01 3.511004e+00
257 9.538413e-08 7.461698e-02 3.364697e+00
258 8.741409e-08 8.355730e-02 3.448754e+00
259 8.791261e-08 5.702920e-03 3.324302e+00
260 8.761465e-08 3.389269e-03 3.440635e+00
261 1.101759e-07 2.575053e-01 3.394745e+00
262 7.447941e-08 3.239953e-01 3.384151e+00
263 1.108274e-07 4.880278e-01 3.350456e+00
264 8.397438e-08 2.422961e-01 3.347675e+00
265 8.353735e-08 5.204223e-03 3.339654e+00
266 8.097661e-08 3.065387e-02 3.374548e+00
267 7.802686e-08 3.642719e-02 3.323778e+00
268 7.534077e-08 3.442514e-02 3.397644e+00
269 6.219743e-08 1.744519e-01 3.386944e+00
270 6.405729e-08 2.990242e-02 3.284621e+00
271 5.958173e-08 6.986805e-02 3.202042e+00
272 6.295752e-08 5.665819e-02 3.310939e+00
273 5.568537e-08 1.155088e-01 3.355793e+00
274 6.406411e-08 1.504657e-01 3.359601e+00
275 4.717695e-08 2.635978e-01 3.407765e+00
276 5.980599e-08 2.676951e-01 3.334352e+00
277 4.857745e-08 1.877494e-01 3.413494e+00
278 5.280592e-08 8.704598e-02 3.381190e+00
279 6.779478e-08 2.838482e-01 3.325848e+00
280 5.467538e-08 1.935164e-01 3.182280e+00
281 5.211839e-08 4.676676e-02 3.395851e+00
282 5.273951e-08 1.191752e-02 3.467180e+00
283 6.108072e-08 1.581586e-01 3.220600e+00
284 4.637620e-08 2.407391e-01 3.316735e+00
285 5.767412e-08 2.436146e-01 3.278334e+00
286 5.591435e-08 3.051236e-02 3.303359e+00
287 4.999741e-08 1.058215e-01 3.289069e+00
288 5.173460e-08 3.474558e-02 3.455873e+00
289 5.792645e-08 1.196850e-01 3.502186e+00
290 4.544012e-08 2.155549e-01 4.026643e+00
291 5.107168e-08 1.239337e-01 3.182786e+00
292 5.288800e-08 3.556412e-02 3.317247e+00
293 4.542745e-08 1.410633e-01 3.335261e+00
294 4.014661e-08 1.162477e-01 3.340212e+00
295 5.036681e-08 2.545721e-01 3.494615e+00
296 2.891639e-08 4.258840e-01 3.445593e+00
297 4.791248e-08 6.569315e-01 3.278466e+00
298 4.224328e-08 1.183242e-01 3.319558e+00
299 3.477216e-08 1.768592e-01 3.271779e+00
300 3.909554e-08 1.243344e-01 3.623638e+00
301 3.049312e-08 2.200359e-01 3.541143e+00
302 3.527380e-08 1.567791e-01 3.519100e+00
303 3.344747e-08 5.177575e-02 3.293451e+00
304 2.745396e-08 1.791916e-01 3.409691e+00
305 3.881683e-08 4.138880e-01 3.389578e+00
306 2.897744e-08 2.534825e-01 3.357796e+00
307 2.753291e-08 4.985038e-02 3.312078e+00
308 3.255415e-08 1.823725e-01 3.315878e+00
309 2.993315e-08 8.051202e-02 3.270067e+00
310 2.760501e-08 7.777801e-02 3.315664e+00
311 3.596041e-08 3.026769e-01 3.268927e+00
312 2.542813e-08 2.928853e-01 3.270689e+00
313 3.184231e-08 2.522472e-01 3.444968e+00
314 2.855451e-08 1.032525e-01 3.544923e+00
315 2.594416e-08 9.141637e-02 3.253754e+00
316 2.400778e-08 7.463635e-02 3.221531e+00
317 3.314252e-08 3.804905e-01 3.166448e+00
318 2.335262e-08 2.953878e-01 3.185569e+00
319 2.078252e-08 1.100561e-01 3.217297e+00
320 2.421690e-08 1.652533e-01 3.181093e+00
321 2.023332e-08 1.644960e-01 3.301444e+00
322 1.839010e-08 9.109806e-02 3.359129e+00
323 2.347870e-08 2.767031e-01 3.403933e+00
324 1.859732e-08 2.079068e-01 3.405937e+00
325 1.698535e-08 8.667733e-02 3.364367e+00
326 1.986827e-08 1.697298e-01 3.424433e+00
327 1.480887e-08 2.546474e-01 3.419834e+00
328 1.885737e-08 2.733833e-01 3.285905e+00
329 1.210143e-08 3.582651e-01 3.205345e+00
330 2.491725e-08 1.059033e+00 3.164682e+00
331 1.455412e-08 4.159019e-01 3.029995e+00
332 2.850112e-08 9.582857e-01 3.190758e+00
333 1.386854e-08 5.134037e-01 3.174264e+00
334 1.377435e-08 6.791613e-03 3.118742e+00
335 1.358661e-08 1.362988e-02 3.127057e+00
336 1.343872e-08 1.088494e-02 3.102089e+00
337 1.382250e-08 2.855807e-02 3.150790e+00
338 1.209757e-08 1.247916e-01 3.045041e+00
339 1.275341e-08 5.421255e-02 3.163120e+00
340 1.031242e-08 1.913988e-01 3.217101e+00
341 1.228405e-08 1.911890e-01 3.272885e+00
342 1.057715e-08 1.389525e-01 3.107292e+00
343 1.118132e-08 5.712057e-02 3.293585e+00
344 9.880049e-09 1.163791e-01 3.347662e+00
345 1.118960e-08 1.325453e-01 3.337716e+00
346 9.121247e-09 1.848462e-01 3.359890e+00
347 9.467694e-09 3.798244e-02 3.246231e+00
348 8.652612e-09 8.609087e-02 3.286390e+00
349 1.256984e-08 4.527219e-01 3.247394e+00
350 9.889354e-09 2.132473e-01 3.214018e+00
351 9.935373e-09 4.653362e-03 3.102247e+00
352 8.738596e-09 1.204562e-01 3.164610e+00
353 1.156206e-08 3.231030e-01 3.174933e+00
354 8.956234e-09 2.253774e-01 3.102878e+00
355 1.058145e-08 1.814616e-01 3.133872e+00
356 6.932432e-09 3.448503e-01 3.149904e+00
357 8.604977e-09 2.412638e-01 3.148395e+00
358 8.912537e-09 3.574209e-02 3.237030e+00
359 6.615446e-09 2.577371e-01 3.291191e+00
360 7.007869e-09 5.931924e-02 3.384611e+00
361 6.997868e-09 1.427173e-03 3.140452e+00
362 6.332289e-09 9.511166e-02 3.116233e+00
363 8.498901e-09 3.421531e-01 3.127241e+00
364 5.979410e-09 2.964491e-01 3.077183e+00
365 6.024101e-09 7.474154e-03 3.254087e+00
366 7.413076e-09 2.305698e-01 3.231434e+00
367 5.030211e-09 3.214408e-01 3.109476e+00
368 6.299350e-09 2.523032e-01 2.943051e+00
369 4.996321e-09 2.068513e-01 2.958500e+00
370 5.102115e-09 2.117425e-02 3.047691e+00
371 5.356092e-09 4.977889e-02 2.951900e+00
372 5.672663e-09 5.910484e-02 2.957406e+00
373 4.232496e-09 2.538784e-01 3.036661e+00
374 5.641237e-09 3.328392e-01 2.943832e+00
375 4.516355e-09 1.994034e-01 2.877389e+00
376 3.899701e-09 1.365380e-01 3.004535e+00
377 4.610209e-09 1.821955e-01 3.046543e+00
378 4.987962e-09 8.193830e-02 3.143646e+00
379 3.760090e-09 2.461672e-01 3.127834e+00
380 4.463926e-09 1.871862e-01 3.237938e+00
381 3.777460e-09 1.537808e-01 3.013727e+00
382 3.980333e-09 5.370609e-02 3.055309e+00
383 4.417455e-09 1.098204e-01 3.286680e+00
384 3.815046e-09 1.363700e-01 3.013521e+00
385 4.216013e-09 1.051015e-01 3.166502e+00
386 3.465933e-09 1.779123e-01 3.221627e+00
387 4.435056e-09 2.796140e-01 3.185806e+00
388 3.669727e-09 1.725637e-01 3.292618e+00
389 2.885960e-09 2.135762e-01 3.210485e+00
390 4.233676e-09 4.669904e-01 3.209218e+00
391 3.011225e-09 2.887446e-01 3.288583e+00
392 3.300725e-09 9.614000e-02 3.635049e+00
393 3.023234e-09 8.406946e-02 3.410200e+00
394 2.838172e-09 6.121349e-02 3.220603e+00
395 2.791863e-09 1.631636e-02 2.939439e+00
396 2.899848e-09 3.867834e-02 3.131361e+00
397 2.560091e-09 1.171635e-01 3.102208e+00
398 2.825991e-09 1.038633e-01 3.199593e+00
399 3.221089e-09 1.398086e-01 3.291366e+00
400 2.785331e-09 1.352829e-01 3.348142e+00
401 3.393093e-09 2.182012e-01 3.300407e+00
402 2.918702e-09 1.398110e-01 3.388834e+00
403 3.029196e-09 3.785753e-02 3.425935e+00
404 2.534897e-09 1.631783e-01 3.499909e+00
405 2.840382e-09 1.205116e-01 3.430024e+00
406 2.970935e-09 4.596307e-02 3.429262e+00
407 2.524519e-09 1.502609e-01 3.292107e+00
408 2.663616e-09 5.509822e-02 3.196308e+00
409 2.373444e-09 1.089390e-01 3.172834e+00
410 2.566212e-09 8.121869e-02 3.181348e+00
411 2.941552e-09 1.462623e-01 3.213499e+00
412 2.625816e-09 1.073367e-01 3.139455e+00
413 2.670400e-09 1.697915e-02 3.198144e+00
414 2.346324e-09 1.213584e-01 3.126896e+00
415 2.411437e-09 2.775079e-02 3.300677e+00
416 2.663987e-09 1.047302e-01 3.168668e+00
417 2.276279e-09 1.455366e-01 3.206925e+00
418 2.252296e-09 1.053631e-02 3.241962e+00
419 1.752568e-09 2.218748e-01 3.181849e+00
420 1.894729e-09 8.111566e-02 3.094198e+00
421 1.851362e-09 2.288816e-02 3.160144e+00
422 1.960224e-09 5.880075e-02 3.118069e+00
423 2.071958e-09 5.700068e-02 3.125056e+00
424 2.072514e-09 2.683451e-04 3.053250e+00
425 2.096664e-09 1.165285e-02 3.126458e+00
426 1.915668e-09 8.632569e-02 3.036884e+00
427 2.093323e-09 9.273747e-02 3.118141e+00
428 1.697938e-09 1.888789e-01 3.086546e+00
429 1.767980e-09 4.125139e-02 3.164172e+00
430 1.654660e-09 6.409612e-02 3.668582e+00
431 1.438246e-09 1.307904e-01 3.540660e+00
432 1.503428e-09 4.532038e-02 3.252081e+00
433 1.565567e-09 4.133137e-02 3.121600e+00
434 2.107648e-09 3.462522e-01 3.241574e+00
435 1.766741e-09 1.617473e-01 3.053578e+00
436 1.700989e-09 3.721652e-02 3.084029e+00
437 1.567637e-09 7.839692e-02 3.275967e+00
438 1.342912e-09 1.433526e-01 3.283024e+00
439 1.089093e-09 1.890069e-01 3.149494e+00
440 1.139357e-09 4.615230e-02 3.276634e+00
441 1.169347e-09 2.632217e-02 3.234748e+00
442 1.175222e-09 5.023953e-03 3.244420e+00
443 9.507919e-10 1.909681e-01 3.196998e+00
444 1.176509e-09 2.373993e-01 2.972032e+00
445 8.650117e-10 2.647642e-01 2.982517e+00
446 1.368151e-09 5.816557e-01 2.981545e+00
447 9.613741e-10 2.973186e-01 3.163947e+00
448 1.180547e-09 2.279793e-01 3.108467e+00
449 9.817935e-10 1.683574e-01 3.049831e+00
450 9.405877e-10 4.196994e-02 3.085470e+00
451 9.368043e-10 4.022398e-03 3.058545e+00
452 1.189822e-09 2.700855e-01 2.994336e+00
453 8.122532e-10 3.173320e-01 2.990701e+00
454 1.091306e-09 3.435538e-01 3.006906e+00
455 9.884344e-10 9.426448e-02 3.029041e+00
456 9.409802e-10 4.800952e-02 3.054569e+00
457 8.853639e-10 5.910463e-02 3.085548e+00
458 6.871743e-10 2.238510e-01 2.965512e+00
459 9.194080e-10 3.379545e-01 3.163427e+00
460 7.149453e-10 2.223851e-01 3.159304e+00
461 7.126308e-10 3.237285e-03 3.129857e+00
462 6.927569e-10 2.788820e-02 3.198203e+00
463 6.173346e-10 1.088726e-01 3.046826e+00
464 6.418659e-10 3.973739e-02 2.958303e+00
465 6.400637e-10 2.807791e-03 2.957669e+00
466 7.365180e-10 1.506948e-01 3.078877e+00
467 6.432204e-10 1.266739e-01 3.038109e+00
468 4.845089e-10 2.467451e-01 3.117061e+00
469 6.749801e-10 3.931222e-01 3.180258e+00
470 5.530043e-10 1.807102e-01 3.052679e+00
471 5.317154e-10 3.849673e-02 3.119083e+00
472 5.022897e-10 5.534125e-02 3.157444e+00
473 5.150141e-10 2.533297e-02 3.132238e+00
474 4.609957e-10 1.048873e-01 3.251320e+00
475 5.466109e-10 1.857180e-01 3.257128e+00
476 4.486750e-10 1.791693e-01 3.140989e+00
477 7.295000e-10 6.258986e-01 3.290093e+00
478 4.928704e-10 3.243723e-01 3.199167e+00
479 5.772230e-10 1.711457e-01 3.944682e+00
480 4.673530e-10 1.903424e-01 3.721185e+00
481 6.554401e-10 4.024519e-01 3.795302e+00
482 6.006441e-10 8.360192e-02 3.804320e+00
483 4.529573e-10 2.458806e-01 3.818115e+00
484 5.134539e-10 1.335592e-01 3.129324e+00
485 3.852346e-10 2.497192e-01 2.999891e+00
486 4.393842e-10 1.405626e-01 2.871210e+00
487 2.980645e-10 3.216314e-01 2.896466e+00
488 4.118198e-10 3.816468e-01 2.943949e+00
489 3.923825e-10 4.719865e-02 2.863345e+00
490 3.833258e-10 2.308117e-02 3.190664e+00
491 2.889985e-10 2.460761e-01 3.099957e+00
492 3.778515e-10 3.074516e-01 3.095341e+00
493 2.555184e-10 3.237598e-01 3.092511e+00
494 4.347311e-10 7.013693e-01 3.069803e+00
495 2.807067e-10 3.542982e-01 2.961226e+00
496 3.439465e-10 2.252880e-01 2.976683e+00
497 2.833765e-10 1.761029e-01 2.930827e+00
498 3.403978e-10 2.012209e-01 3.133787e+00
499 2.951718e-10 1.328623e-01 3.551453e+00
500 2.901087e-10 1.715293e-02 3.061969e+00
501 2.765290e-10 4.680898e-02 3.158560e+00
502 2.844794e-10 2.875075e-02 3.117108e+00
503 2.452688e-10 1.378329e-01 3.021778e+00
504 3.336700e-10 3.604257e-01 2.956836e+00
505 2.334738e-10 3.002853e-01 3.179076e+00
506 2.948818e-10 2.630188e-01 3.139916e+00
507 2.580330e-10 1.249611e-01 3.027937e+00
508 2.288286e-10 1.131809e-01 3.093594e+00
509 2.598880e-10 1.357320e-01 3.044954e+00
510 2.308356e-10 1.117883e-01 2.998038e+00
511 2.073370e-10 1.017977e-01 3.212073e+00
512 1.864190e-10 1.008891e-01 3.389061e+00
513 1.459322e-10 2.171819e-01 3.158691e+00
514 2.287085e-10 5.672248e-01 3.157333e+00
515 1.849938e-10 1.911372e-01 2.943409e+00
516 1.668511e-10 9.807199e-02 3.083892e+00
517 1.627813e-10 2.439148e-02 3.012819e+00
518 1.536780e-10 5.592401e-02 3.046591e+00
519 2.134638e-10 3.890333e-01 2.965112e+00
520 1.604546e-10 2.483285e-01 2.902447e+00
521 1.497165e-10 6.692351e-02 3.055024e+00
522 1.440850e-10 3.761440e-02 3.087531e+00
523 1.396097e-10 3.106021e-02 2.982718e+00
524 1.375735e-10 1.458459e-02 3.182472e+00
525 1.765509e-10 2.833204e-01 3.107821e+00
526 1.519410e-10 1.393925e-01 3.147717e+00
527 1.330276e-10 1.244787e-01 2.959526e+00
528 1.208915e-10 9.122972e-02 2.911093e+00
529 1.324799e-10 9.585782e-02 2.999999e+00
530 1.440831e-10 8.758432e-02 2.887032e+00
531 9.847601e-11 3.165332e-01 2.799699e+00
