1 9.990880e-01 1.000000e+00 3.696163e+00
2 9.989534e-01 1.347330e-04 3.807545e+00
3 9.915208e-01 7.440469e-03 3.790050e+00
4 9.887667e-01 2.777644e-03 3.836729e+00
5 9.853807e-01 3.424410e-03 3.902354e+00
6 9.797612e-01 5.702906e-03 3.710676e+00
7 9.784717e-01 1.316079e-03 3.848259e+00
8 9.779104e-01 5.736694e-04 3.599684e+00
9 9.769358e-01 9.966424e-04 3.735844e+00
10 9.765802e-01 3.639986e-04 3.591135e+00
11 9.765265e-01 5.493346e-05 3.552076e+00
12 9.762119e-01 3.222560e-04 3.670819e+00
13 9.756694e-01 5.556205e-04 3.495416e+00
14 9.750461e-01 6.388903e-04 3.847779e+00
15 9.693375e-01 5.854738e-03 3.807972e+00
16 9.617782e-01 7.798421e-03 3.760426e+00
17 9.615211e-01 2.673170e-04 3.472332e+00
18 9.617120e-01 1.986191e-04 3.744081e+00
19 9.618491e-01 1.425574e-04 3.527550e+00
20 9.615722e-01 2.879277e-04 3.598787e+00
21 9.607468e-01 8.583402e-04 3.591689e+00
22 9.590677e-01 1.747711e-03 3.663462e+00
23 9.589588e-01 1.135281e-04 3.559736e+00
24 9.593716e-01 4.304279e-04 3.583624e+00
25 9.588876e-01 5.044648e-04 3.735853e+00
26 9.589988e-01 1.158876e-04 3.783410e+00
27 9.587050e-01 3.063320e-04 3.887296e+00
28 9.588005e-01 9.963089e-05 3.575382e+00
29 9.586153e-01 1.931178e-04 3.551601e+00
30 9.587826e-01 1.745193e-04 3.591400e+00
31 9.562890e-01 2.600855e-03 3.703736e+00
32 9.537005e-01 2.706815e-03 3.696240e+00
33 9.538713e-01 1.790911e-04 3.671537e+00
34 9.531363e-01 7.705407e-04 3.631154e+00
35 9.533075e-01 1.796525e-04 3.727408e+00
36 9.525999e-01 7.423317e-04 3.583885e+00
37 9.526334e-01 3.524715e-05 3.846446e+00
38 9.520371e-01 6.260104e-04 4.055076e+00
39 9.522141e-01 1.859504e-04 3.672397e+00
40 9.515008e-01 7.491381e-04 3.647154e+00
41 9.513845e-01 1.222330e-04 3.519590e+00
42 9.518116e-01 4.489399e-04 3.704134e+00
43 9.513477e-01 4.874150e-04 3.542417e+00
44 9.515203e-01 1.814407e-04 3.575357e+00
45 9.487137e-01 2.949533e-03 3.655186e+00
46 9.487874e-01 7.767204e-05 3.400136e+00
47 9.488265e-01 4.122168e-05 3.431435e+00
48 9.485553e-01 2.858738e-04 3.559626e+00
49 9.476259e-01 9.798111e-04 3.646480e+00
50 9.483768e-01 7.924735e-04 3.944592e+00
51 9.453823e-01 3.157578e-03 3.599776e+00
52 9.450944e-01 3.044464e-04 3.719433e+00
53 9.450698e-01 2.606619e-05 3.375503e+00
54 9.447927e-01 2.931916e-04 3.279736e+00
55 9.447853e-01 7.819624e-06 3.304091e+00
56 9.441772e-01 6.436462e-04 3.335447e+00
57 9.420901e-01 2.210542e-03 3.536246e+00
58 9.426273e-01 5.702623e-04 3.351327e+00
59 9.390964e-01 3.745884e-03 3.312370e+00
60 9.380582e-01 1.105442e-03 3.502663e+00
61 9.375269e-01 5.664140e-04 3.510690e+00
62 9.394827e-01 2.086099e-03 3.384069e+00
63 9.382319e-01 1.331336e-03 3.591052e+00
64 9.369704e-01 1.344518e-03 3.392016e+00
65 9.363059e-01 7.092308e-04 3.591606e+00
66 9.360069e-01 3.193830e-04 3.384283e+00
67 9.361667e-01 1.707563e-04 3.359174e+00
68 9.276798e-01 9.065560e-03 3.552135e+00
69 9.267038e-01 1.052121e-03 3.503724e+00
70 9.284326e-01 1.865562e-03 3.487946e+00
71 9.016204e-01 2.887907e-02 3.487559e+00
72 8.977400e-01 4.303725e-03 3.695959e+00
73 8.948151e-01 3.258108e-03 3.574561e+00
74 8.953017e-01 5.437665e-04 3.623485e+00
75 8.938029e-01 1.674047e-03 3.519667e+00
76 8.944752e-01 7.521952e-04 3.479930e+00
77 8.938836e-01 6.613997e-04 3.407619e+00
78 8.927035e-01 1.320203e-03 3.327948e+00
79 8.922253e-01 5.357138e-04 3.479342e+00
80 8.914564e-01 8.617123e-04 3.431672e+00
81 8.912555e-01 2.254149e-04 3.376181e+00
82 8.925354e-01 1.436124e-03 3.429908e+00
83 8.914535e-01 1.212138e-03 3.430319e+00
84 8.913358e-01 1.320690e-04 3.680014e+00
85 8.911377e-01 2.222492e-04 3.703328e+00
86 8.889593e-01 2.444566e-03 3.327467e+00
87 8.783022e-01 1.198822e-02 3.309767e+00
88 8.780481e-01 2.892936e-04 3.479672e+00
89 8.717104e-01 7.217969e-03 3.807776e+00
90 8.715495e-01 1.845441e-04 3.512364e+00
91 8.706772e-01 1.000891e-03 3.455271e+00
92 8.710346e-01 4.104617e-04 3.448129e+00
93 8.711378e-01 1.184813e-04 3.447443e+00
94 8.692164e-01 2.205660e-03 3.439575e+00
95 8.672795e-01 2.228326e-03 3.543699e+00
96 8.675657e-01 3.300124e-04 3.479548e+00
97 8.677542e-01 2.173475e-04 3.568148e+00
98 8.672714e-01 5.564337e-04 3.591607e+00
99 8.671012e-01 1.962445e-04 3.415575e+00
100 8.353896e-01 3.657195e-02 3.376506e+00
101 7.792093e-01 6.725049e-02 3.527547e+00
102 7.787088e-01 6.422784e-04 3.383768e+00
103 7.298164e-01 6.278647e-02 3.471152e+00
104 7.113918e-01 2.524551e-02 3.335610e+00
105 7.162724e-01 6.860588e-03 3.438280e+00
106 7.020177e-01 1.990126e-02 3.399730e+00
107 7.011991e-01 1.165986e-03 3.518354e+00
108 7.016792e-01 6.846923e-04 3.479363e+00
109 7.044961e-01 4.014512e-03 3.571462e+00
110 7.019907e-01 3.556344e-03 3.319405e+00
111 7.006155e-01 1.959010e-03 3.264501e+00
112 7.012901e-01 9.628886e-04 3.224065e+00
113 6.789702e-01 3.182693e-02 3.408642e+00
114 6.770918e-01 2.766579e-03 3.391409e+00
115 7.022520e-01 3.715928e-02 3.464034e+00
116 6.669859e-01 5.021858e-02 3.391306e+00
117 5.662035e-01 1.511012e-01 3.568075e+00
118 5.679544e-01 3.092335e-03 3.343251e+00
119 5.672292e-01 1.276911e-03 3.472823e+00
120 5.641048e-01 5.508203e-03 3.471269e+00
121 5.662742e-01 3.845735e-03 3.616523e+00
122 5.204572e-01 8.090957e-02 3.335449e+00
123 4.930225e-01 5.271266e-02 3.446963e+00
124 4.476025e-01 9.212558e-02 3.495257e+00
125 4.459714e-01 3.644201e-03 3.407420e+00
126 4.448449e-01 2.525817e-03 3.439563e+00
127 4.488375e-01 8.975234e-03 3.367514e+00
128 4.378359e-01 2.451129e-02 3.440222e+00
129 3.866608e-01 1.168821e-01 3.430962e+00
130 3.892461e-01 6.686442e-03 3.440023e+00
131 3.698421e-01 4.985042e-02 3.919720e+00
132 3.673231e-01 6.810806e-03 3.704034e+00
133 3.656173e-01 4.643965e-03 3.575512e+00
134 3.680166e-01 6.562358e-03 3.295899e+00
135 3.655612e-01 6.672032e-03 3.448105e+00
136 3.639275e-01 4.468913e-03 3.311481e+00
137 3.678480e-01 1.077264e-02 3.311695e+00
138 3.634076e-01 1.207122e-02 3.487462e+00
139 3.648509e-01 3.971575e-03 3.367642e+00
140 3.597340e-01 1.402453e-02 3.239776e+00
141 3.589263e-01 2.245320e-03 3.287325e+00
142 3.553427e-01 9.984411e-03 3.286849e+00
143 3.551825e-01 4.505972e-04 3.439221e+00
144 3.560509e-01 2.444807e-03 3.590088e+00
145 3.361591e-01 5.586787e-02 3.680274e+00
146 3.195816e-01 4.931441e-02 3.454600e+00
147 3.146591e-01 1.540308e-02 3.571637e+00
148 3.131994e-01 4.638728e-03 3.451994e+00
149 3.119738e-01 3.913190e-03 3.351760e+00
150 3.085883e-01 1.085197e-02 3.432378e+00
151 2.973707e-01 3.635122e-02 3.407132e+00
152 2.832838e-01 4.737150e-02 3.511981e+00
153 2.718253e-01 4.044906e-02 3.495551e+00
154 2.769293e-01 1.877673e-02 3.359447e+00
155 2.723231e-01 1.663313e-02 3.568449e+00
156 2.590025e-01 4.891461e-02 3.598177e+00
157 2.539284e-01 1.959101e-02 3.717071e+00
158 2.452536e-01 3.416217e-02 3.375861e+00
159 2.751383e-01 1.218522e-01 3.535731e+00
160 2.315996e-01 1.582432e-01 3.543392e+00
161 2.030207e-01 1.233977e-01 3.462461e+00
162 1.888684e-01 6.970897e-02 3.407751e+00
163 1.863775e-01 1.318831e-02 3.407759e+00
164 7.148583e-02 6.164460e-01 3.536150e+00
165 3.255699e-02 5.445673e-01 3.364051e+00
166 2.860534e-02 1.213762e-01 3.512399e+00
167 2.714430e-02 5.107606e-02 3.822484e+00
168 2.932010e-02 8.015683e-02 3.735372e+00
169 2.571158e-02 1.230731e-01 3.566804e+00
170 2.209271e-02 1.407488e-01 3.487594e+00
171 1.811282e-02 1.801448e-01 3.439786e+00
172 1.831998e-02 1.143729e-02 3.448322e+00
173 1.750417e-02 4.453104e-02 3.408517e+00
174 1.678788e-02 4.092149e-02 3.318185e+00
175 1.571639e-02 6.382510e-02 3.440351e+00
176 1.738307e-02 1.060472e-01 3.463287e+00
177 1.609719e-02 7.397320e-02 3.447688e+00
178 1.755999e-02 9.087326e-02 3.471964e+00
179 1.409068e-02 1.975689e-01 3.487450e+00
180 1.310765e-02 6.976484e-02 3.335324e+00
181 7.785762e-03 4.060138e-01 3.303954e+00
182 3.481801e-03 5.527989e-01 3.352367e+00
183 4.773165e-03 3.708896e-01 3.335165e+00
184 2.414066e-03 4.942420e-01 3.319655e+00
185 3.813656e-03 5.797647e-01 3.263427e+00
186 2.253225e-03 4.091694e-01 3.294238e+00
187 1.896325e-03 1.583951e-01 3.343989e+00
188 1.701254e-03 1.028682e-01 3.278957e+00
189 2.051492e-03 2.058711e-01 3.304417e+00
190 1.789272e-03 1.278192e-01 3.326218e+00
191 1.605724e-03 1.025828e-01 3.543693e+00
192 1.200876e-03 2.521282e-01 3.400112e+00
193 1.314463e-03 9.458736e-02 3.485072e+00
194 2.087364e-03 5.879974e-01 3.438712e+00
195 1.334872e-03 3.604988e-01 3.415503e+00
196 9.004150e-04 3.254672e-01 3.711945e+00
197 1.100905e-03 2.226641e-01 3.564110e+00
198 1.004070e-03 8.795989e-02 3.216109e+00
199 6.900429e-04 3.127539e-01 3.319120e+00
200 6.180556e-04 1.043231e-01 3.351942e+00
201 7.630107e-04 2.345343e-01 3.351835e+00
202 5.586409e-04 2.678466e-01 3.294854e+00
203 4.033415e-04 2.779951e-01 3.303996e+00
204 6.172252e-04 5.302795e-01 3.383706e+00
205 4.333913e-04 2.978393e-01 3.359436e+00
206 2.573516e-04 4.061910e-01 3.439745e+00
207 3.524343e-04 3.694657e-01 3.511913e+00
208 1.926275e-04 4.534371e-01 3.439641e+00
209 3.848317e-04 9.978029e-01 3.311197e+00
210 1.801351e-04 5.319122e-01 3.327062e+00
211 2.312776e-04 2.839122e-01 3.343972e+00
212 1.260625e-04 4.549298e-01 3.367275e+00
213 1.662398e-04 3.187093e-01 3.384219e+00
214 1.141861e-04 3.131241e-01 3.367792e+00
215 1.752075e-04 5.344032e-01 3.455701e+00
216 1.259964e-04 2.808737e-01 3.366417e+00
217 1.086044e-04 1.380352e-01 3.344541e+00
218 1.928012e-04 7.752611e-01 3.455171e+00
219 1.769880e-04 8.201849e-02 3.612020e+00
220 6.058474e-05 6.576901e-01 3.525344e+00
221 8.819460e-05 4.557232e-01 3.287819e+00
222 6.386827e-05 2.758256e-01 3.312066e+00
223 8.765655e-05 3.724583e-01 3.263549e+00
224 5.959008e-05 3.201867e-01 3.279302e+00
225 7.788939e-05 3.070864e-01 3.343644e+00
226 4.008285e-05 4.853875e-01 3.392254e+00
227 8.349101e-05 1.082961e+00 3.279349e+00
228 5.212338e-05 3.757007e-01 3.288252e+00
229 1.123456e-04 1.155378e+00 3.327659e+00
230 7.318766e-05 3.485488e-01 3.415416e+00
231 9.173929e-05 2.534802e-01 3.479310e+00
232 5.705833e-05 3.780382e-01 3.718339e+00
233 6.019993e-05 5.505949e-02 3.391779e+00
234 4.940078e-05 1.793881e-01 3.255423e+00
235 7.063282e-05 4.297916e-01 3.256273e+00
236 4.802187e-05 3.201195e-01 3.502737e+00
237 5.555320e-05 1.568311e-01 3.382286e+00
238 3.416352e-05 3.850306e-01 3.302854e+00
239 4.179176e-05 2.232861e-01 3.375756e+00
240 6.439010e-05 5.407368e-01 3.287140e+00
241 5.457160e-05 1.524846e-01 3.319362e+00
242 3.373234e-05 3.818700e-01 3.311273e+00
243 4.850641e-05 4.379792e-01 3.304335e+00
244 2.972525e-05 3.871892e-01 3.455389e+00
245 3.383777e-05 1.383509e-01 3.270273e+00
246 8.103359e-05 1.394768e+00 3.287847e+00
247 7.562752e-05 6.671393e-02 3.252836e+00
248 6.558787e-05 1.327513e-01 3.351625e+00
249 7.029799e-05 7.181390e-02 3.399975e+00
250 4.880161e-05 3.057895e-01 3.445737e+00
251 3.536145e-05 2.754040e-01 3.367080e+00
252 1.975498e-05 4.413412e-01 3.288200e+00
253 2.232281e-05 1.299838e-01 3.271850e+00
254 3.298973e-05 4.778483e-01 3.325627e+00
255 2.134993e-05 3.528309e-01 3.333257e+00
256 2.473725e-05 1.586570e-01 3.383164e+00
257 1.763465e-05 2.871217e-01 3.519752e+00
258 2.914980e-05 6.529841e-01 3.407739e+00
259 1.774955e-05 3.910919e-01 3.510202e+00
260 2.641888e-05 4.884259e-01 3.375778e+00
261 1.338325e-05 4.934213e-01 3.367931e+00
262 1.473038e-05 1.006580e-01 3.311695e+00
263 1.811795e-05 2.299723e-01 3.351511e+00
264 1.942088e-05 7.191349e-02 3.375994e+00
265 1.155866e-05 4.048334e-01 3.328094e+00
266 9.735569e-06 1.577251e-01 3.319886e+00
267 2.319253e-05 1.382247e+00 3.343346e+00
268 1.963088e-05 1.535686e-01 3.336247e+00
269 7.702619e-06 6.076275e-01 3.350756e+00
270 1.308675e-05 6.990001e-01 3.431857e+00
271 1.035905e-05 2.084321e-01 3.648062e+00
272 1.672336e-05 6.143721e-01 3.261744e+00
273 1.051950e-05 3.709700e-01 3.279765e+00
274 8.833245e-06 1.602979e-01 3.270713e+00
275 5.107772e-06 4.217559e-01 3.352210e+00
276 8.700253e-06 7.033363e-01 3.238693e+00
277 4.256740e-06 5.107337e-01 3.240499e+00
278 7.891092e-06 8.537874e-01 3.254973e+00
279 5.608264e-06 2.892917e-01 3.376444e+00
280 5.937111e-06 5.863613e-02 3.350963e+00
281 1.168486e-05 9.681048e-01 3.295679e+00
282 7.282241e-06 3.767796e-01 3.496000e+00
283 7.104877e-06 2.435559e-02 3.525665e+00
284 5.241469e-06 2.622718e-01 3.375217e+00
285 5.862307e-06 1.184475e-01 3.247885e+00
286 5.660757e-06 3.438064e-02 3.400114e+00
287 8.547475e-06 5.099525e-01 3.295192e+00
288 5.741176e-06 3.283190e-01 3.301826e+00
289 7.673892e-06 3.366411e-01 3.311735e+00
290 5.248165e-06 3.161012e-01 3.311820e+00
291 6.616873e-06 2.607974e-01 3.247731e+00
292 7.152253e-06 8.091132e-02 3.360294e+00
293 7.857584e-06 9.861662e-02 3.310408e+00
294 1.053801e-05 3.411264e-01 3.448178e+00
295 5.689902e-06 4.600593e-01 3.495211e+00
296 4.285211e-06 2.468744e-01 3.687731e+00
297 4.302139e-06 3.950316e-03 3.431674e+00
298 3.340236e-06 2.235871e-01 3.415654e+00
299 2.790709e-06 1.645176e-01 3.344217e+00
300 4.441236e-06 5.914367e-01 3.255538e+00
301 3.126483e-06 2.960332e-01 3.319859e+00
302 2.417893e-06 2.266411e-01 3.303687e+00
303 2.630637e-06 8.798734e-02 3.327793e+00
304 2.631571e-06 3.550056e-04 3.343551e+00
305 3.243944e-06 2.327021e-01 3.320269e+00
306 2.754931e-06 1.507464e-01 3.399417e+00
307 2.827689e-06 2.641037e-02 3.382994e+00
308 1.423219e-06 4.966848e-01 3.536470e+00
309 2.969004e-06 1.086119e+00 3.311472e+00
310 2.643118e-06 1.097628e-01 3.312236e+00
311 1.583494e-06 4.008991e-01 3.390682e+00
312 1.640875e-06 3.623656e-02 3.360058e+00
313 1.343523e-06 1.812156e-01 3.391111e+00
314 1.465406e-06 9.071896e-02 3.263230e+00
315 1.661899e-06 1.340880e-01 3.296045e+00
316 8.904404e-07 4.642030e-01 3.423208e+00
317 9.308294e-07 4.535840e-02 3.471497e+00
318 1.133657e-06 2.179002e-01 3.655637e+00
319 1.075502e-06 5.129865e-02 3.718701e+00
320 1.040018e-06 3.299353e-02 3.500814e+00
321 1.094479e-06 5.236613e-02 3.711536e+00
322 6.822723e-07 3.766238e-01 3.440371e+00
323 9.123637e-07 3.372427e-01 3.359095e+00
324 5.830660e-07 3.609280e-01 3.288197e+00
325 9.278175e-07 5.912734e-01 3.351316e+00
326 7.437810e-07 1.983542e-01 3.359929e+00
327 1.194744e-06 6.063119e-01 3.375511e+00
328 1.050768e-06 1.205081e-01 3.392173e+00
329 7.160893e-07 3.185085e-01 3.383454e+00
330 5.996528e-07 1.626005e-01 3.439510e+00
331 1.179634e-06 9.671943e-01 3.456182e+00
332 9.139169e-07 2.252535e-01 3.551827e+00
333 6.660389e-07 2.712260e-01 3.255920e+00
334 5.150141e-07 2.267507e-01 3.319027e+00
335 4.911066e-07 4.642104e-02 3.304129e+00
336 4.106849e-07 1.637562e-01 3.327644e+00
337 4.497772e-07 9.518810e-02 3.344086e+00
338 7.238242e-07 6.092950e-01 3.335973e+00
339 6.593624e-07 8.905726e-02 3.391393e+00
340 3.508209e-07 4.679391e-01 3.279004e+00
341 5.224622e-07 4.892560e-01 3.271401e+00
342 3.252556e-07 3.774561e-01 3.224278e+00
343 4.865954e-07 4.960399e-01 3.386812e+00
344 2.729573e-07 4.390466e-01 3.603890e+00
345 6.044296e-07 1.214374e+00 3.143896e+00
346 3.721181e-07 3.843483e-01 3.231121e+00
347 3.667268e-07 1.448814e-02 3.159349e+00
348 2.115089e-07 4.232523e-01 3.191632e+00
349 3.838075e-07 8.146168e-01 3.240374e+00
350 2.310285e-07 3.980616e-01 3.167703e+00
351 2.422585e-07 4.860873e-02 3.183420e+00
352 2.430936e-07 3.447150e-03 3.126786e+00
353 1.562566e-07 3.572164e-01 3.264071e+00
354 1.524470e-07 2.438042e-02 3.151746e+00
355 1.710224e-07 1.218482e-01 3.174989e+00
356 1.453486e-07 1.501191e-01 3.168190e+00
357 2.807549e-07 9.315966e-01 3.229827e+00
358 1.998942e-07 2.880117e-01 3.183626e+00
359 2.225939e-07 1.135585e-01 3.247669e+00
360 1.477567e-07 3.362050e-01 3.119575e+00
361 2.595905e-07 7.568774e-01 3.096286e+00
362 2.444416e-07 5.835687e-02 3.133866e+00
363 2.001337e-07 1.812617e-01 3.151533e+00
364 2.197220e-07 9.787611e-02 3.176432e+00
365 1.584725e-07 2.787589e-01 3.110868e+00
366 2.051696e-07 2.946699e-01 3.168242e+00
367 2.061720e-07 4.885774e-03 3.111397e+00
368 1.156256e-07 4.391792e-01 3.168255e+00
369 1.316598e-07 1.386733e-01 3.175333e+00
370 8.490410e-08 3.551249e-01 3.229981e+00
371 1.400714e-07 6.497601e-01 3.191477e+00
372 8.861502e-08 3.673582e-01 3.136126e+00
373 9.038796e-08 2.000729e-02 3.135325e+00
374 1.776046e-07 9.649148e-01 3.184122e+00
375 1.256075e-07 2.927693e-01 3.223322e+00
376 1.283318e-07 2.168893e-02 3.168385e+00
377 7.861965e-08 3.873718e-01 3.167528e+00
378 8.538445e-08 8.604454e-02 3.143299e+00
379 8.054271e-08 5.670518e-02 3.199831e+00
380 5.572222e-08 3.081655e-01 3.189689e+00
381 1.189594e-07 1.134865e+00 3.343456e+00
382 8.324718e-08 3.002053e-01 3.175925e+00
383 6.563499e-08 2.115650e-01 3.199437e+00
384 4.525565e-08 3.104950e-01 3.272075e+00
385 5.936012e-08 3.116620e-01 3.223242e+00
386 1.352682e-07 1.278772e+00 3.279794e+00
387 7.469752e-08 4.477820e-01 3.247240e+00
388 5.541081e-08 2.581975e-01 3.240115e+00
389 4.117074e-08 2.569908e-01 3.239246e+00
390 9.551905e-08 1.320071e+00 3.288139e+00
391 6.126274e-08 3.586332e-01 3.279402e+00
392 9.141369e-08 4.921580e-01 3.167853e+00
393 8.213645e-08 1.014863e-01 3.168186e+00
394 5.620386e-08 3.157258e-01 3.167416e+00
395 3.068512e-08 4.540389e-01 3.199084e+00
396 7.016938e-08 1.286756e+00 3.224219e+00
397 5.203197e-08 2.584804e-01 3.143436e+00
398 3.846681e-08 2.607082e-01 3.207810e+00
399 2.668387e-08 3.063143e-01 3.191786e+00
400 5.612443e-08 1.103309e+00 3.232318e+00
401 4.344775e-08 2.258674e-01 3.223284e+00
402 3.029833e-08 3.026491e-01 3.392402e+00
403 2.144314e-08 2.922667e-01 3.326907e+00
404 5.356657e-08 1.498076e+00 3.422945e+00
405 3.765508e-08 2.970414e-01 3.184286e+00
406 2.244909e-08 4.038231e-01 3.206981e+00
407 3.258963e-08 4.517126e-01 3.175764e+00
408 3.757558e-08 1.529920e-01 3.208568e+00
409 1.873367e-08 5.014403e-01 3.215531e+00
410 1.793606e-08 4.257649e-02 3.215487e+00
411 2.136908e-08 1.914037e-01 3.239511e+00
412 1.868561e-08 1.255776e-01 3.248003e+00
413 2.776323e-08 4.858080e-01 3.384007e+00
414 1.914449e-08 3.104370e-01 3.223131e+00
415 1.186724e-08 3.801224e-01 3.399420e+00
416 1.334818e-08 1.247920e-01 3.470759e+00
417 2.079369e-08 5.577921e-01 3.231399e+00
418 1.784321e-08 1.418929e-01 3.224368e+00
419 1.244363e-08 3.026128e-01 3.151961e+00
420 1.304118e-08 4.802075e-02 3.175660e+00
421 9.865931e-09 2.434786e-01 3.214459e+00
422 1.102762e-08 1.177477e-01 3.183943e+00
423 8.403143e-09 2.379914e-01 3.231409e+00
424 1.094710e-08 3.027384e-01 3.176051e+00
425 7.745746e-09 2.924383e-01 3.191224e+00
426 1.917941e-08 1.476121e+00 3.215581e+00
427 1.119503e-08 4.162997e-01 3.535619e+00
428 1.068634e-08 4.543883e-02 3.687423e+00
429 8.572719e-09 1.977869e-01 3.457103e+00
430 9.530864e-09 1.117667e-01 3.271634e+00
431 6.769000e-09 2.897811e-01 3.126547e+00
432 9.805270e-09 4.485552e-01 3.255340e+00
433 5.859008e-09 4.024634e-01 3.336434e+00
434 8.794411e-09 5.010069e-01 3.255310e+00
435 1.436586e-08 6.335216e-01 3.236608e+00
436 1.009988e-08 2.969529e-01 3.191455e+00
437 4.626574e-09 5.419177e-01 3.239689e+00
438 5.180199e-09 1.196621e-01 3.223714e+00
439 1.105003e-08 1.133129e+00 3.182678e+00
440 6.632595e-09 3.997669e-01 3.223470e+00
441 1.018878e-08 5.361680e-01 3.079852e+00
442 6.211451e-09 3.903636e-01 3.199981e+00
443 4.902854e-09 2.106749e-01 3.191211e+00
444 5.230984e-09 6.692620e-02 3.240521e+00
445 4.855446e-09 7.179111e-02 3.207229e+00
446 3.682279e-09 2.416186e-01 3.319819e+00
447 6.536920e-09 7.752374e-01 3.168356e+00
448 3.964497e-09 3.935222e-01 3.247157e+00
449 8.377373e-09 1.113099e+00 3.223590e+00
450 5.863220e-09 3.001123e-01 3.352131e+00
451 7.102227e-09 2.113184e-01 3.319384e+00
452 4.406413e-09 3.795731e-01 3.487710e+00
453 6.588472e-09 4.952008e-01 3.247711e+00
454 4.380305e-09 3.351561e-01 3.215147e+00
455 4.609868e-09 5.240798e-02 3.263388e+00
456 3.780972e-09 1.798090e-01 3.175446e+00
457 3.594206e-09 4.939622e-02 3.269329e+00
458 7.120382e-09 9.810723e-01 3.391856e+00
459 6.434546e-09 9.632009e-02 3.231425e+00
460 5.976284e-09 7.121914e-02 3.262948e+00
461 5.744709e-09 3.874898e-02 3.263954e+00
462 3.718626e-09 3.526868e-01 3.327163e+00
463 3.132335e-09 1.576634e-01 3.216083e+00
464 2.701570e-09 1.375220e-01 3.239408e+00
465 2.927748e-09 8.372124e-02 3.232044e+00
466 2.803187e-09 4.254499e-02 3.183650e+00
467 1.607916e-09 4.263971e-01 3.215385e+00
468 1.630413e-09 1.399092e-02 3.263708e+00
469 2.873713e-09 7.625677e-01 3.231497e+00
470 1.754099e-09 3.896054e-01 3.248240e+00
471 2.283921e-09 3.020484e-01 3.399015e+00
472 1.517116e-09 3.357408e-01 3.240599e+00
473 3.298600e-09 1.174257e+00 3.199350e+00
474 2.019619e-09 3.877344e-01 3.231908e+00
475 1.459746e-09 2.772171e-01 3.335488e+00
476 2.867932e-09 9.646779e-01 3.399413e+00
477 1.923835e-09 3.291909e-01 3.541468e+00
478 2.047605e-09 6.433551e-02 3.229984e+00
479 2.813403e-09 3.739966e-01 3.279318e+00
480 1.319176e-09 5.311102e-01 3.239816e+00
481 2.493720e-09 8.903615e-01 3.152243e+00
482 1.505497e-09 3.962847e-01 3.199653e+00
483 1.224337e-09 1.867556e-01 3.247809e+00
484 1.377080e-09 1.247558e-01 3.230999e+00
485 1.266933e-09 7.998608e-02 3.215902e+00
486 1.448714e-09 1.434816e-01 3.184158e+00
487 1.066048e-09 2.641420e-01 3.327792e+00
488 1.527061e-09 4.324503e-01 3.439513e+00
489 9.529028e-10 3.759890e-01 3.572918e+00
490 1.150335e-09 2.071905e-01 3.460518e+00
491 8.157555e-10 2.908541e-01 3.184009e+00
492 1.440052e-09 7.652985e-01 3.184325e+00
493 7.598525e-10 4.723436e-01 3.158992e+00
494 7.673361e-10 9.848713e-03 3.192646e+00
495 6.440619e-10 1.606521e-01 3.175687e+00
496 7.758463e-10 2.046144e-01 3.239154e+00
497 3.406896e-10 5.608800e-01 3.327622e+00
498 9.586839e-10 1.813951e+00 3.181604e+00
499 5.547781e-10 4.213128e-01 3.200437e+00
500 1.085695e-09 9.569902e-01 3.271027e+00
501 6.361132e-10 4.140961e-01 3.295390e+00
502 1.071281e-09 6.841044e-01 3.565037e+00
503 5.795039e-10 4.590552e-01 3.262708e+00
504 5.106944e-10 1.187387e-01 3.263278e+00
505 3.940900e-10 2.283252e-01 3.055202e+00
506 5.083777e-10 2.900040e-01 3.191999e+00
507 4.374606e-10 1.394968e-01 3.142982e+00
508 5.643849e-10 2.901387e-01 3.189702e+00
509 5.049575e-10 1.052958e-01 3.144468e+00
510 3.345375e-10 3.374938e-01 3.165474e+00
511 4.257633e-10 2.726923e-01 3.159067e+00
512 5.226209e-10 2.274917e-01 3.184068e+00
513 3.376951e-10 3.538432e-01 3.368456e+00
514 3.193813e-10 5.423175e-02 3.223507e+00
515 2.612447e-10 1.820288e-01 3.524853e+00
516 2.585219e-10 1.042250e-02 3.151622e+00
517 2.082644e-10 1.944031e-01 3.119172e+00
518 2.235855e-10 7.356551e-02 3.176516e+00
519 2.862555e-10 2.802954e-01 3.190855e+00
520 2.674512e-10 6.569059e-02 3.192381e+00
521 1.944663e-10 2.728903e-01 3.143739e+00
522 3.310815e-10 7.025132e-01 3.207783e+00
523 3.012904e-10 8.998104e-02 3.159193e+00
524 2.239623e-10 2.566565e-01 3.199618e+00
525 1.840392e-10 1.782580e-01 3.191727e+00
526 4.034219e-10 1.192043e+00 3.335695e+00
527 2.261820e-10 4.393413e-01 3.319062e+00
528 2.032600e-10 1.013432e-01 3.463582e+00
529 1.646009e-10 1.901952e-01 3.582849e+00
530 1.618299e-10 1.683469e-02 3.286324e+00
531 1.350938e-10 1.652109e-01 3.142934e+00
532 2.263914e-10 6.758083e-01 3.183699e+00
533 2.659118e-10 1.745672e-01 3.272324e+00
534 1.796336e-10 3.244617e-01 3.279660e+00
535 1.027740e-10 4.278688e-01 3.303850e+00
536 1.805111e-10 7.563881e-01 3.199537e+00
537 1.093939e-10 3.939765e-01 3.087831e+00
538 2.019767e-10 8.463240e-01 3.143764e+00
539 1.295117e-10 3.587787e-01 3.174922e+00
540 1.071073e-10 1.729914e-01 3.240143e+00
541 1.252708e-10 1.695820e-01 3.247383e+00
542 1.107351e-10 1.160343e-01 3.342589e+00
543 1.420919e-10 2.831696e-01 3.318083e+00
544 1.262299e-10 1.116318e-01 3.271497e+00
545 1.078397e-10 1.456880e-01 3.238857e+00
546 1.003644e-10 6.931910e-02 3.247706e+00
547 7.359524e-11 2.667195e-01 3.160002e+00
