1 8.690685e-01 1.000000e+00 4.262386e+00
2 7.849835e-01 9.675303e-02 4.224413e+00
3 6.601918e-01 1.589736e-01 3.807345e+00
4 2.930847e-01 5.560613e-01 3.740567e+00
5 2.721853e-01 7.130828e-02 3.910011e+00
6 2.009139e-01 2.618491e-01 3.855267e+00
7 1.448995e-01 2.787977e-01 3.695284e+00
8 5.872339e-02 5.947303e-01 3.622841e+00
9 4.862814e-02 1.719118e-01 4.738049e+00
10 4.540277e-02 6.632736e-02 4.711482e+00
11 4.270824e-02 5.934714e-02 4.441501e+00
12 4.181254e-02 2.097257e-02 3.987178e+00
13 4.122824e-02 1.397438e-02 4.245223e+00
14 3.828607e-02 7.136283e-02 3.844191e+00
15 3.706742e-02 3.183022e-02 3.967173e+00
16 3.679132e-02 7.448526e-03 4.190180e+00
17 3.669172e-02 2.707274e-03 3.771285e+00
18 3.662375e-02 1.852442e-03 3.900916e+00
19 3.657867e-02 1.230741e-03 4.029697e+00
20 3.648550e-02 2.547295e-03 4.014489e+00
21 3.604618e-02 1.204074e-02 4.357908e+00
22 3.599580e-02 1.397654e-03 4.196891e+00
23 3.601670e-02 5.806642e-04 3.695253e+00
24 3.594407e-02 2.016639e-03 3.666422e+00
25 3.591127e-02 9.124587e-04 3.654472e+00
26 3.380526e-02 5.864504e-02 3.898725e+00
27 2.572336e-02 2.390723e-01 3.702390e+00
28 2.499461e-02 2.833014e-02 3.860475e+00
29 2.390375e-02 4.364366e-02 3.974871e+00
30 2.386061e-02 1.804697e-03 4.039063e+00
31 2.376084e-02 4.181674e-03 4.341066e+00
32 2.369673e-02 2.697980e-03 4.243375e+00
33 2.366158e-02 1.483480e-03 3.687060e+00
34 2.321944e-02 1.868599e-02 4.252819e+00
35 2.310667e-02 4.856600e-03 3.971672e+00
36 2.309057e-02 6.968743e-04 3.577125e+00
37 2.298099e-02 4.745471e-03 3.768762e+00
38 2.297660e-02 1.910887e-04 3.768056e+00
39 2.271174e-02 1.152755e-02 3.564585e+00
40 2.254798e-02 7.210261e-03 3.711149e+00
41 2.211700e-02 1.911371e-02 4.071135e+00
42 2.200469e-02 5.078235e-03 3.534240e+00
43 2.171722e-02 1.306387e-02 3.677874e+00
44 2.158170e-02 6.240413e-03 3.995290e+00
45 2.060067e-02 4.545662e-02 3.879361e+00
46 2.049132e-02 5.307830e-03 3.669358e+00
47 1.702588e-02 1.691175e-01 3.695209e+00
48 1.702467e-02 7.125192e-05 3.615323e+00
49 1.697969e-02 2.641963e-03 3.671656e+00
50 1.696809e-02 6.831523e-04 3.525295e+00
51 1.697366e-02 3.281034e-04 3.812017e+00
52 1.696811e-02 3.267458e-04 3.547134e+00
53 1.692246e-02 2.690329e-03 3.362774e+00
54 1.691116e-02 6.676246e-04 3.549477e+00
55 1.688988e-02 1.258731e-03 3.544151e+00
56 1.316874e-02 2.203174e-01 3.682028e+00
57 1.296704e-02 1.531634e-02 3.744844e+00
58 1.293302e-02 2.624194e-03 3.687778e+00
59 1.292059e-02 9.607806e-04 3.564542e+00
60 1.291389e-02 5.189773e-04 3.701985e+00
61 1.290432e-02 7.404357e-04 3.652190e+00
62 1.242863e-02 3.686337e-02 3.596404e+00
63 1.140921e-02 8.202184e-02 3.639234e+00
64 1.134070e-02 6.004538e-03 3.688011e+00
65 9.780867e-03 1.375430e-01 3.553322e+00
66 9.766862e-03 1.431882e-03 3.491013e+00
67 9.766391e-03 4.823273e-05 3.486643e+00
68 9.740278e-03 2.673751e-03 3.647034e+00
69 9.693951e-03 4.756214e-03 3.495839e+00
70 9.618533e-03 7.779881e-03 3.623956e+00
71 9.613400e-03 5.337332e-04 3.535085e+00
72 9.604075e-03 9.699863e-04 3.421648e+00
73 9.358835e-03 2.553497e-02 3.484505e+00
74 8.853866e-03 5.395643e-02 3.547079e+00
75 7.907328e-03 1.069067e-01 3.581512e+00
76 7.830154e-03 9.759739e-03 3.659114e+00
77 6.883296e-03 1.209246e-01 3.823937e+00
78 6.878600e-03 6.821692e-04 3.671294e+00
79 6.872230e-03 9.260308e-04 3.696592e+00
80 6.882328e-03 1.469359e-03 3.624001e+00
81 6.417491e-03 6.754075e-02 3.696249e+00
82 6.403355e-03 2.202633e-03 3.654940e+00
83 6.401613e-03 2.720618e-04 3.656259e+00
84 6.370086e-03 4.924948e-03 3.639863e+00
85 6.367924e-03 3.393320e-04 3.630487e+00
86 6.253153e-03 1.802328e-02 3.630619e+00
87 6.180614e-03 1.160038e-02 3.638704e+00
88 6.173754e-03 1.110026e-03 3.780670e+00
89 5.187334e-03 1.597763e-01 3.763924e+00
90 4.692783e-03 9.533821e-02 3.758281e+00
91 4.000386e-03 1.475451e-01 3.621065e+00
92 3.981279e-03 4.776290e-03 3.748366e+00
93 3.976001e-03 1.325632e-03 3.774182e+00
94 3.985732e-03 2.447348e-03 3.694882e+00
95 3.728032e-03 6.465565e-02 3.638586e+00
96 3.678834e-03 1.319681e-02 3.536287e+00
97 3.633809e-03 1.223895e-02 3.475088e+00
98 3.626507e-03 2.009365e-03 3.689289e+00
99 3.463323e-03 4.499766e-02 4.090558e+00
100 3.439756e-03 6.804487e-03 3.528001e+00
101 2.850074e-03 1.714316e-01 3.759220e+00
102 2.604346e-03 8.621786e-02 3.679650e+00
103 2.551628e-03 2.024233e-02 3.652629e+00
104 2.531156e-03 8.023386e-03 3.730900e+00
105 2.516491e-03 5.793615e-03 3.690549e+00
106 2.511738e-03 1.888759e-03 3.734959e+00
107 2.511824e-03 3.436490e-05 3.785350e+00
108 2.465793e-03 1.832569e-02 4.145358e+00
109 2.338830e-03 5.148985e-02 4.157873e+00
110 2.314425e-03 1.043456e-02 3.892047e+00
111 2.054962e-03 1.121071e-01 3.608101e+00
112 1.876647e-03 8.677281e-02 3.942024e+00
113 1.853481e-03 1.234445e-02 3.772679e+00
114 1.808233e-03 2.441250e-02 3.676207e+00
115 1.781395e-03 1.484206e-02 3.559387e+00
116 1.442472e-03 1.902573e-01 3.637727e+00
117 1.374370e-03 4.721185e-02 3.631698e+00
118 1.029743e-03 2.507524e-01 3.700366e+00
119 1.018050e-03 1.135511e-02 3.534303e+00
120 9.261104e-04 9.030989e-02 3.685816e+00
121 8.897962e-04 3.921150e-02 3.572928e+00
122 7.216536e-04 1.889676e-01 3.505169e+00
123 5.667250e-04 2.146855e-01 3.606317e+00
124 5.095438e-04 1.008977e-01 3.429369e+00
125 5.114446e-04 3.730512e-03 3.425844e+00
126 3.842157e-04 2.487638e-01 3.529901e+00
127 3.471155e-04 9.656096e-02 3.458864e+00
128 2.998400e-04 1.361954e-01 3.593012e+00
129 2.937994e-04 2.014599e-02 3.424363e+00
130 2.713346e-04 7.646284e-02 3.685294e+00
131 2.421983e-04 1.073816e-01 3.501281e+00
132 2.311576e-04 4.558563e-02 3.515866e+00
133 2.041449e-04 1.168582e-01 3.497082e+00
134 2.040305e-04 5.604733e-04 3.625875e+00
135 2.052077e-04 5.769710e-03 3.558564e+00
136 1.853124e-04 9.695205e-02 3.464780e+00
137 1.758632e-04 5.099071e-02 3.689988e+00
138 1.742282e-04 9.296812e-03 3.484511e+00
139 1.705506e-04 2.110819e-02 3.492839e+00
140 1.596250e-04 6.406028e-02 3.670269e+00
141 1.580044e-04 1.015271e-02 3.549512e+00
142 1.547199e-04 2.078722e-02 3.557403e+00
143 1.535741e-04 7.405917e-03 3.582483e+00
144 1.537714e-04 1.284585e-03 3.647642e+00
145 1.518175e-04 1.270669e-02 3.509111e+00
146 1.521050e-04 1.893816e-03 3.484805e+00
147 1.509089e-04 7.863586e-03 3.614763e+00
148 1.776510e-04 1.772074e-01 3.536288e+00
149 1.490593e-04 1.609436e-01 3.427703e+00
150 1.441397e-04 3.300373e-02 3.621852e+00
151 1.448143e-04 4.680238e-03 3.620268e+00
152 1.409433e-04 2.673105e-02 3.404606e+00
153 1.427145e-04 1.256654e-02 3.755522e+00
154 1.403624e-04 1.648084e-02 3.700053e+00
155 1.428602e-04 1.779493e-02 3.485804e+00
156 1.832034e-04 2.823970e-01 3.566284e+00
157 1.266839e-04 3.085069e-01 3.347904e+00
158 1.439909e-04 1.366156e-01 3.574154e+00
159 1.213291e-04 1.573836e-01 3.406910e+00
160 1.089244e-04 1.022399e-01 3.424645e+00
161 1.110290e-04 1.932123e-02 3.217204e+00
162 1.186664e-04 6.878750e-02 3.369892e+00
163 1.133400e-04 4.488534e-02 3.404541e+00
164 9.691220e-05 1.449428e-01 3.458733e+00
165 8.762761e-05 9.580409e-02 3.312544e+00
166 9.281911e-05 5.924499e-02 3.500919e+00
167 8.035098e-05 1.343272e-01 3.493373e+00
168 8.378376e-05 4.272237e-02 3.750899e+00
169 7.659236e-05 8.583286e-02 3.563358e+00
170 6.638660e-05 1.332478e-01 3.517104e+00
171 6.912354e-05 4.122738e-02 3.548123e+00
172 6.052896e-05 1.243365e-01 3.565156e+00
173 5.995666e-05 9.454998e-03 3.542971e+00
174 5.796737e-05 3.317876e-02 3.614170e+00
175 5.711218e-05 1.475298e-02 3.533823e+00
176 7.158690e-05 2.534436e-01 3.509411e+00
177 6.703533e-05 6.358107e-02 3.483547e+00
178 5.932980e-05 1.149473e-01 3.460905e+00
179 5.342400e-05 9.954187e-02 3.485687e+00
180 5.162078e-05 3.375286e-02 3.475083e+00
181 5.356282e-05 3.762126e-02 3.428692e+00
182 5.124208e-05 4.332743e-02 3.599651e+00
183 5.522267e-05 7.768202e-02 3.457590e+00
184 5.057861e-05 8.409711e-02 3.514145e+00
185 5.096801e-05 7.699061e-03 3.529424e+00
186 4.963058e-05 2.624069e-02 3.506187e+00
187 4.910158e-05 1.065869e-02 3.707818e+00
188 4.413228e-05 1.012044e-01 3.519972e+00
189 4.181525e-05 5.250196e-02 3.694525e+00
190 4.450701e-05 6.437256e-02 3.512179e+00
191 4.029332e-05 9.467471e-02 3.644913e+00
192 3.502383e-05 1.307783e-01 3.495035e+00
193 3.314730e-05 5.357862e-02 3.381790e+00
194 3.246826e-05 2.048540e-02 3.623104e+00
195 3.201565e-05 1.394006e-02 3.461325e+00
196 2.471107e-05 2.281566e-01 3.517129e+00
197 2.688628e-05 8.802564e-02 3.530865e+00
198 2.296829e-05 1.457245e-01 3.525704e+00
199 2.270566e-05 1.143423e-02 3.525669e+00
200 2.446390e-05 7.743604e-02 3.343635e+00
201 2.128025e-05 1.301367e-01 3.485362e+00
202 1.773825e-05 1.664452e-01 3.604920e+00
203 1.590764e-05 1.032014e-01 3.517936e+00
204 1.552090e-05 2.431170e-02 3.481785e+00
205 1.549751e-05 1.507158e-03 3.845101e+00
206 1.739871e-05 1.226781e-01 3.438632e+00
207 1.624507e-05 6.630615e-02 3.754065e+00
208 1.469373e-05 9.549595e-02 3.648385e+00
209 9.926484e-06 3.244409e-01 3.483035e+00
210 1.146600e-05 1.550922e-01 3.481942e+00
211 1.331043e-05 1.608608e-01 3.439750e+00
212 1.088862e-05 1.819484e-01 3.371793e+00
213 1.084549e-05 3.961166e-03 3.380639e+00
214 8.755728e-06 1.926849e-01 3.414008e+00
215 6.854408e-06 2.171515e-01 3.397781e+00
216 8.037256e-06 1.725675e-01 3.508332e+00
217 9.469969e-06 1.782590e-01 3.441410e+00
218 7.602845e-06 1.971627e-01 3.656918e+00
219 6.635325e-06 1.272576e-01 3.402953e+00
220 4.600569e-06 3.066550e-01 3.592925e+00
221 4.496019e-06 2.272551e-02 3.476529e+00
222 5.532819e-06 2.306041e-01 3.524938e+00
223 5.418943e-06 2.058199e-02 3.518088e+00
224 4.270697e-06 2.118947e-01 3.419526e+00
225 3.906328e-06 8.531852e-02 3.484936e+00
226 4.734966e-06 2.121273e-01 3.698434e+00
227 3.066414e-06 3.523894e-01 3.972298e+00
228 3.038618e-06 9.064752e-03 4.476660e+00
229 2.732490e-06 1.007460e-01 4.225140e+00
230 2.877830e-06 5.318976e-02 3.797762e+00
231 2.145923e-06 2.543260e-01 3.586934e+00
232 2.275066e-06 6.018044e-02 3.719981e+00
233 1.946954e-06 1.442208e-01 3.681886e+00
234 2.055420e-06 5.571048e-02 3.890639e+00
235 1.977371e-06 3.797216e-02 3.677192e+00
236 1.831814e-06 7.361120e-02 3.582564e+00
237 1.826799e-06 2.737781e-03 3.442886e+00
238 1.643344e-06 1.004245e-01 3.845233e+00
239 1.633271e-06 6.129159e-03 3.718449e+00
240 1.533486e-06 6.109520e-02 3.939906e+00
241 1.341602e-06 1.251297e-01 3.730937e+00
242 1.318321e-06 1.735315e-02 3.775012e+00
243 1.082702e-06 1.787264e-01 3.607649e+00
244 1.188674e-06 9.787724e-02 3.621074e+00
245 1.115839e-06 6.127385e-02 3.550057e+00
246 1.271330e-06 1.393489e-01 3.686251e+00
247 9.693702e-07 2.375150e-01 3.514958e+00
248 1.113853e-06 1.490481e-01 3.553096e+00
249 9.935227e-07 1.080307e-01 3.560549e+00
250 8.964831e-07 9.767231e-02 3.520011e+00
251 8.352286e-07 6.832750e-02 3.362152e+00
252 1.172052e-06 4.032713e-01 3.641523e+00
253 9.097413e-07 2.238049e-01 3.427023e+00
254 7.807006e-07 1.418432e-01 3.401118e+00
255 9.349835e-07 1.976210e-01 3.483539e+00
256 5.727641e-07 3.874072e-01 3.544223e+00
257 5.422930e-07 5.320004e-02 3.493605e+00
258 5.650058e-07 4.188286e-02 3.420526e+00
259 5.241729e-07 7.226985e-02 3.492085e+00
260 5.961905e-07 1.373928e-01 3.373738e+00
261 4.590116e-07 2.300924e-01 3.532527e+00
262 5.049772e-07 1.001404e-01 3.452671e+00
263 4.629157e-07 8.329382e-02 3.379186e+00
264 4.427150e-07 4.363801e-02 3.517323e+00
265 4.839532e-07 9.314840e-02 3.465487e+00
266 4.191970e-07 1.338067e-01 3.607255e+00
267 3.971909e-07 5.249572e-02 3.571425e+00
268 4.034257e-07 1.569712e-02 3.567083e+00
269 4.185535e-07 3.749840e-02 3.455461e+00
270 3.936433e-07 5.951498e-02 3.438312e+00
271 4.913705e-07 2.482634e-01 3.548737e+00
272 3.858594e-07 2.147282e-01 3.462068e+00
273 5.505403e-07 4.267897e-01 3.414220e+00
274 4.259016e-07 2.263934e-01 3.588007e+00
275 4.532041e-07 6.410522e-02 3.444351e+00
276 4.103964e-07 9.445574e-02 3.448617e+00
277 6.015740e-07 4.658366e-01 3.534461e+00
278 4.956824e-07 1.760243e-01 3.412901e+00
279 5.716939e-07 1.533472e-01 3.479754e+00
280 5.108285e-07 1.064649e-01 3.424779e+00
281 3.411589e-07 3.321460e-01 3.552467e+00
282 3.505506e-07 2.752883e-02 3.662119e+00
283 2.950386e-07 1.583565e-01 4.075106e+00
284 3.037771e-07 2.961816e-02 3.653238e+00
285 3.013967e-07 7.836210e-03 3.550790e+00
286 3.071226e-07 1.899790e-02 3.541525e+00
287 2.944943e-07 4.111791e-02 3.532947e+00
288 2.937974e-07 2.366504e-03 3.526795e+00
289 2.862062e-07 2.583841e-02 3.454044e+00
290 2.868916e-07 2.394845e-03 3.439098e+00
291 2.976967e-07 3.766255e-02 3.455266e+00
292 2.912303e-07 2.172117e-02 3.440322e+00
293 2.991662e-07 2.724937e-02 3.757903e+00
294 2.957376e-07 1.146034e-02 3.701152e+00
295 2.912845e-07 1.505777e-02 3.701234e+00
296 2.996392e-07 2.868229e-02 3.363203e+00
297 2.923599e-07 2.429356e-02 3.476114e+00
298 2.874794e-07 1.669343e-02 3.446563e+00
299 2.901223e-07 9.193258e-03 3.462710e+00
300 2.530395e-07 1.278177e-01 3.604233e+00
301 2.764901e-07 9.267567e-02 3.541840e+00
302 2.938376e-07 6.274170e-02 3.555184e+00
303 2.849351e-07 3.029729e-02 3.508062e+00
304 2.959192e-07 3.854965e-02 3.583023e+00
305 2.994311e-07 1.186759e-02 4.069985e+00
306 2.368210e-07 2.090970e-01 3.872671e+00
307 2.742576e-07 1.580800e-01 3.436054e+00
308 2.612972e-07 4.725622e-02 3.426153e+00
309 2.328219e-07 1.089767e-01 3.398884e+00
310 2.126590e-07 8.660245e-02 3.401083e+00
311 2.731400e-07 2.844039e-01 3.379534e+00
312 2.293683e-07 1.602539e-01 3.485797e+00
313 2.298874e-07 2.263283e-03 3.462514e+00
314 2.512854e-07 9.308033e-02 3.243504e+00
315 2.915453e-07 1.602158e-01 3.541847e+00
316 2.428858e-07 1.669018e-01 3.612309e+00
317 2.015742e-07 1.700868e-01 3.678273e+00
318 2.147165e-07 6.519858e-02 3.741605e+00
319 2.256741e-07 5.103305e-02 3.374706e+00
320 2.461940e-07 9.092702e-02 3.284880e+00
321 2.344930e-07 4.752751e-02 3.325109e+00
322 2.256406e-07 3.775123e-02 3.316897e+00
323 2.059933e-07 8.707366e-02 3.382851e+00
324 2.068370e-07 4.095743e-03 3.390426e+00
325 2.092935e-07 1.187660e-02 3.381825e+00
326 2.164396e-07 3.414396e-02 3.301638e+00
327 2.128209e-07 1.671922e-02 3.359626e+00
328 2.230596e-07 4.810970e-02 3.356327e+00
329 1.929128e-07 1.351514e-01 3.451208e+00
330 2.354225e-07 2.203572e-01 3.339477e+00
331 2.123831e-07 9.786435e-02 3.557808e+00
332 2.054265e-07 3.275465e-02 3.331386e+00
333 1.617406e-07 2.126596e-01 3.430714e+00
334 2.514234e-07 5.544853e-01 3.403191e+00
335 2.516480e-07 8.932007e-04 3.329283e+00
336 2.091715e-07 1.687933e-01 3.448674e+00
337 2.236879e-07 6.939955e-02 3.445308e+00
338 2.232192e-07 2.095352e-03 3.487396e+00
339 2.209744e-07 1.005665e-02 3.414451e+00
340 2.992900e-07 3.544103e-01 3.454350e+00
341 2.830210e-07 5.435868e-02 3.415074e+00
342 2.715479e-07 4.053768e-02 3.642668e+00
343 2.302517e-07 1.520772e-01 3.398541e+00
344 2.146977e-07 6.755207e-02 3.414064e+00
345 2.068730e-07 3.644524e-02 3.493863e+00
346 2.206520e-07 6.660625e-02 3.372739e+00
347 1.891049e-07 1.429724e-01 3.356759e+00
348 1.586997e-07 1.607850e-01 3.323597e+00
349 2.675481e-07 6.858769e-01 3.448258e+00
350 1.625209e-07 3.925543e-01 3.316204e+00
351 1.951164e-07 2.005619e-01 3.236580e+00
352 1.643166e-07 1.578534e-01 3.247617e+00
353 2.220013e-07 3.510583e-01 3.364295e+00
354 2.192182e-07 1.253662e-02 3.390474e+00
355 1.656628e-07 2.443020e-01 3.375443e+00
356 1.466389e-07 1.148345e-01 3.421463e+00
357 1.495523e-07 1.986732e-02 3.262485e+00
358 1.716593e-07 1.478215e-01 3.335583e+00
359 1.462006e-07 1.483097e-01 3.438670e+00
360 1.937057e-07 3.249313e-01 3.357625e+00
361 2.173294e-07 1.219568e-01 3.429024e+00
362 2.438639e-07 1.220934e-01 3.318933e+00
363 1.620172e-07 3.356245e-01 3.350657e+00
364 1.584253e-07 2.216975e-02 3.411737e+00
365 1.722154e-07 8.704477e-02 3.542570e+00
366 1.639149e-07 4.819850e-02 3.584287e+00
367 1.746112e-07 6.525531e-02 3.725821e+00
368 1.702126e-07 2.519097e-02 3.662477e+00
369 1.454415e-07 1.455303e-01 3.486179e+00
370 1.634043e-07 1.235052e-01 3.502642e+00
371 1.982206e-07 2.130682e-01 3.589853e+00
372 1.686093e-07 1.493852e-01 3.499963e+00
373 1.764931e-07 4.675765e-02 3.571857e+00
374 1.528986e-07 1.336855e-01 3.459588e+00
375 1.310578e-07 1.428449e-01 3.504537e+00
376 1.310650e-07 5.503177e-05 3.449945e+00
377 1.407659e-07 7.401604e-02 3.556847e+00
378 1.085021e-07 2.292021e-01 4.422818e+00
379 1.332361e-07 2.279592e-01 3.778622e+00
380 1.091686e-07 1.806384e-01 3.355333e+00
381 1.261471e-07 1.555263e-01 3.370138e+00
382 1.013646e-07 1.964573e-01 3.444710e+00
383 1.315004e-07 2.973007e-01 3.382168e+00
384 1.355705e-07 3.095162e-02 3.412435e+00
385 1.039291e-07 2.333946e-01 3.291643e+00
386 8.159152e-08 2.149309e-01 3.172137e+00
387 1.349353e-07 6.537902e-01 3.285120e+00
388 8.233339e-08 3.898304e-01 3.468426e+00
389 7.542552e-08 8.390114e-02 3.394759e+00
390 7.225605e-08 4.202125e-02 3.636403e+00
391 8.748979e-08 2.108301e-01 3.580918e+00
392 7.803285e-08 1.080920e-01 3.421399e+00
393 7.124063e-08 8.704305e-02 3.365620e+00
394 6.857443e-08 3.742531e-02 3.371758e+00
395 7.573938e-08 1.044844e-01 3.548942e+00
396 6.570262e-08 1.325172e-01 3.453314e+00
397 7.550303e-08 1.491632e-01 3.387413e+00
398 6.776478e-08 1.024893e-01 3.413290e+00
399 5.900013e-08 1.293393e-01 3.375329e+00
400 7.460479e-08 2.644852e-01 3.404628e+00
401 7.289652e-08 2.289754e-02 3.296676e+00
402 7.658802e-08 5.064019e-02 4.108213e+00
403 7.323553e-08 4.377295e-02 3.449835e+00
404 5.560598e-08 2.407240e-01 3.206773e+00
405 7.286590e-08 3.103968e-01 3.536434e+00
406 4.667641e-08 3.594204e-01 3.461420e+00
407 5.515849e-08 1.817208e-01 3.437915e+00
408 4.153474e-08 2.469929e-01 3.374473e+00
409 6.224564e-08 4.986404e-01 3.572739e+00
410 4.297256e-08 3.096293e-01 3.372569e+00
411 3.741004e-08 1.294436e-01 3.398709e+00
412 5.307506e-08 4.187385e-01 3.364309e+00
413 4.643631e-08 1.250823e-01 3.342339e+00
414 4.132034e-08 1.101717e-01 3.786035e+00
415 3.560000e-08 1.384389e-01 3.666955e+00
416 4.175944e-08 1.730179e-01 3.345854e+00
417 4.409185e-08 5.585349e-02 3.385257e+00
418 4.234057e-08 3.971893e-02 3.541160e+00
419 3.263849e-08 2.291438e-01 3.403901e+00
420 2.981912e-08 8.638164e-02 3.379540e+00
421 3.446110e-08 1.556712e-01 3.234836e+00
422 2.866991e-08 1.680500e-01 3.422174e+00
423 4.945515e-08 7.249844e-01 3.308257e+00
424 3.414921e-08 3.094913e-01 3.235139e+00
425 2.942459e-08 1.383523e-01 3.420060e+00
426 3.002395e-08 2.036950e-02 3.325297e+00
427 2.672234e-08 1.099660e-01 3.276212e+00
428 3.207786e-08 2.004136e-01 3.452416e+00
429 2.852616e-08 1.107212e-01 3.443461e+00
430 3.158085e-08 1.070839e-01 3.404869e+00
431 4.397084e-08 3.923258e-01 3.393518e+00
432 3.265554e-08 2.573365e-01 3.301738e+00
433 4.044875e-08 2.386489e-01 3.313512e+00
434 3.397258e-08 1.601080e-01 3.299444e+00
435 2.741502e-08 1.930250e-01 3.334382e+00
436 3.342310e-08 2.191526e-01 3.334097e+00
437 3.040426e-08 9.032178e-02 3.309148e+00
438 4.188880e-08 3.777278e-01 3.341153e+00
439 3.983574e-08 4.901202e-02 3.372606e+00
440 2.904417e-08 2.709019e-01 3.323859e+00
441 2.839663e-08 2.229480e-02 3.406854e+00
442 3.172382e-08 1.171683e-01 3.538309e+00
443 2.802044e-08 1.167379e-01 3.461827e+00
444 2.619595e-08 6.511291e-02 3.414846e+00
445 2.758221e-08 5.291864e-02 3.350639e+00
446 3.124850e-08 1.329226e-01 3.508603e+00
447 3.814982e-08 2.208529e-01 3.487507e+00
448 2.627293e-08 3.113224e-01 3.379996e+00
449 2.311599e-08 1.201593e-01 3.421448e+00
450 2.621662e-08 1.341334e-01 3.692156e+00
451 2.493705e-08 4.880761e-02 3.495163e+00
452 3.123180e-08 2.524260e-01 3.404970e+00
453 2.607180e-08 1.652162e-01 3.445049e+00
454 2.718322e-08 4.262928e-02 3.492159e+00
455 2.301826e-08 1.532180e-01 3.240615e+00
456 2.147676e-08 6.696874e-02 3.396338e+00
457 2.048229e-08 4.630436e-02 3.722927e+00
458 3.040225e-08 4.843185e-01 4.479148e+00
459 2.043546e-08 3.278307e-01 3.672405e+00
460 3.019901e-08 4.777752e-01 3.555728e+00
461 2.006614e-08 3.355367e-01 3.485449e+00
462 1.780580e-08 1.126442e-01 3.469463e+00
463 2.070227e-08 1.626699e-01 4.101005e+00
464 2.392509e-08 1.556747e-01 3.343040e+00
465 1.727282e-08 2.780458e-01 3.447675e+00
466 2.151354e-08 2.455144e-01 3.423860e+00
467 1.504200e-08 3.008125e-01 3.399714e+00
468 2.656742e-08 7.662155e-01 3.335192e+00
469 3.151631e-08 1.862769e-01 3.622437e+00
470 2.013425e-08 3.611483e-01 3.414697e+00
471 2.199570e-08 9.245191e-02 3.452775e+00
472 2.131519e-08 3.093851e-02 3.381965e+00
473 2.526462e-08 1.852874e-01 3.337110e+00
474 2.430350e-08 3.804203e-02 3.456938e+00
475 1.834298e-08 2.452537e-01 3.474394e+00
476 1.531588e-08 1.650277e-01 4.056547e+00
477 2.628139e-08 7.159569e-01 3.626731e+00
478 1.712425e-08 3.484267e-01 3.230234e+00
479 1.571473e-08 8.231180e-02 3.372193e+00
480 2.108778e-08 3.419118e-01 3.326110e+00
481 2.709820e-08 2.850195e-01 3.181076e+00
482 1.660143e-08 3.873606e-01 3.370061e+00
483 1.493832e-08 1.001785e-01 3.260932e+00
484 1.579787e-08 5.753956e-02 3.331321e+00
485 2.339265e-08 4.807474e-01 3.285826e+00
486 1.529011e-08 3.463711e-01 3.365838e+00
487 1.672087e-08 9.357389e-02 3.771629e+00
488 1.430511e-08 1.444754e-01 3.707758e+00
489 1.681827e-08 1.756824e-01 3.502768e+00
490 1.401978e-08 1.663959e-01 3.351015e+00
491 1.589151e-08 1.335068e-01 3.381242e+00
492 1.305286e-08 1.786271e-01 3.284853e+00
493 1.502335e-08 1.509626e-01 3.299737e+00
494 1.454547e-08 3.180894e-02 3.214885e+00
495 1.433230e-08 1.465579e-02 3.293540e+00
496 1.216733e-08 1.510553e-01 3.237940e+00
497 1.465654e-08 2.045816e-01 3.311266e+00
498 1.099771e-08 2.496381e-01 3.342737e+00
499 1.362353e-08 2.387609e-01 3.374759e+00
500 1.198235e-08 1.204667e-01 3.692447e+00
501 9.231240e-09 2.295970e-01 3.642099e+00
502 8.856707e-09 4.057235e-02 3.455591e+00
503 1.313954e-08 4.835691e-01 3.471036e+00
504 8.744980e-09 3.344530e-01 3.470899e+00
505 1.447731e-08 6.554992e-01 3.486424e+00
506 1.096438e-08 2.426508e-01 3.335543e+00
507 1.014396e-08 7.482590e-02 3.309702e+00
508 1.133528e-08 1.174413e-01 3.296409e+00
509 8.571495e-09 2.438213e-01 3.372931e+00
510 1.133374e-08 3.222596e-01 3.263573e+00
511 7.644911e-09 3.254733e-01 3.253747e+00
512 9.481461e-09 2.402317e-01 3.496182e+00
513 7.047713e-09 2.566849e-01 3.719898e+00
514 9.410755e-09 3.352920e-01 3.469220e+00
515 6.960774e-09 2.603384e-01 3.412053e+00
516 1.268641e-08 8.225572e-01 3.367829e+00
517 9.849152e-09 2.236454e-01 3.423091e+00
518 9.000246e-09 8.619083e-02 3.356929e+00
519 1.032224e-08 1.468839e-01 3.326125e+00
520 7.500741e-09 2.733415e-01 3.343925e+00
521 7.621313e-09 1.607462e-02 3.279775e+00
522 1.164415e-08 5.278406e-01 3.319755e+00
523 9.223589e-09 2.078779e-01 3.319004e+00
524 7.430332e-09 1.944208e-01 3.575832e+00
525 6.770316e-09 8.882727e-02 3.572410e+00
526 1.046744e-08 5.460787e-01 3.559104e+00
527 7.384088e-09 2.945661e-01 3.374685e+00
528 8.129932e-09 1.010069e-01 3.397872e+00
529 6.910054e-09 1.500478e-01 3.360225e+00
530 1.013818e-08 4.671636e-01 3.325860e+00
531 7.696969e-09 2.407937e-01 3.439736e+00
532 8.597661e-09 1.170191e-01 3.431115e+00
533 5.622244e-09 3.460728e-01 3.456017e+00
534 9.231084e-09 6.418859e-01 3.391432e+00
535 5.562197e-09 3.974492e-01 3.312341e+00
536 1.193205e-08 1.145205e+00 3.311171e+00
537 6.249368e-09 4.762537e-01 3.374369e+00
538 7.361859e-09 1.780165e-01 3.368224e+00
539 6.686389e-09 9.175261e-02 3.374280e+00
540 8.883690e-09 3.286230e-01 3.381735e+00
541 6.502599e-09 2.680295e-01 3.309810e+00
542 6.045243e-09 7.033438e-02 3.453016e+00
543 8.097374e-09 3.394622e-01 3.316796e+00
544 5.392480e-09 3.340459e-01 3.340941e+00
545 7.453356e-09 3.821760e-01 3.254239e+00
546 9.122884e-09 2.239969e-01 3.445749e+00
547 9.031391e-09 1.002901e-02 3.303327e+00
548 7.893216e-09 1.260243e-01 3.229992e+00
549 6.785697e-09 1.403128e-01 3.367352e+00
550 5.679254e-09 1.630551e-01 3.310276e+00
551 7.280590e-09 2.819623e-01 3.182142e+00
552 5.286533e-09 2.738867e-01 3.176076e+00
553 6.950737e-09 3.148006e-01 3.483704e+00
554 7.460314e-09 7.331270e-02 3.486900e+00
555 6.121434e-09 1.794670e-01 3.420303e+00
556 5.984832e-09 2.231537e-02 3.253281e+00
557 8.098410e-09 3.531557e-01 3.286585e+00
558 7.919168e-09 2.213298e-02 3.342803e+00
559 5.718504e-09 2.778908e-01 3.350724e+00
560 6.257619e-09 9.427561e-02 3.371908e+00
561 7.788924e-09 2.447104e-01 3.427120e+00
562 5.412025e-09 3.051640e-01 3.316236e+00
563 8.580275e-09 5.854095e-01 3.350436e+00
564 5.558353e-09 3.521941e-01 3.190612e+00
565 5.732144e-09 3.126667e-02 3.468714e+00
566 5.209725e-09 9.113847e-02 3.822000e+00
567 7.725116e-09 4.828260e-01 3.539996e+00
568 4.961008e-09 3.578080e-01 3.429130e+00
569 4.540426e-09 8.477758e-02 3.279199e+00
570 3.883907e-09 1.445941e-01 3.238987e+00
571 6.155776e-09 5.849444e-01 3.300919e+00
572 4.426972e-09 2.808426e-01 3.407754e+00
573 3.446824e-09 2.214037e-01 3.286095e+00
574 4.743501e-09 3.761946e-01 3.365642e+00
575 3.300741e-09 3.041552e-01 3.317432e+00
576 2.708393e-09 1.794591e-01 3.415158e+00
577 3.228555e-09 1.920559e-01 3.291516e+00
578 4.519303e-09 3.997911e-01 3.399417e+00
579 3.608060e-09 2.016335e-01 3.478182e+00
580 3.446620e-09 4.474426e-02 3.535784e+00
581 2.628545e-09 2.373556e-01 3.384010e+00
582 2.873295e-09 9.311221e-02 3.327525e+00
583 4.081367e-09 4.204484e-01 3.446516e+00
584 2.646107e-09 3.516617e-01 3.360546e+00
585 2.868740e-09 8.413624e-02 3.461474e+00
586 4.215409e-09 4.694287e-01 3.304005e+00
587 3.641684e-09 1.361019e-01 3.454235e+00
588 3.094887e-09 1.501494e-01 3.379306e+00
589 2.864190e-09 7.454137e-02 3.310226e+00
590 3.185977e-09 1.123482e-01 3.606454e+00
591 2.974979e-09 6.622686e-02 3.520127e+00
592 2.966890e-09 2.719039e-03 3.484460e+00
593 3.684158e-09 2.417573e-01 3.365819e+00
594 3.557854e-09 3.428306e-02 3.374086e+00
595 3.141770e-09 1.169479e-01 3.343388e+00
596 2.655606e-09 1.547421e-01 3.374976e+00
597 2.956907e-09 1.134586e-01 3.278628e+00
598 2.767058e-09 6.420542e-02 3.327911e+00
599 2.969985e-09 7.333670e-02 3.399612e+00
600 2.137821e-09 2.801912e-01 3.367150e+00
601 2.473386e-09 1.569659e-01 3.447378e+00
602 2.349800e-09 4.996629e-02 3.823100e+00
603 3.776930e-09 6.073408e-01 4.484769e+00
604 2.935319e-09 2.228293e-01 3.357457e+00
605 2.622432e-09 1.065940e-01 3.325576e+00
606 2.134007e-09 1.862490e-01 3.213906e+00
607 2.477452e-09 1.609394e-01 3.292528e+00
608 2.226144e-09 1.014382e-01 3.399199e+00
609 3.507907e-09 5.757772e-01 3.399857e+00
610 2.675305e-09 2.373500e-01 3.447759e+00
611 2.840422e-09 6.171878e-02 3.518063e+00
612 1.860989e-09 3.448194e-01 3.383300e+00
613 2.619277e-09 4.074647e-01 3.423865e+00
614 2.034307e-09 2.233328e-01 3.575385e+00
615 3.113030e-09 5.302662e-01 3.682375e+00
616 1.844344e-09 4.075407e-01 3.327574e+00
617 3.606864e-09 9.556357e-01 3.383809e+00
618 2.098778e-09 4.181155e-01 3.375252e+00
619 2.377336e-09 1.327237e-01 3.406283e+00
620 3.563392e-09 4.989014e-01 3.343206e+00
621 2.068974e-09 4.193809e-01 3.327893e+00
622 2.891306e-09 3.974590e-01 3.352230e+00
623 3.073747e-09 6.309984e-02 3.351320e+00
624 2.348425e-09 2.359731e-01 3.352120e+00
625 2.458681e-09 4.694887e-02 3.295005e+00
626 2.508351e-09 2.020177e-02 3.472074e+00
627 2.075126e-09 1.727130e-01 3.740581e+00
628 3.078123e-09 4.833424e-01 3.455412e+00
629 2.846788e-09 7.515449e-02 3.376741e+00
630 2.594397e-09 8.865805e-02 3.333965e+00
631 2.263164e-09 1.276725e-01 3.415380e+00
632 2.443505e-09 7.968547e-02 3.384301e+00
633 3.010034e-09 2.318506e-01 3.351251e+00
634 2.739946e-09 8.972895e-02 3.261897e+00
635 2.040396e-09 2.553152e-01 3.334814e+00
636 2.399955e-09 1.762199e-01 3.359375e+00
637 1.885585e-09 2.143246e-01 3.262435e+00
638 1.696315e-09 1.003775e-01 3.358997e+00
639 2.067574e-09 2.188618e-01 3.351512e+00
640 1.821376e-09 1.190757e-01 3.382827e+00
641 1.802154e-09 1.055354e-02 3.398796e+00
642 2.221887e-09 2.329066e-01 3.319137e+00
643 1.803389e-09 1.883528e-01 3.359803e+00
644 1.963011e-09 8.851230e-02 3.284517e+00
645 1.367747e-09 3.032402e-01 3.324357e+00
646 2.021523e-09 4.779946e-01 3.604642e+00
647 1.643236e-09 1.871296e-01 3.559429e+00
648 1.710860e-09 4.115282e-02 3.462924e+00
649 1.230704e-09 2.806518e-01 3.302756e+00
650 1.522952e-09 2.374642e-01 3.243995e+00
651 1.107901e-09 2.725307e-01 3.198718e+00
652 1.589310e-09 4.345236e-01 3.488656e+00
653 1.070246e-09 3.265972e-01 3.293882e+00
654 1.092764e-09 2.103991e-02 3.363216e+00
655 1.166833e-09 6.778142e-02 3.359738e+00
656 1.577382e-09 3.518495e-01 3.446773e+00
657 9.076162e-10 4.246061e-01 3.391824e+00
658 1.369508e-09 5.089062e-01 3.469229e+00
659 1.085685e-09 2.072442e-01 3.390732e+00
660 1.210581e-09 1.150382e-01 3.408017e+00
661 1.063577e-09 1.214320e-01 3.293287e+00
662 1.364225e-09 2.826763e-01 3.294274e+00
663 9.134374e-10 3.304351e-01 3.359353e+00
664 1.607584e-09 7.599278e-01 3.388005e+00
665 1.165759e-09 2.748376e-01 3.304546e+00
666 1.387365e-09 1.900954e-01 3.350145e+00
667 8.651810e-10 3.763854e-01 3.501176e+00
668 1.542202e-09 7.825197e-01 3.333527e+00
669 8.880521e-10 4.241663e-01 3.357210e+00
670 1.160202e-09 3.064575e-01 3.430195e+00
671 8.219742e-10 2.915251e-01 3.701586e+00
672 1.065944e-09 2.968091e-01 3.312840e+00
673 8.524180e-10 2.003160e-01 3.313084e+00
674 1.103371e-09 2.944010e-01 3.407037e+00
675 1.054839e-09 4.398538e-02 3.350230e+00
676 1.106992e-09 4.944227e-02 3.334707e+00
677 7.449612e-10 3.270402e-01 3.436771e+00
678 1.130934e-09 5.181117e-01 3.492263e+00
679 7.904529e-10 3.010621e-01 3.373650e+00
680 1.099030e-09 3.903801e-01 3.375091e+00
681 7.861070e-10 2.847266e-01 3.391555e+00
682 8.662817e-10 1.019896e-01 3.336229e+00
683 7.505243e-10 1.336256e-01 4.004257e+00
684 9.385208e-10 2.504869e-01 3.471135e+00
685 7.394996e-10 2.120584e-01 3.336111e+00
686 8.282294e-10 1.199863e-01 3.359813e+00
687 6.742893e-10 1.858665e-01 3.313673e+00
688 8.688994e-10 2.886152e-01 3.349252e+00
689 5.413436e-10 3.769778e-01 3.326836e+00
690 7.010839e-10 2.950810e-01 3.351830e+00
691 6.810179e-10 2.862132e-02 3.287642e+00
692 5.385349e-10 2.092207e-01 3.303915e+00
693 4.282924e-10 2.047082e-01 3.528109e+00
694 5.589795e-10 3.051353e-01 3.398569e+00
695 4.409596e-10 2.111346e-01 3.415063e+00
696 5.157860e-10 1.696898e-01 3.286471e+00
697 4.015505e-10 2.214785e-01 3.276167e+00
698 3.865840e-10 3.727171e-02 3.340066e+00
699 5.737631e-10 4.841876e-01 3.342064e+00
700 4.117476e-10 2.823735e-01 3.311328e+00
701 5.210691e-10 2.655059e-01 3.285589e+00
702 3.462742e-10 3.354543e-01 3.252112e+00
703 4.996819e-10 4.430235e-01 3.294536e+00
704 3.680862e-10 2.633588e-01 3.221964e+00
705 4.041643e-10 9.801516e-02 3.348441e+00
706 2.923753e-10 2.765928e-01 3.567062e+00
707 3.880263e-10 3.271512e-01 3.544908e+00
708 2.915551e-10 2.486202e-01 3.190690e+00
709 3.408677e-10 1.691363e-01 3.292817e+00
710 2.622004e-10 2.307854e-01 3.308966e+00
711 3.836939e-10 4.633612e-01 3.309784e+00
712 2.981801e-10 2.228696e-01 3.318258e+00
713 3.387013e-10 1.358948e-01 3.332904e+00
714 2.606113e-10 2.305571e-01 3.319422e+00
715 2.622675e-10 6.355176e-03 3.278390e+00
716 4.176312e-10 5.923860e-01 3.279460e+00
717 2.983317e-10 2.856575e-01 3.254770e+00
718 2.374555e-10 2.040554e-01 3.381896e+00
719 3.391394e-10 4.282229e-01 3.532931e+00
720 2.509797e-10 2.599512e-01 3.645758e+00
721 2.444208e-10 2.613305e-02 3.214810e+00
722 2.620587e-10 7.216198e-02 3.367707e+00
723 3.262514e-10 2.449552e-01 3.422608e+00
724 2.186457e-10 3.298245e-01 3.173972e+00
725 2.095645e-10 4.153378e-02 3.277372e+00
726 2.733376e-10 3.043125e-01 3.151847e+00
727 2.738816e-10 1.990247e-03 3.360221e+00
728 2.030721e-10 2.585405e-01 3.310647e+00
729 2.662465e-10 3.110932e-01 3.312184e+00
730 2.721350e-10 2.211677e-02 3.369503e+00
731 2.294934e-10 1.566927e-01 3.324170e+00
732 2.622060e-10 1.425427e-01 3.214201e+00
733 2.177137e-10 1.696845e-01 3.310418e+00
734 2.734629e-10 2.560664e-01 3.480244e+00
735 2.473317e-10 9.555668e-02 3.364591e+00
736 2.402650e-10 2.857167e-02 3.199600e+00
737 2.220079e-10 7.598764e-02 3.246293e+00
738 1.700970e-10 2.338242e-01 3.295890e+00
739 2.789116e-10 6.397202e-01 3.327867e+00
740 1.849564e-10 3.368637e-01 3.455602e+00
741 1.943760e-10 5.092864e-02 3.407465e+00
742 2.789112e-10 4.349060e-01 3.280264e+00
743 2.287834e-10 1.797267e-01 3.334138e+00
744 1.731446e-10 2.431943e-01 3.344341e+00
745 1.729777e-10 9.637408e-04 3.375779e+00
746 2.179135e-10 2.597775e-01 3.367732e+00
747 2.801916e-10 2.857932e-01 3.302830e+00
748 1.943010e-10 3.065424e-01 3.447666e+00
749 2.716143e-10 3.979046e-01 3.430113e+00
750 2.385699e-10 1.216591e-01 3.319164e+00
751 1.850919e-10 2.241607e-01 3.389393e+00
752 2.114594e-10 1.424560e-01 3.270706e+00
753 1.818075e-10 1.402252e-01 3.415051e+00
754 1.933449e-10 6.345965e-02 3.342830e+00
755 1.530057e-10 2.086384e-01 3.350602e+00
756 2.077745e-10 3.579523e-01 3.461699e+00
757 1.560457e-10 2.489658e-01 3.236600e+00
758 1.520207e-10 2.579374e-02 3.485900e+00
759 1.470755e-10 3.253021e-02 3.364881e+00
760 1.934175e-10 3.150902e-01 3.453526e+00
761 1.507691e-10 2.204994e-01 3.190833e+00
762 1.795741e-10 1.910542e-01 3.372455e+00
763 1.289597e-10 2.818580e-01 3.294837e+00
764 1.176989e-10 8.732091e-02 3.399154e+00
765 1.107016e-10 5.945081e-02 3.413947e+00
766 2.053049e-10 8.545799e-01 3.427805e+00
767 1.055472e-10 4.859000e-01 3.657135e+00
768 1.872348e-10 7.739430e-01 3.278254e+00
769 1.139188e-10 3.915726e-01 3.356229e+00
770 1.485706e-10 3.041802e-01 3.175680e+00
771 1.178433e-10 2.068196e-01 3.478554e+00
772 1.220729e-10 3.589187e-02 3.245440e+00
773 9.396250e-11 2.302755e-01 3.110066e+00
