1 9.570857e-01 1.000000e+00 3.903969e+00
2 9.222159e-01 3.643329e-02 4.078299e+00
3 6.320027e-01 3.146912e-01 4.199767e+00
4 4.340874e-01 3.131558e-01 3.851522e+00
5 2.975549e-01 3.145276e-01 3.640342e+00
6 2.281507e-01 2.332484e-01 3.486203e+00
7 2.115914e-01 7.258048e-02 3.384532e+00
8 1.809026e-01 1.450381e-01 3.399255e+00
9 1.531101e-01 1.536325e-01 3.584109e+00
10 1.258265e-01 1.781961e-01 3.399553e+00
11 1.068309e-01 1.509665e-01 3.437332e+00
12 9.748763e-02 8.745829e-02 3.487835e+00
13 8.846867e-02 9.251390e-02 3.527190e+00
14 8.657103e-02 2.144994e-02 3.791508e+00
15 7.610658e-02 1.208770e-01 3.583312e+00
16 6.533983e-02 1.414693e-01 3.575148e+00
17 6.614378e-02 1.230402e-02 3.520177e+00
18 5.428169e-02 1.793380e-01 3.423193e+00
19 4.165876e-02 2.325448e-01 3.512113e+00
20 3.399432e-02 1.839814e-01 3.405400e+00
21 3.719956e-02 9.428737e-02 3.368230e+00
22 3.159025e-02 1.507896e-01 3.463494e+00
23 3.290695e-02 4.168068e-02 3.184534e+00
24 2.397814e-02 2.713351e-01 3.207040e+00
25 3.706534e-02 5.457969e-01 3.184488e+00
26 2.869324e-02 2.258742e-01 3.287027e+00
27 2.806421e-02 2.192235e-02 3.495691e+00
28 1.854619e-02 3.391515e-01 3.597268e+00
29 2.573555e-02 3.876458e-01 3.383889e+00
30 2.463545e-02 4.274604e-02 3.327653e+00
31 2.346206e-02 4.763036e-02 3.439342e+00
32 2.119974e-02 9.642456e-02 3.440020e+00
33 1.624435e-02 2.337476e-01 3.423665e+00
34 1.651089e-02 1.640835e-02 3.383738e+00
35 1.362840e-02 1.745814e-01 3.335654e+00
36 1.982300e-02 4.545361e-01 3.455552e+00
37 2.012257e-02 1.511205e-02 3.352739e+00
38 1.628006e-02 1.909550e-01 3.679169e+00
39 1.186881e-02 2.709602e-01 3.415536e+00
40 1.479148e-02 2.462479e-01 3.542197e+00
41 1.280810e-02 1.340895e-01 3.303202e+00
42 1.432967e-02 1.187978e-01 3.288595e+00
43 1.080016e-02 2.463081e-01 3.455660e+00
44 1.288414e-02 1.929585e-01 3.294820e+00
45 1.344214e-02 4.330878e-02 3.358052e+00
46 1.466484e-02 9.096008e-02 3.351960e+00
47 1.220193e-02 1.679463e-01 3.439987e+00
48 1.144763e-02 6.181821e-02 3.311536e+00
49 8.877087e-03 2.245480e-01 3.303273e+00
50 9.681389e-03 9.060419e-02 3.503708e+00
51 8.980314e-03 7.241467e-02 3.648176e+00
52 8.524734e-03 5.073093e-02 3.663128e+00
53 1.069799e-02 2.549353e-01 3.472019e+00
54 7.540268e-03 2.951697e-01 3.471056e+00
55 8.795182e-03 1.664284e-01 3.439937e+00
56 8.329555e-03 5.294116e-02 3.215626e+00
57 6.949477e-03 1.656845e-01 3.263005e+00
58 5.718527e-03 1.771284e-01 3.239610e+00
59 6.420742e-03 1.227966e-01 3.103991e+00
60 6.279486e-03 2.200000e-02 3.232107e+00
61 6.760242e-03 7.655982e-02 3.111746e+00
62 7.568266e-03 1.195259e-01 3.295772e+00
63 6.249202e-03 1.742888e-01 3.319565e+00
64 4.291115e-03 3.133339e-01 3.336026e+00
65 5.058684e-03 1.788740e-01 3.223867e+00
66 4.837724e-03 4.367932e-02 3.651597e+00
67 5.833068e-03 2.057463e-01 3.351342e+00
68 4.521131e-03 2.249137e-01 3.335968e+00
69 4.594486e-03 1.622488e-02 3.448304e+00
70 4.736272e-03 3.086011e-02 3.311661e+00
71 4.435463e-03 6.351182e-02 3.295219e+00
72 4.249668e-03 4.188852e-02 3.311216e+00
73 4.207683e-03 9.879629e-03 3.320013e+00
74 3.185802e-03 2.428606e-01 3.328159e+00
75 3.520576e-03 1.050830e-01 3.311194e+00
76 3.541951e-03 6.071387e-03 3.335478e+00
77 3.351520e-03 5.376425e-02 3.373322e+00
78 3.178966e-03 5.148544e-02 3.392287e+00
79 3.245388e-03 2.089412e-02 3.359790e+00
80 2.445417e-03 2.464947e-01 3.352051e+00
81 2.484709e-03 1.606765e-02 3.471907e+00
82 2.424576e-03 2.420099e-02 3.292301e+00
83 1.830040e-03 2.452125e-01 3.304325e+00
84 2.358538e-03 2.887904e-01 3.431821e+00
85 2.431443e-03 3.091124e-02 3.231287e+00
86 2.239394e-03 7.898589e-02 3.175391e+00
87 1.909531e-03 1.472999e-01 3.279251e+00
88 2.134313e-03 1.177157e-01 3.319458e+00
89 2.035223e-03 4.642695e-02 3.279623e+00
90 2.255785e-03 1.083721e-01 3.360316e+00
91 2.173259e-03 3.658389e-02 3.375137e+00
92 2.027047e-03 6.727790e-02 3.463984e+00
93 1.867951e-03 7.848682e-02 3.615115e+00
94 1.556694e-03 1.666299e-01 3.368373e+00
95 1.065171e-03 3.157482e-01 3.223176e+00
96 8.297011e-04 2.210630e-01 3.175809e+00
97 8.613773e-04 3.817790e-02 3.168092e+00
98 7.932632e-04 7.907584e-02 3.159117e+00
99 8.805488e-04 1.100336e-01 3.175826e+00
100 6.950143e-04 2.107032e-01 3.168124e+00
101 8.461797e-04 2.174997e-01 3.214550e+00
102 7.829677e-04 7.470279e-02 3.216467e+00
103 6.419998e-04 1.800431e-01 3.208148e+00
104 5.695102e-04 1.129123e-01 3.199565e+00
105 6.429260e-04 1.289104e-01 3.280020e+00
106 6.903276e-04 7.372790e-02 3.379273e+00
107 5.706923e-04 1.733022e-01 3.191817e+00
108 5.632399e-04 1.305858e-02 3.255581e+00
109 4.608697e-04 1.817524e-01 3.199821e+00
110 5.915553e-04 2.835632e-01 3.144015e+00
111 5.522888e-04 6.637851e-02 3.173489e+00
112 5.054218e-04 8.485949e-02 3.264366e+00
113 4.541097e-04 1.015233e-01 3.327914e+00
114 4.708584e-04 3.688237e-02 3.286945e+00
115 4.320139e-04 8.249715e-02 3.560294e+00
116 5.105022e-04 1.816800e-01 3.359112e+00
117 4.288981e-04 1.598506e-01 3.520497e+00
118 4.220455e-04 1.597718e-02 3.391711e+00
119 3.826342e-04 9.338158e-02 3.422625e+00
120 2.775277e-04 2.746919e-01 3.104042e+00
121 3.791859e-04 3.662992e-01 3.263723e+00
122 3.278396e-04 1.354120e-01 3.399503e+00
123 3.447278e-04 5.151374e-02 3.255622e+00
124 2.562871e-04 2.565524e-01 3.255825e+00
125 2.912750e-04 1.365186e-01 3.150808e+00
126 2.581590e-04 1.136932e-01 3.254548e+00
127 2.767466e-04 7.200049e-02 3.120468e+00
128 3.015928e-04 8.977964e-02 3.119811e+00
129 2.657229e-04 1.189349e-01 3.119420e+00
130 2.654979e-04 8.469287e-04 3.439784e+00
131 1.997121e-04 2.477825e-01 3.278323e+00
132 2.638303e-04 3.210531e-01 3.199762e+00
133 2.075379e-04 2.133660e-01 3.079507e+00
134 2.248104e-04 8.322587e-02 3.192282e+00
135 2.258243e-04 4.509744e-03 3.311162e+00
136 2.303662e-04 2.011260e-02 3.198669e+00
137 1.644882e-04 2.859708e-01 3.127794e+00
138 2.044602e-04 2.430087e-01 3.575635e+00
139 2.119384e-04 3.657508e-02 3.183762e+00
140 1.884900e-04 1.106377e-01 3.215549e+00
141 1.779314e-04 5.601660e-02 3.110414e+00
142 1.903722e-04 6.991910e-02 3.248504e+00
143 1.547648e-04 1.870410e-01 3.327329e+00
144 1.801591e-04 1.640831e-01 3.303485e+00
145 1.860592e-04 3.274943e-02 3.384396e+00
146 1.655119e-04 1.104346e-01 3.127109e+00
147 1.368604e-04 1.731079e-01 3.144513e+00
148 5.464653e-05 6.007135e-01 3.183130e+00
149 4.037007e-05 2.612509e-01 3.231832e+00
150 9.302563e-05 1.304322e+00 3.253914e+00
151 8.310120e-05 1.066849e-01 3.319277e+00
152 8.343141e-05 3.973544e-03 3.312123e+00
153 4.658505e-05 4.416366e-01 3.423521e+00
154 8.401936e-05 8.035693e-01 3.311685e+00
155 8.287517e-05 1.361819e-02 3.343277e+00
156 7.563539e-05 8.735771e-02 3.269974e+00
157 7.803148e-05 3.167949e-02 3.423576e+00
158 6.395762e-05 1.803613e-01 3.367475e+00
159 6.448417e-05 8.232822e-03 3.351757e+00
160 6.280602e-05 2.602421e-02 3.350349e+00
161 2.761598e-05 5.602973e-01 3.319144e+00
162 5.955519e-05 1.156548e+00 3.327657e+00
163 3.068953e-05 4.846875e-01 3.375568e+00
164 6.068965e-05 9.775357e-01 3.463967e+00
165 7.612606e-05 2.543500e-01 3.368251e+00
166 6.236403e-05 1.807795e-01 3.774504e+00
167 4.925782e-05 2.101566e-01 4.055796e+00
168 4.628611e-05 6.032956e-02 3.232118e+00
169 4.725712e-05 2.097845e-02 3.190026e+00
170 5.870053e-05 2.421520e-01 3.175583e+00
171 2.930525e-05 5.007670e-01 3.216129e+00
172 4.300921e-05 4.676282e-01 3.207047e+00
173 3.930525e-05 8.612017e-02 3.248321e+00
174 4.658325e-05 1.851663e-01 3.327567e+00
175 4.729217e-05 1.521821e-02 3.319520e+00
176 3.150545e-05 3.338125e-01 3.311149e+00
177 4.710170e-05 4.950336e-01 3.176621e+00
178 3.435962e-05 2.705226e-01 3.263663e+00
179 5.101392e-05 4.847054e-01 3.447339e+00
180 4.685820e-05 8.146249e-02 3.510066e+00
181 3.941861e-05 1.587681e-01 3.224077e+00
182 3.574617e-05 9.316507e-02 3.167348e+00
183 3.715745e-05 3.948043e-02 3.271826e+00
184 2.246970e-05 3.952841e-01 3.342728e+00
185 2.780016e-05 2.372288e-01 3.311726e+00
186 2.843301e-05 2.276428e-02 3.167575e+00
187 3.978743e-05 3.993393e-01 3.296085e+00
188 1.926155e-05 5.158884e-01 3.352181e+00
189 3.219879e-05 6.716611e-01 3.334334e+00
190 3.140216e-05 2.474088e-02 3.351630e+00
191 3.018738e-05 3.868483e-02 3.552016e+00
192 1.910828e-05 3.670111e-01 3.686008e+00
193 3.159516e-05 6.534806e-01 3.605770e+00
194 1.744839e-05 4.477513e-01 3.375676e+00
195 2.903928e-05 6.642962e-01 3.375748e+00
196 2.675995e-05 7.849135e-02 3.270996e+00
197 1.209123e-05 5.481597e-01 3.264030e+00
198 2.851462e-05 1.358291e+00 3.384154e+00
199 2.225303e-05 2.195924e-01 3.383612e+00
200 2.434451e-05 9.398643e-02 3.334927e+00
201 2.604353e-05 6.979085e-02 3.326645e+00
202 2.398423e-05 7.907169e-02 3.343915e+00
203 2.334235e-05 2.676261e-02 3.430325e+00
204 6.613816e-06 7.166602e-01 3.463791e+00
205 2.068109e-05 2.126952e+00 3.533984e+00
206 5.721120e-06 7.233646e-01 3.392063e+00
207 1.836298e-05 2.209683e+00 3.335829e+00
208 1.636687e-05 1.087031e-01 3.319147e+00
209 1.625944e-05 6.564083e-03 3.408580e+00
210 1.561941e-05 3.936317e-02 3.351639e+00
211 1.398511e-05 1.046328e-01 3.327158e+00
212 1.601902e-05 1.454341e-01 3.440268e+00
213 1.537669e-05 4.009841e-02 3.575085e+00
214 1.570076e-05 2.107597e-02 3.384122e+00
215 1.592262e-05 1.413016e-02 3.887826e+00
216 1.537149e-05 3.461275e-02 4.221147e+00
217 1.493298e-05 2.852749e-02 3.207602e+00
218 1.388103e-05 7.044513e-02 3.176466e+00
219 8.749073e-06 3.697099e-01 3.205521e+00
220 1.450742e-05 6.581663e-01 3.215903e+00
221 1.508898e-05 4.008686e-02 3.191920e+00
222 1.102168e-05 2.695542e-01 3.103656e+00
223 1.016263e-05 7.794134e-02 3.383537e+00
224 1.133319e-05 1.151824e-01 3.384458e+00
225 1.140189e-05 6.061997e-03 3.360227e+00
226 1.034308e-05 9.286314e-02 3.343309e+00
227 8.963613e-06 1.333707e-01 3.384007e+00
228 9.637339e-06 7.516238e-02 3.479736e+00
229 6.447392e-06 3.309988e-01 3.539596e+00
230 1.115424e-05 7.300397e-01 3.367453e+00
231 7.006513e-06 3.718523e-01 3.351616e+00
232 6.737097e-06 3.845212e-02 3.351741e+00
233 9.276941e-06 3.769939e-01 3.375934e+00
234 8.773856e-06 5.422967e-02 3.360015e+00
235 9.302066e-06 6.020272e-02 3.415936e+00
236 8.112460e-06 1.278862e-01 3.398910e+00
237 9.440625e-06 1.637192e-01 3.392150e+00
238 7.409293e-06 2.151692e-01 3.391434e+00
239 6.229326e-06 1.592550e-01 3.560283e+00
240 5.766755e-06 7.425697e-02 3.558654e+00
241 5.410969e-06 6.169602e-02 3.547416e+00
242 7.662610e-06 4.161252e-01 3.471804e+00
243 8.289958e-06 8.187132e-02 3.319145e+00
244 5.538967e-06 3.318462e-01 3.392421e+00
245 4.507114e-06 1.862899e-01 3.294772e+00
246 4.392193e-06 2.549750e-02 3.391855e+00
247 5.616022e-06 2.786372e-01 3.423066e+00
248 2.253609e-06 5.987179e-01 3.311341e+00
249 5.033914e-06 1.233713e+00 3.375739e+00
250 4.286897e-06 1.483969e-01 3.311083e+00
251 2.476801e-06 4.222393e-01 3.375496e+00
252 5.287059e-06 1.134633e+00 3.352269e+00
253 3.504927e-06 3.370743e-01 3.336040e+00
254 2.296136e-06 3.448835e-01 3.367984e+00
255 4.316945e-06 8.800915e-01 3.368426e+00
256 3.678149e-06 1.479743e-01 3.439411e+00
257 3.939847e-06 7.114958e-02 3.367444e+00
258 4.146267e-06 5.239280e-02 3.367924e+00
259 4.404927e-06 6.238381e-02 3.367815e+00
260 2.980096e-06 3.234631e-01 3.478968e+00
261 3.582582e-06 2.021703e-01 3.528736e+00
262 3.945890e-06 1.014094e-01 3.398567e+00
263 3.572216e-06 9.469961e-02 3.391971e+00
264 2.898023e-06 1.887323e-01 3.375649e+00
265 3.207658e-06 1.068435e-01 3.360197e+00
266 3.858510e-06 2.029056e-01 3.367451e+00
267 3.531911e-06 8.464371e-02 3.335900e+00
268 3.171085e-06 1.021619e-01 3.431919e+00
269 3.328888e-06 4.976330e-02 3.375109e+00
270 3.130536e-06 5.958524e-02 3.519842e+00
271 2.033243e-06 3.505127e-01 3.407592e+00
272 2.902245e-06 4.273970e-01 3.439681e+00
273 2.854308e-06 1.651741e-02 3.399672e+00
274 2.552863e-06 1.056104e-01 3.367745e+00
275 2.764742e-06 8.299660e-02 3.432057e+00
276 2.767013e-06 8.214994e-04 3.392353e+00
277 3.044652e-06 1.003389e-01 3.415101e+00
278 1.540478e-06 4.940381e-01 3.328106e+00
279 2.463676e-06 5.992931e-01 3.335519e+00
280 2.566178e-06 4.160516e-02 3.391459e+00
281 2.576482e-06 4.015675e-03 3.392091e+00
282 2.627401e-06 1.976269e-02 3.383369e+00
283 2.230098e-06 1.512153e-01 3.343527e+00
284 1.531183e-06 3.134010e-01 3.359907e+00
285 1.824323e-06 1.914473e-01 3.472156e+00
286 1.940461e-06 6.366063e-02 4.150685e+00
287 1.598708e-06 1.761197e-01 3.679923e+00
288 1.626869e-06 1.761542e-02 3.335555e+00
289 1.573513e-06 3.279674e-02 3.416001e+00
290 8.985734e-07 4.289382e-01 3.316683e+00
291 1.800872e-06 1.004146e+00 3.359912e+00
292 1.668652e-06 7.341990e-02 3.358874e+00
293 8.659693e-07 4.810367e-01 3.367325e+00
294 1.692264e-06 9.541848e-01 3.328660e+00
295 1.128565e-06 3.331034e-01 3.376144e+00
296 1.650697e-06 4.626513e-01 3.367516e+00
297 1.440741e-06 1.271923e-01 3.495168e+00
298 1.612618e-06 1.192972e-01 3.455576e+00
299 1.588975e-06 1.466122e-02 3.504168e+00
300 4.846302e-07 6.950045e-01 3.399096e+00
301 1.068927e-06 1.205654e+00 3.327298e+00
302 1.271774e-06 1.897673e-01 3.344413e+00
303 1.402829e-06 1.030488e-01 3.375674e+00
304 1.411752e-06 6.360984e-03 3.351375e+00
305 1.188035e-06 1.584676e-01 3.335822e+00
306 1.439853e-06 2.119617e-01 3.327524e+00
307 1.461909e-06 1.531807e-02 3.303109e+00
308 9.290981e-07 3.644623e-01 3.415557e+00
309 1.005457e-06 8.218599e-02 3.415915e+00
310 8.820884e-07 1.226989e-01 3.456307e+00
311 4.075883e-07 5.379281e-01 3.598455e+00
312 1.157328e-06 1.839454e+00 3.431731e+00
313 1.132418e-06 2.152392e-02 3.352136e+00
314 1.023180e-06 9.646420e-02 3.319726e+00
315 8.959247e-07 1.243723e-01 3.343693e+00
316 1.250053e-06 3.952653e-01 3.359054e+00
317 8.215480e-07 3.427893e-01 3.424002e+00
318 1.207620e-06 4.699318e-01 3.360041e+00
319 9.606676e-07 2.044948e-01 3.464172e+00
320 7.619132e-07 2.068919e-01 3.407819e+00
321 9.899311e-07 2.992701e-01 3.359104e+00
322 1.062417e-06 7.322340e-02 3.375948e+00
323 1.312014e-06 2.349332e-01 3.335542e+00
324 8.642078e-07 3.413122e-01 3.463630e+00
325 9.237035e-07 6.884427e-02 3.447757e+00
326 9.356334e-07 1.291524e-02 3.647653e+00
327 9.479820e-07 1.319818e-02 3.400097e+00
328 7.683624e-07 1.894758e-01 3.288036e+00
329 6.066438e-07 2.104717e-01 3.447296e+00
330 7.870459e-07 2.973772e-01 3.375291e+00
331 5.441398e-07 3.086302e-01 3.335403e+00
332 5.973847e-07 9.785163e-02 3.327479e+00
333 6.130203e-07 2.617346e-02 3.256331e+00
334 4.383891e-07 2.848702e-01 3.319426e+00
335 6.795262e-07 5.500526e-01 3.318213e+00
336 5.691418e-07 1.624432e-01 3.559112e+00
337 6.650366e-07 1.684902e-01 3.504136e+00
338 2.919393e-07 5.610177e-01 3.742126e+00
339 6.241109e-07 1.137811e+00 3.271347e+00
340 4.645779e-07 2.556164e-01 3.447200e+00
341 2.886446e-07 3.786949e-01 3.623582e+00
342 4.643573e-07 6.087507e-01 3.455327e+00
343 4.828094e-07 3.973700e-02 3.424629e+00
344 4.797471e-07 6.342704e-03 3.429646e+00
345 4.224835e-07 1.193622e-01 3.391252e+00
346 3.339675e-07 2.095135e-01 3.328130e+00
347 3.120452e-07 6.564203e-02 3.302987e+00
348 3.222197e-07 3.260598e-02 3.735521e+00
349 3.287834e-07 2.037027e-02 4.414958e+00
350 2.706959e-07 1.766742e-01 3.345106e+00
351 3.094004e-07 1.429817e-01 3.264072e+00
352 2.803565e-07 9.387167e-02 3.423848e+00
353 2.991310e-07 6.696651e-02 3.247784e+00
354 3.169699e-07 5.963597e-02 3.408056e+00
355 3.196944e-07 8.595274e-03 3.383304e+00
356 3.343537e-07 4.585428e-02 3.327723e+00
357 3.224375e-07 3.563971e-02 3.439954e+00
358 3.185975e-07 1.190932e-02 3.368565e+00
359 3.091988e-07 2.950021e-02 3.358358e+00
360 1.643434e-07 4.684863e-01 3.359020e+00
361 2.818190e-07 7.148185e-01 3.335937e+00
362 2.158044e-07 2.342446e-01 3.352004e+00
363 2.111360e-07 2.163284e-02 3.615916e+00
364 2.057642e-07 2.544216e-02 3.607681e+00
365 2.080631e-07 1.117216e-02 3.507981e+00
366 1.238248e-07 4.048688e-01 3.503620e+00
367 2.365981e-07 9.107486e-01 3.310782e+00
368 1.316638e-07 4.435128e-01 3.271142e+00
369 2.152082e-07 6.345283e-01 3.390319e+00
370 1.969772e-07 8.471340e-02 3.328137e+00
371 1.566168e-07 2.048986e-01 3.335594e+00
372 2.084624e-07 3.310344e-01 3.270139e+00
373 2.295605e-07 1.012082e-01 3.232485e+00
374 8.382737e-08 6.348354e-01 3.519279e+00
375 1.622023e-07 9.349561e-01 3.295870e+00
376 1.639992e-07 1.107826e-02 3.431289e+00
377 1.944440e-07 1.856400e-01 3.310554e+00
378 1.488888e-07 2.342842e-01 3.550621e+00
379 1.591643e-07 6.901437e-02 3.527951e+00
380 1.566365e-07 1.588174e-02 3.559700e+00
381 1.443734e-07 7.829039e-02 3.267441e+00
382 1.001252e-07 3.064842e-01 3.296770e+00
383 1.402294e-07 4.005402e-01 3.263615e+00
384 1.419948e-07 1.258930e-02 3.271487e+00
385 7.717774e-08 4.564748e-01 3.376060e+00
386 1.344277e-07 7.417938e-01 3.279040e+00
387 1.249269e-07 7.067564e-02 3.287741e+00
388 1.420136e-07 1.367733e-01 3.431836e+00
389 1.350693e-07 4.889914e-02 3.335407e+00
390 1.242553e-07 8.006242e-02 3.400106e+00
391 8.334349e-08 3.292560e-01 3.407294e+00
392 5.620185e-08 3.256600e-01 3.611829e+00
393 9.590267e-08 7.063969e-01 3.391551e+00
394 9.472585e-08 1.227100e-02 3.231887e+00
395 7.087833e-08 2.517530e-01 3.055557e+00
396 1.129210e-07 5.931668e-01 3.095991e+00
397 8.915831e-08 2.104365e-01 3.167244e+00
398 9.815592e-08 1.009172e-01 3.207439e+00
399 9.666552e-08 1.518400e-02 3.232121e+00
400 8.681954e-08 1.018561e-01 3.296235e+00
401 7.572372e-08 1.278033e-01 3.207152e+00
402 6.723891e-08 1.120496e-01 3.359964e+00
403 5.866945e-08 1.274480e-01 3.438130e+00
404 8.409546e-08 4.333775e-01 3.479019e+00
405 9.341094e-08 1.107726e-01 3.474711e+00
406 4.276434e-08 5.421913e-01 3.311345e+00
407 1.074948e-07 1.513655e+00 3.192324e+00
408 9.080194e-08 1.552901e-01 3.239785e+00
409 9.175420e-08 1.048728e-02 3.279163e+00
410 6.324720e-08 3.106888e-01 3.207897e+00
411 8.691909e-08 3.742757e-01 3.287394e+00
412 8.071863e-08 7.133600e-02 3.168566e+00
413 7.452587e-08 7.672030e-02 3.183147e+00
414 6.237723e-08 1.630125e-01 3.336514e+00
415 7.493080e-08 2.012525e-01 3.279326e+00
416 6.847796e-08 8.611734e-02 3.471483e+00
417 5.930432e-08 1.339648e-01 4.143659e+00
418 6.120460e-08 3.204284e-02 3.047290e+00
419 6.766487e-08 1.055521e-01 3.135752e+00
420 6.547997e-08 3.229002e-02 3.263093e+00
421 4.326176e-08 3.393132e-01 3.352028e+00
422 4.925755e-08 1.385934e-01 3.294950e+00
423 5.671359e-08 1.513684e-01 3.382661e+00
424 6.465253e-08 1.399831e-01 3.231838e+00
425 6.481774e-08 2.555408e-03 3.183020e+00
426 6.079616e-08 6.204444e-02 3.232020e+00
427 6.873068e-08 1.305102e-01 3.207223e+00
428 6.135271e-08 1.073461e-01 3.440334e+00
429 5.968453e-08 2.719006e-02 3.431520e+00
430 5.172856e-08 1.333003e-01 3.541284e+00
431 6.080399e-08 1.754432e-01 3.295885e+00
432 2.689882e-08 5.576142e-01 3.207217e+00
433 3.865296e-08 4.369761e-01 3.224287e+00
434 3.658046e-08 5.361814e-02 3.239410e+00
435 4.955730e-08 3.547479e-01 3.192329e+00
436 2.723834e-08 4.503667e-01 3.190959e+00
437 4.741910e-08 7.408952e-01 3.312001e+00
438 4.562414e-08 3.785308e-02 3.280020e+00
439 4.686425e-08 2.718089e-02 3.351244e+00
440 1.702600e-08 6.366954e-01 3.287767e+00
441 4.602469e-08 1.703201e+00 3.679658e+00
442 4.599510e-08 6.428578e-04 3.263851e+00
443 2.022134e-08 5.603588e-01 3.382747e+00
444 4.264619e-08 1.108970e+00 3.166649e+00
445 2.805660e-08 3.421076e-01 3.248289e+00
446 4.222706e-08 5.050668e-01 3.239069e+00
447 3.554819e-08 1.581658e-01 3.240116e+00
448 3.418074e-08 3.846744e-02 3.296198e+00
449 4.059552e-08 1.876724e-01 3.271163e+00
450 1.905418e-08 5.306336e-01 3.296258e+00
451 3.798962e-08 9.937686e-01 3.175584e+00
452 3.879901e-08 2.130553e-02 3.007577e+00
453 3.338206e-08 1.396155e-01 3.135364e+00
454 3.286497e-08 1.549019e-02 3.376302e+00
455 3.075507e-08 6.419905e-02 3.379165e+00
456 3.369170e-08 9.548439e-02 3.119645e+00
457 3.464201e-08 2.820611e-02 3.184065e+00
458 2.335119e-08 3.259285e-01 3.231598e+00
459 2.141560e-08 8.289053e-02 3.191259e+00
460 1.884155e-08 1.201951e-01 3.176134e+00
461 2.990355e-08 5.871069e-01 3.232442e+00
462 2.758034e-08 7.769011e-02 3.295417e+00
463 1.225320e-08 5.557271e-01 3.328066e+00
464 2.308437e-08 8.839468e-01 3.367097e+00
465 2.718808e-08 1.777699e-01 3.399576e+00
466 2.366553e-08 1.295620e-01 3.743869e+00
467 2.039811e-08 1.380669e-01 4.191359e+00
468 2.397510e-08 1.753588e-01 3.260963e+00
469 1.572384e-08 3.441595e-01 2.975624e+00
470 1.265324e-08 1.952828e-01 3.031722e+00
471 9.367310e-09 2.596910e-01 3.127987e+00
472 2.017349e-08 1.153606e+00 3.119385e+00
473 7.551428e-09 6.256757e-01 3.150590e+00
474 2.225320e-08 1.946886e+00 3.177387e+00
475 5.468224e-09 7.542725e-01 3.215453e+00
476 1.901294e-08 2.476987e+00 3.157255e+00
477 7.302475e-09 6.159209e-01 3.167615e+00
478 2.102430e-08 1.879065e+00 3.255049e+00
479 8.305449e-09 6.049596e-01 3.983561e+00
480 1.614721e-08 9.441703e-01 3.927176e+00
481 8.183651e-09 4.931848e-01 2.983819e+00
482 1.888726e-08 1.307926e+00 3.015621e+00
483 1.814588e-08 3.925298e-02 3.072038e+00
484 1.781739e-08 1.810233e-02 3.063166e+00
485 7.638471e-09 5.712914e-01 3.088422e+00
486 1.920451e-08 1.514182e+00 3.095029e+00
487 5.052156e-09 7.369287e-01 3.392249e+00
488 1.760267e-08 2.484189e+00 3.286802e+00
489 1.737214e-08 1.309639e-02 3.080351e+00
490 7.230559e-09 5.837841e-01 3.191685e+00
491 1.446092e-08 9.999723e-01 3.367374e+00
492 1.055866e-08 2.698487e-01 3.260835e+00
493 1.478824e-08 4.005796e-01 3.367720e+00
494 1.308366e-08 1.152661e-01 3.159467e+00
495 1.541933e-08 1.785185e-01 3.055785e+00
496 1.510195e-08 2.058331e-02 2.936452e+00
497 1.270739e-08 1.585595e-01 3.000386e+00
498 1.425788e-08 1.220144e-01 3.007299e+00
499 1.516564e-08 6.366725e-02 3.159226e+00
500 1.489454e-08 1.787610e-02 3.311888e+00
501 1.471861e-08 1.181134e-02 3.127881e+00
502 1.010561e-08 3.134127e-01 3.191915e+00
503 1.267726e-08 2.544768e-01 3.270223e+00
504 8.504254e-09 3.291724e-01 3.318317e+00
505 7.092333e-09 1.660253e-01 3.540009e+00
506 1.378655e-08 9.438674e-01 3.532473e+00
507 1.241876e-08 9.921207e-02 3.303953e+00
508 9.781408e-09 2.123685e-01 3.192054e+00
509 8.681256e-09 1.124738e-01 3.079009e+00
510 9.371930e-09 7.955924e-02 3.143308e+00
511 9.854140e-09 5.145261e-02 2.999440e+00
512 1.017980e-08 3.304836e-02 3.280575e+00
513 9.626636e-09 5.433972e-02 3.271916e+00
514 9.402802e-09 2.325151e-02 3.167297e+00
515 9.343875e-09 6.266912e-03 3.294489e+00
516 1.013251e-08 8.440141e-02 3.199771e+00
517 8.249502e-09 1.858384e-01 3.247696e+00
518 8.215672e-09 4.100846e-03 3.333970e+00
519 8.756929e-09 6.588113e-02 3.280313e+00
520 8.966554e-09 2.393815e-02 3.247819e+00
521 8.708073e-09 2.882727e-02 3.078821e+00
522 8.734949e-09 3.086338e-03 3.198309e+00
523 8.667721e-09 7.696439e-03 3.112164e+00
524 6.399657e-09 2.616678e-01 3.127628e+00
525 8.292649e-09 2.957958e-01 3.295938e+00
526 6.978921e-09 1.584207e-01 3.175321e+00
527 6.885561e-09 1.337739e-02 3.224038e+00
528 7.544622e-09 9.571632e-02 3.207566e+00
529 7.322604e-09 2.942737e-02 3.271949e+00
530 7.133713e-09 2.579556e-02 3.447921e+00
531 6.184159e-09 1.331079e-01 3.343377e+00
532 6.170080e-09 2.276617e-03 3.538096e+00
533 5.783891e-09 6.259061e-02 3.238951e+00
534 5.439577e-09 5.952979e-02 3.255980e+00
535 5.751670e-09 5.737454e-02 3.141889e+00
536 6.034038e-09 4.909316e-02 3.295684e+00
537 8.191114e-09 3.574847e-01 3.248194e+00
538 3.319127e-09 5.947893e-01 3.327326e+00
539 3.750963e-09 1.301054e-01 3.247727e+00
540 3.200369e-09 1.467875e-01 3.100439e+00
541 4.788174e-09 4.961321e-01 3.206348e+00
542 4.701903e-09 1.801751e-02 3.136104e+00
543 4.929998e-09 4.851113e-02 3.088156e+00
544 4.350004e-09 1.176458e-01 3.335189e+00
545 4.310575e-09 9.064107e-03 3.111132e+00
546 4.068593e-09 5.613695e-02 3.119888e+00
547 4.056712e-09 2.920132e-03 3.175375e+00
548 3.490986e-09 1.394542e-01 3.071809e+00
549 3.248400e-09 6.948942e-02 3.064351e+00
550 3.201695e-09 1.437781e-02 3.119715e+00
551 3.005634e-09 6.123675e-02 3.127868e+00
552 3.324707e-09 1.061583e-01 3.167782e+00
553 3.422397e-09 2.938327e-02 3.215197e+00
554 3.392566e-09 8.716348e-03 3.136331e+00
555 3.725604e-09 9.816680e-02 3.207354e+00
556 3.461635e-09 7.085258e-02 3.168521e+00
557 2.214216e-09 3.603556e-01 3.223040e+00
558 2.671988e-09 2.067426e-01 3.272131e+00
559 2.616759e-09 2.066960e-02 3.200033e+00
560 2.321235e-09 1.129354e-01 3.182112e+00
561 2.611501e-09 1.250480e-01 3.183201e+00
562 2.882698e-09 1.038472e-01 3.223848e+00
563 2.995574e-09 3.915659e-02 3.239520e+00
564 2.871447e-09 4.143700e-02 3.311913e+00
565 1.853646e-09 3.544556e-01 3.159841e+00
566 1.019323e-09 4.500983e-01 3.255840e+00
567 1.605491e-09 5.750555e-01 3.247132e+00
568 1.511476e-09 5.855837e-02 3.179340e+00
569 1.766445e-09 1.686890e-01 3.176472e+00
570 1.574092e-09 1.088929e-01 3.199633e+00
571 1.354040e-09 1.397962e-01 3.143849e+00
572 2.041592e-09 5.077785e-01 3.143485e+00
573 1.229907e-09 3.975742e-01 3.111413e+00
574 1.859589e-09 5.119752e-01 3.104214e+00
575 1.753781e-09 5.689865e-02 3.223527e+00
576 2.169823e-09 2.372255e-01 3.182763e+00
577 1.310948e-09 3.958270e-01 3.269347e+00
578 1.936902e-09 4.774812e-01 3.022585e+00
579 9.466298e-10 5.112660e-01 3.071128e+00
580 7.240817e-10 2.350952e-01 3.128017e+00
581 1.650508e-09 1.279450e+00 3.087768e+00
582 1.482539e-09 1.017682e-01 3.103754e+00
583 1.503759e-09 1.431300e-02 3.112077e+00
584 1.011753e-09 3.271841e-01 3.039541e+00
585 1.728440e-09 7.083617e-01 3.088090e+00
586 1.524743e-09 1.178498e-01 3.007312e+00
587 1.075069e-09 2.949180e-01 3.047509e+00
588 1.367501e-09 2.720127e-01 3.254690e+00
589 1.391597e-09 1.762026e-02 3.263694e+00
590 1.326992e-09 4.642490e-02 3.307828e+00
591 1.321157e-09 4.397830e-03 2.967883e+00
592 1.427860e-09 8.076516e-02 2.991396e+00
593 8.679110e-10 3.921596e-01 3.039308e+00
594 9.687808e-10 1.162214e-01 3.189983e+00
595 5.645875e-10 4.172186e-01 3.055502e+00
596 1.211092e-09 1.145092e+00 3.023862e+00
597 6.130015e-10 4.938440e-01 3.095338e+00
598 1.195193e-09 9.497394e-01 2.879515e+00
599 8.932411e-10 2.526387e-01 3.030434e+00
600 9.355693e-10 4.738714e-02 3.095852e+00
601 1.021071e-09 9.139028e-02 3.096090e+00
602 1.028116e-09 6.898995e-03 3.823929e+00
603 1.029638e-09 1.480707e-03 3.604270e+00
604 8.819800e-10 1.434076e-01 2.959743e+00
605 6.895952e-10 2.181284e-01 3.223681e+00
606 7.751533e-10 1.240701e-01 3.048228e+00
607 8.188794e-10 5.640966e-02 3.103497e+00
608 3.117059e-10 6.193507e-01 3.150369e+00
609 7.532114e-10 1.416417e+00 3.190713e+00
610 6.999156e-10 7.075811e-02 3.016655e+00
611 6.375772e-10 8.906554e-02 3.007730e+00
612 7.133711e-10 1.188780e-01 3.039454e+00
613 5.392491e-10 2.440834e-01 3.120057e+00
614 7.244640e-10 3.434683e-01 3.159644e+00
615 5.354894e-10 2.608475e-01 3.087488e+00
616 6.720140e-10 2.549529e-01 3.451136e+00
617 6.248807e-10 7.013737e-02 3.079408e+00
618 6.495636e-10 3.950022e-02 3.096413e+00
619 6.124049e-10 5.720567e-02 3.007979e+00
620 6.139068e-10 2.452478e-03 2.911074e+00
621 5.904712e-10 3.817450e-02 3.021673e+00
622 6.388344e-10 8.190611e-02 2.999061e+00
623 5.132396e-10 1.966000e-01 2.960231e+00
624 5.417531e-10 5.555598e-02 2.976070e+00
625 5.084276e-10 6.151410e-02 3.007903e+00
626 4.626712e-10 8.999589e-02 3.039893e+00
627 4.348779e-10 6.007143e-02 3.055156e+00
628 4.530254e-10 4.173007e-02 3.111968e+00
629 4.017339e-10 1.132200e-01 3.182060e+00
630 4.012698e-10 1.155176e-03 3.000034e+00
631 3.535490e-10 1.189245e-01 2.888349e+00
632 3.917722e-10 1.081129e-01 2.815252e+00
633 3.851418e-10 1.692403e-02 2.871835e+00
634 4.522129e-10 1.741466e-01 2.943296e+00
635 2.022986e-10 5.526474e-01 2.893672e+00
636 3.232373e-10 5.978227e-01 2.951955e+00
637 3.347749e-10 3.569374e-02 2.999334e+00
638 3.147388e-10 5.984943e-02 2.951698e+00
639 2.840880e-10 9.738493e-02 2.919399e+00
640 2.851066e-10 3.585613e-03 2.952026e+00
641 2.655157e-10 6.871424e-02 2.695852e+00
642 2.740863e-10 3.227903e-02 3.045893e+00
643 2.912645e-10 6.267423e-02 3.671946e+00
644 2.910917e-10 5.931060e-04 2.828329e+00
645 2.824466e-10 2.969884e-02 2.567865e+00
646 2.030920e-10 2.809544e-01 2.711446e+00
647 2.465953e-10 2.142050e-01 2.808406e+00
648 2.685886e-10 8.918782e-02 2.871343e+00
649 2.011002e-10 2.512703e-01 2.992468e+00
650 1.960624e-10 2.505148e-02 3.079217e+00
651 2.012126e-10 2.626824e-02 3.085774e+00
652 2.163441e-10 7.520131e-02 2.928094e+00
653 1.894777e-10 1.241837e-01 2.815809e+00
654 1.247830e-10 3.414371e-01 2.927733e+00
655 1.056680e-10 1.531854e-01 2.831928e+00
656 1.701633e-10 6.103577e-01 2.887701e+00
657 1.520921e-10 1.061992e-01 2.832301e+00
658 1.419159e-10 6.690809e-02 3.175721e+00
659 1.393997e-10 1.773028e-02 3.127771e+00
660 1.478205e-10 6.040773e-02 3.174644e+00
661 1.374152e-10 7.039173e-02 2.871488e+00
662 1.402268e-10 2.046091e-02 2.791832e+00
663 1.405530e-10 2.326114e-03 2.792134e+00
664 1.507112e-10 7.227314e-02 2.815750e+00
665 1.239272e-10 1.777175e-01 2.703351e+00
666 1.195678e-10 3.517712e-02 2.768038e+00
667 1.267899e-10 6.040181e-02 2.968433e+00
668 1.684750e-10 3.287730e-01 2.934713e+00
669 1.786011e-10 6.010459e-02 2.934357e+00
670 1.686506e-10 5.571345e-02 3.031447e+00
671 1.522618e-10 9.717656e-02 2.935743e+00
672 1.656608e-10 8.800016e-02 3.119671e+00
673 1.568620e-10 5.311365e-02 3.070753e+00
674 1.531018e-10 2.397149e-02 3.136291e+00
675 1.591460e-10 3.947882e-02 3.047146e+00
676 1.553813e-10 2.365605e-02 2.941281e+00
677 1.207109e-10 2.231310e-01 2.799873e+00
678 1.190968e-10 1.337114e-02 2.967221e+00
679 1.302651e-10 9.377485e-02 2.967790e+00
680 1.400683e-10 7.525543e-02 2.991970e+00
681 1.140024e-10 1.860944e-01 2.991236e+00
682 1.327336e-10 1.643057e-01 2.951857e+00
683 1.311218e-10 1.214328e-02 3.007985e+00
684 1.264000e-10 3.601063e-02 2.903588e+00
685 1.181216e-10 6.549350e-02 2.951264e+00
686 6.486622e-11 4.508523e-01 2.908585e+00
