1 9.987042e-01 1.000000e+00 3.671371e+00
2 9.975663e-01 1.139342e-03 4.271399e+00
3 9.973071e-01 2.598304e-04 3.943076e+00
4 9.814089e-01 1.594114e-02 3.981868e+00
5 9.810870e-01 3.279903e-04 3.871866e+00
6 9.796050e-01 1.510576e-03 3.854225e+00
7 9.725006e-01 7.252297e-03 3.999577e+00
8 9.713901e-01 1.141909e-03 4.111943e+00
9 9.742840e-01 2.979188e-03 4.238502e+00
10 9.717393e-01 2.611910e-03 3.990986e+00
11 9.717606e-01 2.188404e-05 3.992119e+00
12 9.714529e-01 3.166339e-04 4.022361e+00
13 9.714152e-01 3.879415e-05 4.263737e+00
14 9.710455e-01 3.805403e-04 3.895342e+00
15 9.710022e-01 4.465704e-05 3.719102e+00
16 9.708710e-01 1.350417e-04 3.855212e+00
17 9.709337e-01 6.456787e-05 3.597595e+00
18 9.727108e-01 1.830267e-03 4.863037e+00
19 9.714820e-01 1.263228e-03 4.288824e+00
20 9.725142e-01 1.062419e-03 3.735934e+00
21 9.710591e-01 1.496191e-03 3.815614e+00
22 9.709100e-01 1.534960e-04 3.799029e+00
23 9.708848e-01 2.594905e-05 3.703084e+00
24 9.706512e-01 2.406624e-04 3.836124e+00
25 9.705073e-01 1.482772e-04 3.823734e+00
26 9.703741e-01 1.372055e-04 3.702451e+00
27 9.703260e-01 4.956517e-05 3.607384e+00
28 9.704798e-01 1.584440e-04 3.672153e+00
29 9.703091e-01 1.758934e-04 3.637058e+00
30 9.702466e-01 6.433058e-05 3.823888e+00
31 9.702432e-01 3.533339e-06 3.944250e+00
32 9.702434e-01 1.651372e-07 3.958289e+00
33 9.705937e-01 3.610849e-04 3.862842e+00
34 9.702232e-01 3.817741e-04 3.872354e+00
35 9.711626e-01 9.682774e-04 3.751085e+00
36 9.702082e-01 9.827782e-04 3.623739e+00
37 9.702272e-01 1.966021e-05 3.838810e+00
38 9.702477e-01 2.107349e-05 3.728530e+00
39 9.711001e-01 8.785708e-04 3.695682e+00
40 9.709074e-01 1.984732e-04 3.726923e+00
41 9.702991e-01 6.265099e-04 3.767407e+00
42 9.702626e-01 3.761840e-05 3.863701e+00
43 9.703160e-01 5.502102e-05 3.735645e+00
44 9.701699e-01 1.505182e-04 3.933716e+00
45 9.701458e-01 2.486812e-05 3.623913e+00
46 9.705734e-01 4.407946e-04 3.727187e+00
47 9.702188e-01 3.653691e-04 3.648338e+00
48 9.701897e-01 3.004369e-05 3.590743e+00
49 9.701422e-01 4.888555e-05 3.567769e+00
50 9.701468e-01 4.666399e-06 3.542984e+00
51 9.702400e-01 9.606834e-05 3.614418e+00
52 9.702166e-01 2.408930e-05 3.584197e+00
53 9.701681e-01 5.003263e-05 3.630958e+00
54 9.701248e-01 4.456468e-05 3.528676e+00
55 9.701290e-01 4.334178e-06 3.608402e+00
56 9.703421e-01 2.196069e-04 3.599941e+00
57 9.701205e-01 2.283264e-04 3.703169e+00
58 9.701728e-01 5.384535e-05 3.654121e+00
59 9.701187e-01 5.567965e-05 3.647341e+00
60 9.703595e-01 2.482283e-04 3.687487e+00
61 9.701233e-01 2.434536e-04 3.543745e+00
62 9.702439e-01 1.243564e-04 3.599918e+00
63 9.701473e-01 9.961029e-05 3.527683e+00
64 9.701368e-01 1.080344e-05 3.567924e+00
65 9.703262e-01 1.952523e-04 3.751807e+00
66 9.701132e-01 2.195320e-04 3.623544e+00
67 9.703719e-01 2.666758e-04 3.793457e+00
68 9.701147e-01 2.651280e-04 3.599375e+00
69 9.701554e-01 4.202790e-05 3.527328e+00
70 9.701245e-01 3.192437e-05 3.575953e+00
71 9.701126e-01 1.227335e-05 3.736484e+00
72 9.706668e-01 5.713031e-04 3.564336e+00
73 9.701500e-01 5.324235e-04 3.630796e+00
74 9.703872e-01 2.445607e-04 3.664560e+00
75 9.701128e-01 2.827848e-04 3.646144e+00
76 9.701114e-01 1.419277e-06 3.600109e+00
77 9.700989e-01 1.292568e-05 3.519270e+00
78 9.701094e-01 1.078181e-05 3.670894e+00
79 9.700981e-01 1.160917e-05 3.640038e+00
80 9.701097e-01 1.196229e-05 3.591575e+00
81 9.700860e-01 2.447287e-05 4.096246e+00
82 9.701235e-01 3.867582e-05 3.943383e+00
83 9.701112e-01 1.267493e-05 4.061719e+00
84 9.701030e-01 8.481419e-06 3.871624e+00
85 9.701015e-01 1.496770e-06 3.776593e+00
86 9.700986e-01 2.961785e-06 3.544579e+00
87 9.703542e-01 2.634296e-04 3.775489e+00
88 9.700832e-01 2.793196e-04 3.759605e+00
89 9.709311e-01 8.740745e-04 3.655319e+00
90 9.700958e-01 8.603237e-04 3.696285e+00
91 9.704208e-01 3.350501e-04 3.655007e+00
92 9.700938e-01 3.369334e-04 3.775443e+00
93 9.700848e-01 9.297322e-06 3.870104e+00
94 9.700839e-01 9.802733e-07 3.841943e+00
95 9.707171e-01 6.527508e-04 4.055043e+00
96 9.700866e-01 6.494839e-04 3.655692e+00
97 9.704081e-01 3.314511e-04 3.727090e+00
98 9.700794e-01 3.388124e-04 3.694570e+00
99 9.709127e-01 8.590790e-04 3.767330e+00
100 9.700833e-01 8.543147e-04 4.064412e+00
101 9.712191e-01 1.170876e-03 3.735092e+00
102 9.686383e-01 2.657333e-03 3.991636e+00
103 9.680948e-01 5.611115e-04 3.943755e+00
104 9.679078e-01 1.931293e-04 4.131527e+00
105 9.679375e-01 3.071342e-05 3.718246e+00
106 9.679000e-01 3.872374e-05 3.616157e+00
107 9.678730e-01 2.796231e-05 3.711672e+00
108 9.706845e-01 2.904902e-03 3.655500e+00
109 9.659884e-01 4.837995e-03 3.712043e+00
110 9.658727e-01 1.197700e-04 3.879332e+00
111 9.658581e-01 1.505234e-05 3.744413e+00
112 9.658769e-01 1.939396e-05 3.695465e+00
113 9.658650e-01 1.228319e-05 3.679957e+00
114 9.658621e-01 2.999672e-06 3.831407e+00
115 9.658612e-01 9.812002e-07 3.934010e+00
116 9.658636e-01 2.483186e-06 3.607169e+00
117 9.658697e-01 6.363061e-06 3.624323e+00
118 9.658427e-01 2.798426e-05 3.565821e+00
119 9.658741e-01 3.258111e-05 3.751350e+00
120 9.658502e-01 2.474614e-05 3.735450e+00
121 9.658509e-01 6.668420e-07 3.607936e+00
122 9.648035e-01 1.084429e-03 3.812730e+00
123 9.648041e-01 6.284256e-07 3.622254e+00
124 9.648069e-01 2.953903e-06 3.687837e+00
125 9.648047e-01 2.287702e-06 3.646581e+00
126 9.646954e-01 1.133316e-04 3.567151e+00
127 9.647112e-01 1.637826e-05 3.655358e+00
128 9.645465e-01 1.707066e-04 3.663771e+00
129 9.645542e-01 7.948394e-06 3.671458e+00
130 9.627655e-01 1.854409e-03 3.583859e+00
131 9.627182e-01 4.917949e-05 3.991750e+00
132 9.627139e-01 4.415905e-06 3.966538e+00
133 9.632663e-01 5.737961e-04 4.039881e+00
134 9.619658e-01 1.350109e-03 3.567562e+00
135 9.620921e-01 1.313509e-04 4.271763e+00
136 9.527825e-01 9.676496e-03 3.639190e+00
137 9.530247e-01 2.542493e-04 3.752494e+00
138 9.527067e-01 3.336919e-04 3.599772e+00
139 9.527877e-01 8.502714e-05 3.655833e+00
140 9.515772e-01 1.270502e-03 3.670967e+00
141 9.512353e-01 3.592516e-04 4.111406e+00
142 9.511882e-01 4.949154e-05 3.582428e+00
143 9.372575e-01 1.464559e-02 3.767820e+00
144 9.369714e-01 3.053013e-04 3.784205e+00
145 9.383544e-01 1.476093e-03 3.639896e+00
146 9.332074e-01 5.485178e-03 3.607812e+00
147 9.331803e-01 2.904916e-05 3.544312e+00
148 9.304209e-01 2.957013e-03 4.237444e+00
149 9.303745e-01 4.982075e-05 3.647345e+00
150 9.301540e-01 2.370393e-04 3.654840e+00
151 9.314017e-01 1.341376e-03 3.735384e+00
152 9.268578e-01 4.878481e-03 3.568439e+00
153 9.268164e-01 4.471058e-05 3.566191e+00
154 9.268733e-01 6.135588e-05 3.550130e+00
155 9.268262e-01 5.076845e-05 3.687910e+00
156 9.265872e-01 2.579107e-04 3.527235e+00
157 9.271305e-01 5.863831e-04 3.558797e+00
158 9.252244e-01 2.055903e-03 3.679621e+00
159 9.251117e-01 1.218365e-04 3.623841e+00
160 9.237097e-01 1.515426e-03 4.359519e+00
161 9.236159e-01 1.016507e-04 3.551463e+00
162 9.236402e-01 2.639913e-05 3.407676e+00
163 9.236300e-01 1.111132e-05 3.488408e+00
164 9.236305e-01 6.190625e-07 3.398166e+00
165 9.236123e-01 1.971306e-05 3.455496e+00
166 9.236085e-01 4.133754e-06 3.494270e+00
167 9.235959e-01 1.366956e-05 3.487239e+00
168 9.235521e-01 4.736440e-05 3.631754e+00
169 9.235344e-01 1.917668e-05 3.670780e+00
170 9.235452e-01 1.169505e-05 3.391270e+00
171 9.235345e-01 1.163140e-05 3.335670e+00
172 9.247962e-01 1.366196e-03 3.431633e+00
173 9.223853e-01 2.606991e-03 5.744059e+00
174 9.221432e-01 2.624875e-04 3.391617e+00
175 9.221093e-01 3.677580e-05 3.447349e+00
176 9.220588e-01 5.476763e-05 3.456172e+00
177 9.106613e-01 1.236087e-02 3.847788e+00
178 9.062303e-01 4.865753e-03 3.471566e+00
179 9.060669e-01 1.802184e-04 3.830974e+00
180 9.030393e-01 3.341497e-03 3.695821e+00
181 9.029723e-01 7.427365e-05 3.607723e+00
182 8.994472e-01 3.903829e-03 3.527331e+00
183 8.945298e-01 5.467101e-03 3.583584e+00
184 8.886879e-01 6.530693e-03 4.056101e+00
185 8.885097e-01 2.005519e-04 3.567582e+00
186 8.882581e-01 2.832243e-04 3.294928e+00
187 8.934922e-01 5.892605e-03 3.320008e+00
188 8.659237e-01 3.085478e-02 4.455165e+00
189 7.891547e-01 8.865565e-02 3.560478e+00
190 7.892722e-01 1.489103e-04 3.527169e+00
191 7.892297e-01 5.379918e-05 3.558951e+00
192 7.889294e-01 3.805687e-04 3.517856e+00
193 7.889024e-01 3.418458e-05 3.551250e+00
194 7.983024e-01 1.191525e-02 3.575852e+00
195 6.996147e-01 1.236219e-01 4.639872e+00
196 6.776215e-01 3.143610e-02 3.639742e+00
197 6.341802e-01 6.410846e-02 4.519319e+00
198 6.315097e-01 4.210956e-03 4.393743e+00
199 6.035275e-01 4.431008e-02 3.934907e+00
200 5.567640e-01 7.748355e-02 3.496519e+00
201 5.543704e-01 4.299268e-03 3.727819e+00
202 3.461264e-01 3.756405e-01 3.511221e+00
203 3.445208e-01 4.638727e-03 3.551665e+00
204 3.168623e-01 8.028106e-02 3.519298e+00
205 3.175564e-01 2.190642e-03 3.559969e+00
206 3.182569e-01 2.205807e-03 3.624231e+00
207 2.337538e-01 2.655186e-01 3.463470e+00
208 3.846709e-01 6.456243e-01 3.591845e+00
209 2.084620e-01 4.580771e-01 3.718768e+00
210 1.053656e-01 4.945570e-01 3.648361e+00
211 9.130036e-02 1.334902e-01 3.575436e+00
212 4.245225e-02 5.350265e-01 3.551454e+00
213 6.304836e-02 4.851596e-01 3.631663e+00
214 3.018122e-02 5.213005e-01 3.608060e+00
215 3.809483e-02 2.622031e-01 3.630973e+00
216 2.650723e-02 3.041778e-01 3.560176e+00
217 2.329247e-02 1.212786e-01 3.575956e+00
218 2.613381e-02 1.219853e-01 3.702250e+00
219 2.263707e-02 1.338013e-01 3.839217e+00
220 2.535624e-02 1.201205e-01 3.607729e+00
221 2.152963e-02 1.509141e-01 3.676824e+00
222 2.155483e-02 1.170741e-03 3.767927e+00
223 2.087134e-02 3.170945e-02 3.512397e+00
224 2.176527e-02 4.283037e-02 3.575742e+00
225 2.577991e-02 1.844517e-01 3.614776e+00
226 1.667246e-02 3.532771e-01 3.519999e+00
227 1.674820e-02 4.542706e-03 3.397342e+00
228 1.658488e-02 9.751216e-03 3.511392e+00
229 1.655452e-02 1.830572e-03 3.455709e+00
230 1.628730e-02 1.614182e-02 3.487339e+00
231 1.620315e-02 5.166892e-03 3.471743e+00
232 1.596742e-02 1.454836e-02 3.431910e+00
233 1.603558e-02 4.268677e-03 3.639518e+00
234 1.517071e-02 5.393452e-02 3.735158e+00
235 1.507332e-02 6.419560e-03 3.550570e+00
236 1.380686e-02 8.401955e-02 3.608215e+00
237 1.289360e-02 6.614542e-02 3.567973e+00
238 1.300347e-02 8.520804e-03 3.535581e+00
239 1.267097e-02 2.556950e-02 3.583058e+00
240 1.187422e-02 6.288055e-02 3.632094e+00
241 1.190334e-02 2.452387e-03 3.558394e+00
242 1.180714e-02 8.081717e-03 3.784185e+00
243 1.199973e-02 1.631114e-02 3.751377e+00
244 1.108547e-02 7.618956e-02 3.791506e+00
245 1.118659e-02 9.121567e-03 3.816052e+00
246 1.097567e-02 1.885470e-02 3.773920e+00
247 1.714752e-02 5.623211e-01 3.622797e+00
248 1.076058e-02 3.724699e-01 3.599543e+00
249 1.026886e-02 4.569678e-02 3.599654e+00
250 1.019057e-02 7.624122e-03 3.543757e+00
251 1.011839e-02 7.082598e-03 3.591649e+00
252 8.526183e-03 1.573580e-01 3.903492e+00
253 8.393589e-03 1.555142e-02 3.599781e+00
254 8.575725e-03 2.169943e-02 3.600250e+00
255 7.375882e-03 1.399115e-01 3.607216e+00
256 6.774662e-03 8.151161e-02 3.792285e+00
257 6.235472e-03 7.958929e-02 4.022354e+00
258 6.749708e-03 8.246948e-02 3.640236e+00
259 6.942609e-03 2.857924e-02 3.631439e+00
260 4.774754e-03 3.122536e-01 3.655569e+00
261 7.259978e-03 5.204925e-01 3.648660e+00
262 4.234737e-03 4.167011e-01 3.632597e+00
263 4.171352e-03 1.496790e-02 3.719210e+00
264 3.749174e-03 1.012090e-01 3.535506e+00
265 3.533777e-03 5.745170e-02 3.623656e+00
266 3.475023e-03 1.662634e-02 3.647935e+00
267 2.932931e-03 1.559969e-01 3.592056e+00
268 3.239412e-03 1.044965e-01 3.615054e+00
269 2.988534e-03 7.744540e-02 3.607944e+00
270 3.081703e-03 3.117551e-02 3.599981e+00
271 3.368368e-03 9.302137e-02 3.774688e+00
272 3.149741e-03 6.490575e-02 3.600060e+00
273 4.307058e-03 3.674324e-01 3.679644e+00
274 5.898103e-03 3.694040e-01 3.687443e+00
275 4.139674e-03 2.981346e-01 3.559493e+00
276 3.459396e-03 1.643313e-01 3.567388e+00
277 3.390454e-03 1.992898e-02 3.607526e+00
278 2.644958e-03 2.198809e-01 3.704269e+00
279 2.263792e-03 1.441103e-01 3.727136e+00
280 1.879493e-03 1.697590e-01 3.558888e+00
281 1.643792e-03 1.254070e-01 3.680130e+00
282 2.658142e-03 6.170799e-01 3.624057e+00
283 1.375779e-03 4.824283e-01 3.607304e+00
284 1.741627e-03 2.659203e-01 3.599765e+00
285 1.449423e-03 1.677767e-01 3.591851e+00
286 2.327172e-03 6.055855e-01 3.647115e+00
287 2.256748e-03 3.026173e-02 3.616548e+00
288 2.302575e-03 2.030662e-02 3.639659e+00
289 2.602716e-03 1.303503e-01 3.583722e+00
290 1.460540e-03 4.388401e-01 3.647576e+00
291 1.573761e-03 7.752027e-02 3.519784e+00
292 1.473096e-03 6.396456e-02 3.695325e+00
293 1.337630e-03 9.196016e-02 3.743959e+00
294 1.175653e-03 1.210927e-01 3.830875e+00
295 1.166783e-03 7.545019e-03 3.559024e+00
296 1.143738e-03 1.975081e-02 3.591880e+00
297 7.504098e-04 3.438970e-01 3.599612e+00
298 7.261981e-04 3.226457e-02 3.599804e+00
299 1.815266e-03 1.499684e+00 3.623635e+00
300 7.039203e-04 6.122219e-01 3.783342e+00
301 6.807752e-04 3.288028e-02 3.544706e+00
302 6.819312e-04 1.697982e-03 3.535287e+00
303 6.786285e-04 4.843144e-03 3.504160e+00
304 1.662275e-03 1.449463e+00 3.695439e+00
305 6.671705e-04 5.986401e-01 3.708406e+00
306 1.389177e-03 1.082191e+00 3.335998e+00
307 1.351629e-03 2.702883e-02 3.366905e+00
308 1.399951e-03 3.575145e-02 3.360234e+00
309 1.344707e-03 3.946151e-02 3.471126e+00
310 1.395062e-03 3.744696e-02 3.399726e+00
311 6.599033e-04 5.269722e-01 3.503826e+00
312 4.677218e-04 2.912268e-01 3.567697e+00
313 1.398519e-03 1.990066e+00 3.592408e+00
314 9.234865e-04 3.396683e-01 3.495948e+00
315 1.338520e-03 4.494208e-01 3.628398e+00
316 6.646939e-04 5.034115e-01 3.696628e+00
317 6.844719e-04 2.975503e-02 3.974980e+00
318 1.126307e-03 6.455130e-01 3.552129e+00
319 9.211584e-04 1.821430e-01 3.463236e+00
320 7.335803e-04 2.036329e-01 3.399689e+00
321 7.080313e-04 3.482782e-02 3.520028e+00
322 6.546335e-04 7.541730e-02 3.688242e+00
323 6.234712e-04 4.760262e-02 3.583681e+00
324 5.895239e-04 5.444891e-02 3.647597e+00
325 6.931310e-04 1.757471e-01 3.583397e+00
326 6.589427e-04 4.932444e-02 3.520312e+00
327 1.220113e-03 8.516221e-01 3.511539e+00
328 9.434272e-04 2.267706e-01 3.567856e+00
329 1.125623e-03 1.931214e-01 3.566862e+00
330 5.703598e-04 4.932941e-01 3.703453e+00
331 5.304174e-04 7.003022e-02 3.479974e+00
332 4.542228e-04 1.436502e-01 3.487474e+00
333 4.338332e-04 4.488906e-02 3.399872e+00
334 5.356344e-04 2.346552e-01 3.479298e+00
335 4.470728e-04 1.653397e-01 3.599902e+00
336 4.515539e-04 1.002321e-02 3.519712e+00
337 4.246497e-04 5.958127e-02 3.560101e+00
338 8.963656e-04 1.110835e+00 3.574945e+00
339 9.022192e-04 6.530359e-03 3.450037e+00
340 9.087800e-04 7.271887e-03 3.647561e+00
341 8.989345e-04 1.083371e-02 3.806261e+00
342 9.027934e-04 4.292758e-03 3.903767e+00
343 5.320364e-04 4.106776e-01 3.485616e+00
344 8.971692e-04 6.862929e-01 3.629602e+00
345 4.029083e-04 5.509116e-01 3.562563e+00
346 8.895819e-04 1.207902e+00 3.434773e+00
347 3.921714e-04 5.591509e-01 3.437615e+00
348 2.764876e-04 2.949828e-01 3.582965e+00
349 7.454343e-04 1.696086e+00 3.671171e+00
350 4.288854e-04 4.246503e-01 3.583439e+00
351 7.367305e-04 7.177793e-01 3.684372e+00
352 5.252510e-04 2.870514e-01 3.622729e+00
353 7.168509e-04 3.647779e-01 3.501367e+00
354 5.167113e-04 2.791927e-01 3.560361e+00
355 4.737557e-04 8.313272e-02 3.565376e+00
356 3.451771e-04 2.714027e-01 3.591738e+00
357 2.502374e-04 2.750463e-01 3.543241e+00
358 4.769524e-04 9.059995e-01 3.719457e+00
359 3.685406e-04 2.273011e-01 3.543403e+00
360 2.063494e-04 4.400904e-01 3.647177e+00
361 1.056804e-04 4.878570e-01 3.599786e+00
362 1.066600e-04 9.269697e-03 3.639746e+00
363 2.543613e-04 1.384785e+00 3.575889e+00
364 1.283986e-04 4.952117e-01 3.572092e+00
365 5.253383e-05 5.908536e-01 3.727387e+00
366 4.188953e-05 2.026181e-01 3.631769e+00
367 2.163459e-05 4.835322e-01 3.550096e+00
368 2.312423e-05 6.885455e-02 3.532565e+00
369 1.606203e-05 3.054026e-01 3.667850e+00
370 9.008738e-06 4.391283e-01 3.606928e+00
371 6.642381e-06 2.626735e-01 3.596820e+00
372 9.611559e-06 4.470051e-01 3.526756e+00
373 8.514693e-06 1.141194e-01 3.644290e+00
374 8.251395e-06 3.092278e-02 3.552182e+00
375 9.521194e-06 1.538889e-01 3.535262e+00
376 5.456213e-06 4.269402e-01 3.503432e+00
377 4.322508e-06 2.077825e-01 3.575782e+00
378 5.717937e-06 3.228286e-01 3.559959e+00
379 5.462403e-06 4.468981e-02 3.543558e+00
380 4.725249e-06 1.349506e-01 3.568424e+00
381 5.394582e-06 1.416504e-01 3.599208e+00
382 3.732290e-06 3.081411e-01 3.584315e+00
383 4.005000e-06 7.306797e-02 3.629786e+00
384 3.149721e-06 2.135530e-01 3.725928e+00
385 2.869485e-06 8.897159e-02 3.693293e+00
386 2.859317e-06 3.543454e-03 3.918896e+00
387 2.121869e-06 2.579106e-01 3.592129e+00
388 2.431864e-06 1.460954e-01 3.543303e+00
389 1.746291e-06 2.819127e-01 3.788999e+00
390 2.134254e-06 2.221641e-01 3.581470e+00
391 2.536433e-06 1.884403e-01 3.534150e+00
392 3.122970e-06 2.312445e-01 3.575759e+00
393 3.115958e-06 2.245086e-03 3.735128e+00
394 2.913080e-06 6.510945e-02 3.561627e+00
395 2.786440e-06 4.347300e-02 3.639892e+00
396 2.750343e-06 1.295449e-02 4.361918e+00
397 2.698713e-06 1.877224e-02 3.758559e+00
398 2.684232e-06 5.365816e-03 3.423680e+00
399 2.665459e-06 6.993918e-03 3.471644e+00
400 2.606074e-06 2.227943e-02 3.511833e+00
401 2.568085e-06 1.457685e-02 3.495393e+00
402 2.510771e-06 2.231808e-02 3.567521e+00
403 2.521887e-06 4.427411e-03 3.664274e+00
404 2.424237e-06 3.872088e-02 3.941451e+00
405 2.470827e-06 1.921852e-02 3.635111e+00
406 2.348414e-06 4.954343e-02 3.767787e+00
407 2.434020e-06 3.645259e-02 3.781760e+00
408 2.282623e-06 6.220014e-02 3.958329e+00
409 2.386433e-06 4.547819e-02 3.582645e+00
410 2.195234e-06 8.011915e-02 3.663466e+00
411 2.362823e-06 7.634211e-02 3.588941e+00
412 2.112143e-06 1.060933e-01 3.654320e+00
413 2.322852e-06 9.976060e-02 3.804695e+00
414 2.137550e-06 7.977329e-02 3.662934e+00
415 2.238560e-06 4.725476e-02 3.644211e+00
416 1.995571e-06 1.085471e-01 3.831677e+00
417 1.994559e-06 5.067217e-04 3.742389e+00
418 1.927565e-06 3.358866e-02 3.696180e+00
419 2.024972e-06 5.053394e-02 3.759372e+00
420 1.898642e-06 6.238607e-02 3.703863e+00
421 1.968788e-06 3.694550e-02 3.782698e+00
422 1.878336e-06 4.594300e-02 3.612884e+00
423 1.917891e-06 2.105807e-02 3.772600e+00
424 1.833923e-06 4.378132e-02 3.702240e+00
425 1.803632e-06 1.651708e-02 3.635562e+00
426 1.959776e-06 8.657197e-02 3.709689e+00
427 1.497383e-06 2.359418e-01 4.303738e+00
428 2.021380e-06 3.499422e-01 3.773607e+00
429 1.222583e-06 3.951743e-01 3.663751e+00
430 1.252829e-06 2.474009e-02 3.759122e+00
431 8.564360e-07 3.163985e-01 3.702062e+00
432 1.274311e-06 4.879227e-01 3.735765e+00
433 7.519848e-07 4.098890e-01 3.554424e+00
434 1.141978e-06 5.186180e-01 3.862728e+00
435 1.012581e-06 1.133092e-01 3.603079e+00
436 1.143567e-06 1.293581e-01 3.622342e+00
437 9.653706e-07 1.558249e-01 3.589628e+00
438 1.146515e-06 1.876422e-01 3.701784e+00
439 9.447448e-07 1.759856e-01 3.995012e+00
440 1.077098e-06 1.400942e-01 3.629884e+00
441 9.309019e-07 1.357315e-01 3.599670e+00
442 1.037084e-06 1.140639e-01 3.639195e+00
443 8.995193e-07 1.326458e-01 3.653385e+00
444 1.033921e-06 1.494152e-01 3.590702e+00
445 8.929136e-07 1.363813e-01 3.623896e+00
446 1.037681e-06 1.621296e-01 3.503228e+00
447 9.369038e-07 9.711800e-02 3.383522e+00
448 9.726752e-07 3.818043e-02 3.542386e+00
449 7.948684e-07 1.828018e-01 3.816640e+00
450 9.672163e-07 2.168256e-01 3.855228e+00
451 7.960632e-07 1.769543e-01 3.630767e+00
452 9.585002e-07 2.040503e-01 3.727847e+00
453 8.157950e-07 1.488838e-01 3.582870e+00
454 9.655430e-07 1.835608e-01 3.607589e+00
455 8.049780e-07 1.662951e-01 3.647568e+00
456 9.320048e-07 1.578016e-01 3.679660e+00
457 7.981516e-07 1.436186e-01 3.682914e+00
458 9.246317e-07 1.584663e-01 3.455117e+00
459 7.869805e-07 1.488714e-01 3.591368e+00
460 9.148087e-07 1.624287e-01 3.693670e+00
461 7.828518e-07 1.442453e-01 3.743915e+00
462 8.991122e-07 1.485088e-01 4.185840e+00
463 5.338563e-07 4.062406e-01 3.598486e+00
464 8.750114e-07 6.390391e-01 3.655786e+00
465 4.806956e-07 4.506408e-01 3.605198e+00
466 8.137528e-07 6.928653e-01 3.671958e+00
467 4.269213e-07 4.753674e-01 3.603672e+00
468 7.810936e-07 8.295963e-01 3.524146e+00
469 4.458473e-07 4.292011e-01 3.591179e+00
470 7.956392e-07 7.845552e-01 3.557723e+00
471 3.965116e-07 5.016439e-01 3.628472e+00
472 7.390771e-07 8.639482e-01 3.613290e+00
473 3.792592e-07 4.868476e-01 3.676679e+00
474 7.077407e-07 8.661133e-01 3.639257e+00
475 3.352922e-07 5.262499e-01 3.671049e+00
476 6.940770e-07 1.070066e+00 3.678929e+00
477 3.171233e-07 5.431008e-01 3.727939e+00
478 6.601833e-07 1.081788e+00 3.663535e+00
479 3.011254e-07 5.438761e-01 3.503652e+00
480 6.360549e-07 1.112260e+00 3.584095e+00
481 3.089691e-07 5.142415e-01 3.607719e+00
482 6.375735e-07 1.063551e+00 3.415130e+00
483 2.872697e-07 5.494328e-01 3.495473e+00
484 6.192425e-07 1.155614e+00 3.759784e+00
485 2.663202e-07 5.699259e-01 3.707602e+00
486 5.898769e-07 1.214916e+00 3.607608e+00
487 6.490144e-07 1.002538e-01 3.592267e+00
488 5.284077e-07 1.858305e-01 3.663096e+00
489 3.589412e-07 3.207116e-01 3.565649e+00
490 5.358831e-07 4.929551e-01 3.582859e+00
491 3.023420e-07 4.358061e-01 3.615515e+00
492 2.831558e-07 6.345855e-02 3.622549e+00
493 2.280979e-07 1.944440e-01 3.554980e+00
494 3.098087e-07 3.582272e-01 3.869809e+00
495 2.317723e-07 2.518859e-01 4.759195e+00
496 2.851864e-07 2.304594e-01 3.606902e+00
497 2.134262e-07 2.516256e-01 3.654547e+00
498 3.050595e-07 4.293445e-01 3.699110e+00
499 1.731004e-07 4.325683e-01 3.606498e+00
500 2.406816e-07 3.904157e-01 3.575803e+00
501 2.077021e-07 1.370252e-01 3.508955e+00
502 2.629862e-07 2.661698e-01 3.583211e+00
503 1.559474e-07 4.070129e-01 3.613432e+00
504 2.606866e-07 6.716313e-01 3.647606e+00
505 1.556862e-07 4.027838e-01 3.606425e+00
506 2.545404e-07 6.349575e-01 3.547487e+00
507 1.576852e-07 3.805102e-01 3.524205e+00
508 2.589962e-07 6.424890e-01 3.630096e+00
509 1.553074e-07 4.003486e-01 3.615539e+00
510 2.558215e-07 6.471941e-01 3.606864e+00
511 1.539029e-07 3.983974e-01 3.554848e+00
512 2.535451e-07 6.474358e-01 3.571412e+00
513 1.528447e-07 3.971697e-01 3.654795e+00
514 2.530761e-07 6.557733e-01 3.677935e+00
515 1.534519e-07 3.936533e-01 3.720067e+00
516 2.510808e-07 6.362184e-01 3.839315e+00
517 1.529164e-07 3.909672e-01 3.638566e+00
518 2.490720e-07 6.288108e-01 3.550393e+00
519 1.506726e-07 3.950641e-01 3.600511e+00
520 2.478510e-07 6.449645e-01 3.613842e+00
521 1.493298e-07 3.975018e-01 3.558736e+00
522 2.471096e-07 6.547907e-01 3.542896e+00
523 1.494675e-07 3.951369e-01 3.656016e+00
524 2.434177e-07 6.285664e-01 3.583471e+00
525 1.475388e-07 3.938863e-01 3.576583e+00
526 2.420985e-07 6.409139e-01 4.181755e+00
527 1.463897e-07 3.953299e-01 4.527723e+00
528 2.405439e-07 6.431749e-01 3.367680e+00
529 1.466296e-07 3.904249e-01 3.398408e+00
530 2.393920e-07 6.326312e-01 3.639751e+00
531 1.460039e-07 3.901053e-01 3.454759e+00
532 2.376697e-07 6.278309e-01 3.591575e+00
533 1.452807e-07 3.887285e-01 3.461868e+00
534 2.354881e-07 6.209176e-01 3.575209e+00
535 1.440686e-07 3.882125e-01 3.584162e+00
536 2.350640e-07 6.316114e-01 3.655845e+00
537 1.439481e-07 3.876215e-01 3.751028e+00
538 2.331802e-07 6.198902e-01 3.623749e+00
539 1.420818e-07 3.906779e-01 3.502955e+00
540 2.321593e-07 6.339833e-01 3.727885e+00
541 1.423747e-07 3.867371e-01 4.015295e+00
542 2.301623e-07 6.165954e-01 3.984776e+00
543 1.406673e-07 3.888343e-01 3.447904e+00
544 2.294681e-07 6.312828e-01 3.526991e+00
545 1.408824e-07 3.860480e-01 3.589126e+00
546 2.268600e-07 6.102791e-01 3.639429e+00
547 1.396376e-07 3.844768e-01 3.536514e+00
548 2.261026e-07 6.192097e-01 3.470914e+00
549 1.564595e-07 3.080156e-01 3.536329e+00
550 2.805514e-07 7.931254e-01 3.584069e+00
551 1.685789e-07 3.991159e-01 3.615567e+00
552 2.632888e-07 5.618133e-01 3.646011e+00
553 1.681600e-07 3.613098e-01 3.438683e+00
554 2.502563e-07 4.882037e-01 3.520444e+00
555 1.692171e-07 3.238246e-01 3.455838e+00
556 2.469786e-07 4.595369e-01 3.591053e+00
557 1.672789e-07 3.226989e-01 3.592162e+00
558 2.443141e-07 4.605196e-01 3.591703e+00
559 1.665874e-07 3.181427e-01 3.599277e+00
560 2.420708e-07 4.531161e-01 3.639621e+00
561 1.646987e-07 3.196257e-01 3.558240e+00
562 2.378215e-07 4.439790e-01 3.503617e+00
563 1.632015e-07 3.137647e-01 3.447487e+00
564 2.363964e-07 4.484938e-01 3.424215e+00
565 1.624181e-07 3.129419e-01 3.486784e+00
566 2.328970e-07 4.339352e-01 3.456163e+00
567 1.612432e-07 3.076629e-01 3.439262e+00
568 2.313822e-07 4.349889e-01 3.503873e+00
569 1.594878e-07 3.107171e-01 3.735358e+00
570 2.271230e-07 4.240777e-01 3.775346e+00
571 1.581541e-07 3.036630e-01 3.471587e+00
572 2.259411e-07 4.286131e-01 3.456171e+00
573 1.567228e-07 3.063555e-01 3.327117e+00
574 2.277280e-07 4.530625e-01 3.535999e+00
575 1.557758e-07 3.159566e-01 3.279881e+00
576 2.190628e-07 4.062693e-01 3.431104e+00
577 1.552023e-07 2.915168e-01 3.407768e+00
578 2.181492e-07 4.055797e-01 3.480058e+00
579 1.545942e-07 2.913375e-01 3.359444e+00
580 2.149593e-07 3.904749e-01 3.431950e+00
581 1.526504e-07 2.898637e-01 3.655404e+00
582 2.130070e-07 3.953907e-01 3.687416e+00
583 1.521147e-07 2.858698e-01 3.431146e+00
584 2.100717e-07 3.810086e-01 3.327844e+00
585 1.507794e-07 2.822478e-01 3.488007e+00
586 2.084559e-07 3.825219e-01 3.335319e+00
587 1.499231e-07 2.807923e-01 3.367279e+00
588 2.045982e-07 3.646881e-01 3.543726e+00
589 1.480094e-07 2.765853e-01 3.607982e+00
590 2.033974e-07 3.742195e-01 3.405894e+00
591 1.462015e-07 2.812028e-01 3.446483e+00
592 2.003952e-07 3.706783e-01 3.639280e+00
593 1.460270e-07 2.713048e-01 3.548975e+00
594 1.975673e-07 3.529507e-01 3.700509e+00
595 1.447039e-07 2.675716e-01 3.584165e+00
596 1.918932e-07 3.261094e-01 3.434430e+00
597 1.427376e-07 2.561614e-01 3.575317e+00
598 1.933888e-07 3.548555e-01 3.495271e+00
599 1.670892e-07 1.359936e-01 3.519639e+00
600 1.494330e-07 1.056694e-01 3.590873e+00
601 1.106106e-07 2.597976e-01 3.599590e+00
602 1.587270e-07 4.350063e-01 3.559851e+00
603 1.050787e-07 3.379907e-01 3.584649e+00
604 1.613263e-07 5.352896e-01 3.766144e+00
605 1.008172e-07 3.750724e-01 3.870638e+00
606 1.596076e-07 5.831383e-01 3.767119e+00
607 9.928634e-08 3.779349e-01 3.612058e+00
608 2.008969e-07 1.023410e+00 3.600572e+00
609 1.591328e-07 2.078886e-01 3.613641e+00
610 1.944565e-07 2.219766e-01 3.623261e+00
611 1.454312e-07 2.521144e-01 3.615789e+00
612 1.909123e-07 3.127324e-01 3.661598e+00
613 1.417544e-07 2.574895e-01 3.552477e+00
614 1.897524e-07 3.385998e-01 3.551766e+00
615 1.414736e-07 2.544301e-01 3.471220e+00
616 1.873215e-07 3.240738e-01 3.830048e+00
617 1.399144e-07 2.530787e-01 3.768764e+00
618 1.864649e-07 3.327068e-01 3.607897e+00
619 1.385079e-07 2.571908e-01 3.430828e+00
620 1.845070e-07 3.321046e-01 3.781464e+00
621 1.461244e-07 2.080276e-01 3.637291e+00
622 1.847114e-07 2.640696e-01 3.603869e+00
623 1.343114e-07 2.728583e-01 3.512317e+00
624 1.831080e-07 3.633095e-01 3.599524e+00
625 1.427636e-07 2.203309e-01 3.623282e+00
626 1.826571e-07 2.794374e-01 3.635969e+00
627 1.317997e-07 2.784312e-01 4.144431e+00
628 1.811578e-07 3.744936e-01 3.847133e+00
629 1.427612e-07 2.119515e-01 3.497626e+00
630 1.309281e-07 8.288729e-02 3.563651e+00
631 1.001682e-07 2.349370e-01 3.615035e+00
632 1.867216e-07 8.640804e-01 3.646623e+00
633 1.570678e-07 1.588132e-01 3.563830e+00
634 1.784625e-07 1.362133e-01 3.637415e+00
635 1.425075e-07 2.014706e-01 3.562471e+00
636 1.746884e-07 2.258187e-01 3.555711e+00
637 1.377246e-07 2.115985e-01 3.630044e+00
638 1.743538e-07 2.659596e-01 3.479065e+00
639 1.354875e-07 2.229165e-01 3.488482e+00
640 1.714888e-07 2.657171e-01 3.450553e+00
641 1.363175e-07 2.050940e-01 4.540243e+00
642 1.708782e-07 2.535309e-01 3.554477e+00
643 1.315229e-07 2.303119e-01 3.471167e+00
644 1.686480e-07 2.822711e-01 3.463623e+00
645 1.294060e-07 2.326858e-01 3.503951e+00
646 1.678532e-07 2.971057e-01 3.480125e+00
647 1.321097e-07 2.129450e-01 3.518446e+00
648 1.664147e-07 2.596702e-01 3.437929e+00
649 1.273956e-07 2.344687e-01 3.436674e+00
650 1.648243e-07 2.937988e-01 3.407771e+00
651 1.262622e-07 2.339588e-01 3.431710e+00
652 1.623037e-07 2.854494e-01 3.446350e+00
653 1.278046e-07 2.125590e-01 3.543709e+00
654 1.626987e-07 2.730269e-01 3.510414e+00
655 1.245456e-07 2.345015e-01 3.319173e+00
656 1.616796e-07 2.981555e-01 3.341998e+00
657 1.227458e-07 2.408082e-01 3.422552e+00
658 1.596499e-07 3.006551e-01 3.440208e+00
659 1.239578e-07 2.235653e-01 3.543494e+00
660 1.586107e-07 2.795545e-01 3.551641e+00
661 1.198725e-07 2.442345e-01 3.527307e+00
662 1.552494e-07 2.951210e-01 3.431612e+00
663 1.177505e-07 2.415398e-01 3.767703e+00
664 1.557020e-07 3.223043e-01 3.430877e+00
665 1.164726e-07 2.519517e-01 3.511254e+00
666 1.536510e-07 3.192027e-01 3.447385e+00
667 1.194416e-07 2.226433e-01 3.494274e+00
668 1.525699e-07 2.773598e-01 3.410787e+00
669 1.142725e-07 2.510156e-01 3.502060e+00
670 1.496350e-07 3.094579e-01 3.607010e+00
671 1.127151e-07 2.467331e-01 3.463413e+00
672 1.500671e-07 3.313849e-01 3.551930e+00
673 1.163956e-07 2.243769e-01 3.584102e+00
674 1.493361e-07 2.830055e-01 3.527480e+00
675 1.120143e-07 2.499181e-01 3.616902e+00
676 1.440914e-07 2.863654e-01 3.334303e+00
677 1.046663e-07 2.736115e-01 3.422909e+00
678 1.459451e-07 3.943843e-01 3.367983e+00
679 1.087131e-07 2.551098e-01 3.438900e+00
680 1.443944e-07 3.282161e-01 3.533886e+00
681 1.108430e-07 2.323597e-01 3.578002e+00
682 1.436663e-07 2.961243e-01 3.602111e+00
683 1.055274e-07 2.654684e-01 3.341945e+00
684 1.404981e-07 3.313897e-01 3.379957e+00
685 1.037403e-07 2.616247e-01 3.438322e+00
686 1.408382e-07 3.576032e-01 3.583896e+00
687 1.091123e-07 2.252649e-01 3.558537e+00
688 1.394637e-07 2.781669e-01 3.309946e+00
689 1.021441e-07 2.675938e-01 3.483912e+00
690 1.546559e-07 5.140955e-01 3.469291e+00
691 7.941186e-08 4.865255e-01 3.437849e+00
692 1.246391e-07 5.695271e-01 3.311223e+00
693 9.868101e-08 2.082658e-01 3.394701e+00
694 1.375833e-07 3.942230e-01 3.788974e+00
695 7.021577e-08 4.896492e-01 3.659219e+00
696 1.353303e-07 9.273495e-01 3.686591e+00
697 6.598270e-08 5.124322e-01 4.369799e+00
698 1.317798e-07 9.971873e-01 3.887692e+00
699 6.575535e-08 5.010211e-01 3.557241e+00
700 1.313255e-07 9.971840e-01 3.636804e+00
701 6.554123e-08 5.009255e-01 3.593492e+00
702 1.291948e-07 9.711996e-01 3.349220e+00
703 7.592099e-08 4.123528e-01 3.428141e+00
704 1.206630e-07 5.893227e-01 3.526476e+00
705 4.856214e-08 5.975389e-01 3.590274e+00
706 8.573069e-08 7.653812e-01 3.485640e+00
707 4.501542e-08 4.749205e-01 3.424031e+00
708 8.447861e-08 8.766593e-01 3.546504e+00
709 4.367779e-08 4.829723e-01 3.596013e+00
710 8.050566e-08 8.431716e-01 3.584831e+00
711 3.175222e-08 6.055902e-01 3.416941e+00
712 8.130638e-08 1.560652e+00 3.524840e+00
713 3.038787e-08 6.262549e-01 3.506810e+00
714 7.658685e-08 1.520310e+00 3.591838e+00
715 2.851719e-08 6.276491e-01 3.494019e+00
716 7.400542e-08 1.595117e+00 3.494630e+00
717 3.154146e-08 5.737953e-01 3.600063e+00
718 3.324255e-08 5.393189e-02 3.565016e+00
719 3.511921e-08 5.645373e-02 3.692864e+00
720 4.384798e-08 2.485468e-01 3.598215e+00
721 3.418764e-08 2.203144e-01 3.551445e+00
722 2.630359e-08 2.306112e-01 3.518217e+00
723 3.301310e-08 2.550796e-01 3.677607e+00
724 2.467589e-08 2.525424e-01 3.718588e+00
725 2.785942e-08 1.290137e-01 3.495721e+00
726 2.377599e-08 1.465729e-01 3.374988e+00
727 2.661229e-08 1.192929e-01 3.295227e+00
728 2.286984e-08 1.406285e-01 3.399497e+00
729 2.545791e-08 1.131650e-01 3.469223e+00
730 2.456534e-08 3.506054e-02 3.580578e+00
731 2.571414e-08 4.676515e-02 3.462479e+00
732 2.430837e-08 5.466942e-02 3.585157e+00
733 2.544339e-08 4.669268e-02 3.556624e+00
734 2.357791e-08 7.331881e-02 3.492314e+00
735 2.491029e-08 5.650966e-02 3.379152e+00
736 2.347555e-08 5.759611e-02 3.471352e+00
737 2.466514e-08 5.067325e-02 3.412633e+00
738 2.288751e-08 7.207039e-02 3.367355e+00
739 2.418179e-08 5.654969e-02 3.333615e+00
740 2.250119e-08 6.949865e-02 3.407785e+00
741 2.420748e-08 7.583133e-02 3.511615e+00
742 2.214028e-08 8.539523e-02 3.746386e+00
743 2.389115e-08 7.908062e-02 3.337573e+00
744 2.170923e-08 9.132744e-02 3.252644e+00
745 2.359605e-08 8.691329e-02 3.308792e+00
746 2.140315e-08 9.293519e-02 3.382846e+00
747 2.338801e-08 9.273671e-02 3.356165e+00
748 2.112110e-08 9.692591e-02 3.317154e+00
749 2.292407e-08 8.536325e-02 3.293040e+00
750 2.067693e-08 9.802533e-02 3.247668e+00
751 2.271302e-08 9.847181e-02 3.454243e+00
752 2.017948e-08 1.115456e-01 3.424061e+00
753 2.254029e-08 1.169905e-01 3.566060e+00
754 1.997630e-08 1.137517e-01 4.042624e+00
755 2.229029e-08 1.158369e-01 3.330984e+00
756 1.957189e-08 1.219543e-01 3.244377e+00
757 2.216493e-08 1.324878e-01 3.248230e+00
758 1.921872e-08 1.329221e-01 3.398919e+00
759 2.179983e-08 1.343016e-01 3.293980e+00
760 1.890829e-08 1.326401e-01 3.246871e+00
761 2.167383e-08 1.462606e-01 3.289645e+00
762 1.847231e-08 1.477135e-01 3.309121e+00
763 2.131936e-08 1.541250e-01 3.387604e+00
764 1.819501e-08 1.465499e-01 3.283849e+00
765 2.116057e-08 1.629876e-01 3.358252e+00
766 1.793264e-08 1.525446e-01 3.255234e+00
767 2.091463e-08 1.662888e-01 3.263554e+00
768 1.757379e-08 1.597373e-01 3.383445e+00
769 2.078503e-08 1.827292e-01 4.198035e+00
770 1.720696e-08 1.721465e-01 3.881083e+00
771 2.056998e-08 1.954452e-01 3.163097e+00
772 1.701610e-08 1.727703e-01 3.324177e+00
773 2.033814e-08 1.952293e-01 3.309938e+00
774 1.665963e-08 1.808673e-01 3.397738e+00
775 2.014404e-08 2.091526e-01 3.382381e+00
776 1.626832e-08 1.924002e-01 3.268265e+00
777 1.981099e-08 2.177651e-01 3.326725e+00
778 1.983296e-08 1.108806e-03 3.308118e+00
779 1.542244e-08 2.223835e-01 3.255340e+00
780 1.524261e-08 1.165990e-02 3.251764e+00
781 1.534074e-08 6.437898e-03 3.373912e+00
782 1.561162e-08 1.765702e-02 3.560868e+00
783 1.105434e-08 2.919160e-01 3.401073e+00
784 1.500199e-08 3.571138e-01 3.483320e+00
785 1.177075e-08 2.153874e-01 3.307619e+00
786 2.021192e-08 7.171311e-01 3.193468e+00
787 1.392791e-08 3.109064e-01 3.226498e+00
788 1.826360e-08 3.112958e-01 3.222607e+00
789 1.302788e-08 2.866753e-01 3.333978e+00
790 1.792856e-08 3.761689e-01 3.287799e+00
791 1.245077e-08 3.055342e-01 3.274045e+00
792 1.763265e-08 4.161886e-01 3.147732e+00
793 1.196314e-08 3.215347e-01 3.612753e+00
794 1.770604e-08 4.800500e-01 3.470308e+00
795 1.178370e-08 3.344813e-01 3.541645e+00
796 1.764694e-08 4.975718e-01 3.407412e+00
797 1.177461e-08 3.327673e-01 3.373651e+00
798 1.763155e-08 4.974208e-01 3.089777e+00
799 1.166181e-08 3.385828e-01 3.321356e+00
800 1.720165e-08 4.750408e-01 3.317369e+00
801 1.116241e-08 3.510846e-01 3.277647e+00
802 1.716840e-08 5.380544e-01 3.313094e+00
803 1.113361e-08 3.515058e-01 3.302045e+00
804 1.704590e-08 5.310310e-01 3.276600e+00
805 1.101809e-08 3.536224e-01 3.194446e+00
806 1.700374e-08 5.432566e-01 3.224741e+00
807 1.098870e-08 3.537480e-01 3.197392e+00
808 1.687226e-08 5.354190e-01 3.091632e+00
809 1.084696e-08 3.571126e-01 3.126643e+00
810 1.677411e-08 5.464343e-01 3.030268e+00
811 1.083067e-08 3.543225e-01 3.182080e+00
812 1.679377e-08 5.505753e-01 3.053188e+00
813 1.079325e-08 3.573061e-01 3.164711e+00
814 1.659823e-08 5.378338e-01 3.088576e+00
815 1.067662e-08 3.567613e-01 3.191006e+00
816 1.648998e-08 5.444940e-01 3.301495e+00
817 1.064172e-08 3.546556e-01 3.216411e+00
818 1.331559e-08 2.512633e-01 3.206271e+00
819 6.279549e-09 5.284062e-01 3.298705e+00
820 4.689239e-09 2.532523e-01 3.150098e+00
821 7.019119e-09 4.968567e-01 3.386465e+00
822 3.361096e-09 5.211512e-01 3.427978e+00
823 3.875167e-09 1.529472e-01 3.771671e+00
824 3.727058e-09 3.821986e-02 3.687335e+00
825 3.785003e-09 1.554693e-02 3.444531e+00
826 3.091777e-09 1.831506e-01 3.542703e+00
827 5.713621e-09 8.480056e-01 3.517808e+00
828 4.012677e-09 2.976998e-01 3.563291e+00
829 4.190977e-09 4.443416e-02 3.554999e+00
830 2.641513e-09 3.697143e-01 3.703643e+00
831 4.234702e-09 6.031349e-01 3.508376e+00
832 2.634031e-09 3.779890e-01 3.541134e+00
833 4.147657e-09 5.746424e-01 3.535310e+00
834 2.543716e-09 3.867101e-01 3.472008e+00
835 3.830746e-09 5.059644e-01 3.511509e+00
836 1.869367e-09 5.120097e-01 3.622891e+00
837 1.012415e-09 4.584181e-01 3.604722e+00
838 1.424877e-09 4.074032e-01 3.412946e+00
839 9.866312e-10 3.075673e-01 3.498164e+00
840 1.202060e-09 2.183481e-01 3.259732e+00
841 1.163158e-09 3.236323e-02 3.525062e+00
842 9.269426e-10 2.030808e-01 3.466777e+00
843 7.344971e-10 2.076132e-01 3.435142e+00
844 7.865152e-10 7.082132e-02 3.420264e+00
845 1.060853e-09 3.488012e-01 3.295199e+00
846 7.067003e-10 3.338375e-01 3.416897e+00
847 8.069541e-10 1.418618e-01 3.399009e+00
848 6.247028e-10 2.258508e-01 3.717328e+00
849 6.759834e-10 8.208789e-02 3.585911e+00
850 6.537719e-10 3.285799e-02 3.439844e+00
851 1.239539e-09 8.959806e-01 3.445591e+00
852 5.092688e-10 5.891465e-01 3.404988e+00
853 4.858949e-10 4.589711e-02 3.494905e+00
854 2.355021e-10 5.153230e-01 3.527522e+00
855 4.384787e-10 8.618890e-01 3.553823e+00
856 3.016887e-10 3.119650e-01 3.513032e+00
857 3.587469e-10 1.891296e-01 3.548666e+00
858 3.089017e-10 1.389426e-01 3.422764e+00
859 3.444072e-10 1.149411e-01 3.358307e+00
860 3.483819e-10 1.154073e-02 3.318479e+00
861 3.070509e-10 1.186369e-01 3.359239e+00
862 3.080045e-10 3.105578e-03 3.341311e+00
863 2.205914e-10 2.838045e-01 3.367039e+00
864 2.920549e-10 3.239632e-01 3.148689e+00
865 2.452888e-10 1.601279e-01 3.618306e+00
866 2.221833e-10 9.419720e-02 3.499127e+00
867 9.294199e-11 5.816877e-01 3.521318e+00
