1 9.998163e-01 1.000000e+00 2.464715e+00
2 9.894005e-01 1.041771e-02 2.699678e+00
3 9.771371e-01 1.239478e-02 2.494150e+00
4 9.751060e-01 2.078684e-03 2.597138e+00
5 9.523853e-01 2.330071e-02 2.651137e+00
6 9.471453e-01 5.501935e-03 2.607853e+00
7 9.469415e-01 2.152281e-04 2.453526e+00
8 9.441020e-01 2.998550e-03 2.561258e+00
9 9.330314e-01 1.172614e-02 2.513402e+00
10 9.319963e-01 1.109377e-03 2.452236e+00
11 9.307735e-01 1.311989e-03 2.518027e+00
12 9.233115e-01 8.017039e-03 2.471575e+00
13 8.996444e-01 2.563280e-02 2.412097e+00
14 8.985426e-01 1.224682e-03 2.506265e+00
15 8.930876e-01 6.070961e-03 2.549388e+00
16 8.892410e-01 4.307066e-03 2.590002e+00
17 8.716085e-01 1.982876e-02 2.656033e+00
18 8.704241e-01 1.358775e-03 2.428215e+00
19 8.664732e-01 4.539109e-03 2.729888e+00
20 7.779920e-01 1.021165e-01 2.397419e+00
21 7.384670e-01 5.080386e-02 2.398744e+00
22 7.191713e-01 2.612944e-02 2.393895e+00
23 7.050193e-01 1.967811e-02 2.297818e+00
24 6.741805e-01 4.374183e-02 2.326619e+00
25 6.639506e-01 1.517390e-02 2.357084e+00
26 6.603941e-01 5.356480e-03 2.327723e+00
27 6.321341e-01 4.279266e-02 2.368837e+00
28 6.247235e-01 1.172309e-02 2.439633e+00
29 5.958858e-01 4.616077e-02 2.603922e+00
30 5.902825e-01 9.403411e-03 2.397369e+00
31 5.853080e-01 8.427213e-03 2.315287e+00
32 5.832756e-01 3.472433e-03 2.332260e+00
33 5.650953e-01 3.116933e-02 2.314916e+00
34 3.046073e-01 4.609629e-01 2.375862e+00
35 2.463576e-01 1.912290e-01 2.501150e+00
36 2.140972e-01 1.309493e-01 2.387132e+00
37 1.845597e-01 1.379631e-01 2.344009e+00
38 1.737811e-01 5.840199e-02 2.303696e+00
39 1.717301e-01 1.180219e-02 2.314237e+00
40 1.687220e-01 1.751643e-02 2.368237e+00
41 1.552908e-01 7.960512e-02 2.597094e+00
42 1.468187e-01 5.455653e-02 2.711149e+00
43 1.459399e-01 5.985287e-03 2.376162e+00
44 1.427140e-01 2.210445e-02 2.350728e+00
45 1.436446e-01 6.520867e-03 2.355436e+00
46 1.411758e-01 1.718727e-02 2.315777e+00
47 1.407432e-01 3.064494e-03 2.280003e+00
48 1.390442e-01 1.207103e-02 2.314654e+00
49 1.344401e-01 3.311293e-02 2.339565e+00
50 1.341903e-01 1.857800e-03 2.332664e+00
51 1.352560e-01 7.941867e-03 2.307617e+00
52 1.326630e-01 1.917097e-02 2.302329e+00
53 1.288878e-01 2.845743e-02 2.315532e+00
54 1.246158e-01 3.314518e-02 2.405207e+00
55 1.238068e-01 6.491524e-03 2.601609e+00
56 1.230485e-01 6.125375e-03 2.326748e+00
57 1.230631e-01 1.191643e-04 2.303834e+00
58 1.190368e-01 3.271803e-02 2.393112e+00
59 1.184223e-01 5.162312e-03 2.351598e+00
60 1.184692e-01 3.968160e-04 2.332216e+00
61 1.201885e-01 1.451242e-02 2.345256e+00
62 1.188029e-01 1.152871e-02 2.314561e+00
63 1.191327e-01 2.775770e-03 2.428441e+00
64 1.148572e-01 3.588867e-02 2.369357e+00
65 1.174519e-01 2.259104e-02 2.315669e+00
66 1.103678e-01 6.031458e-02 2.398389e+00
67 1.089059e-01 1.324582e-02 2.499924e+00
68 1.090457e-01 1.283617e-03 2.574253e+00
69 1.080552e-01 9.083423e-03 2.373435e+00
70 1.084365e-01 3.528871e-03 2.345457e+00
71 1.100729e-01 1.509066e-02 2.296541e+00
72 1.066425e-01 3.116454e-02 2.313002e+00
73 1.083802e-01 1.629442e-02 2.314835e+00
74 1.026683e-01 5.270271e-02 2.338933e+00
75 1.055938e-01 2.849517e-02 2.301828e+00
76 1.021205e-01 3.289282e-02 2.416678e+00
77 1.002930e-01 1.789642e-02 2.315786e+00
78 1.003818e-01 8.860629e-04 2.351226e+00
79 1.040804e-01 3.684542e-02 2.345732e+00
80 1.023601e-01 1.652873e-02 2.309541e+00
81 1.019684e-01 3.826860e-03 2.332975e+00
82 1.052242e-01 3.192905e-02 2.331970e+00
83 9.589052e-02 8.870237e-02 2.309977e+00
84 9.760442e-02 1.787356e-02 2.321788e+00
85 9.713260e-02 4.834025e-03 2.268309e+00
86 9.414202e-02 3.078868e-02 2.290223e+00
87 1.073083e-01 1.398552e-01 2.308724e+00
88 9.790663e-02 8.761341e-02 2.296598e+00
89 9.493143e-02 3.038815e-02 2.327741e+00
90 9.362615e-02 1.374964e-02 2.327304e+00
91 9.175025e-02 2.003607e-02 2.327836e+00
92 9.307995e-02 1.449252e-02 2.344622e+00
93 9.243210e-02 6.960057e-03 2.363654e+00
94 8.953046e-02 3.139213e-02 2.429040e+00
95 8.878485e-02 8.328004e-03 2.339932e+00
96 8.815173e-02 7.130953e-03 2.423652e+00
97 8.844385e-02 3.313828e-03 2.583081e+00
98 8.680526e-02 1.852691e-02 2.352051e+00
99 8.659274e-02 2.448227e-03 2.428514e+00
100 8.733188e-02 8.535831e-03 2.428069e+00
101 8.542261e-02 2.186223e-02 2.313654e+00
102 8.467787e-02 8.718332e-03 2.374667e+00
103 8.425774e-02 4.961516e-03 2.319122e+00
104 1.079724e-01 2.814536e-01 2.357799e+00
105 8.234314e-02 2.373685e-01 2.297265e+00
106 8.170666e-02 7.729687e-03 2.344729e+00
107 7.023979e-02 1.403419e-01 2.327009e+00
108 6.879297e-02 2.059830e-02 2.327543e+00
109 6.624018e-02 3.710825e-02 2.453830e+00
110 6.598900e-02 3.792073e-03 2.581530e+00
111 6.557531e-02 6.268949e-03 2.369500e+00
112 6.569850e-02 1.878507e-03 2.334172e+00
113 6.418785e-02 2.299369e-02 2.291060e+00
114 6.271158e-02 2.299925e-02 2.295350e+00
115 6.245482e-02 4.094258e-03 2.307990e+00
116 6.196879e-02 7.782049e-03 2.405248e+00
117 6.181079e-02 2.549646e-03 2.338033e+00
118 6.183366e-02 3.700020e-04 2.297171e+00
119 6.147109e-02 5.863719e-03 2.260902e+00
120 6.304174e-02 2.555111e-02 2.291275e+00
121 6.057062e-02 3.919815e-02 2.314163e+00
122 6.285597e-02 3.773030e-02 2.267341e+00
123 6.085458e-02 3.184082e-02 2.519430e+00
124 6.192147e-02 1.753179e-02 2.702392e+00
125 6.640155e-02 7.235088e-02 2.390922e+00
126 6.615596e-02 3.698569e-03 2.404772e+00
127 5.924925e-02 1.044004e-01 2.441469e+00
128 5.717287e-02 3.504483e-02 2.357578e+00
129 5.717493e-02 3.598086e-05 2.308793e+00
130 5.579107e-02 2.420389e-02 2.232287e+00
131 5.616115e-02 6.633373e-03 2.290016e+00
132 5.523954e-02 1.641024e-02 2.417323e+00
133 5.926229e-02 7.282375e-02 2.315266e+00
134 5.627862e-02 5.034671e-02 2.320166e+00
135 5.375833e-02 4.478240e-02 2.321257e+00
136 5.278353e-02 1.813299e-02 2.339572e+00
137 5.237296e-02 7.778371e-03 2.476962e+00
138 5.208579e-02 5.483284e-03 2.342188e+00
139 5.188288e-02 3.895614e-03 2.523136e+00
140 5.241856e-02 1.032481e-02 2.572351e+00
141 5.193814e-02 9.165103e-03 2.350049e+00
142 5.181776e-02 2.317740e-03 2.411111e+00
143 5.141763e-02 7.721901e-03 2.338927e+00
144 5.123201e-02 3.610020e-03 2.405344e+00
145 5.163303e-02 7.827547e-03 2.326325e+00
146 5.142890e-02 3.953520e-03 2.320345e+00
147 5.147693e-02 9.338840e-04 2.469832e+00
148 5.130906e-02 3.261073e-03 2.362858e+00
149 5.125469e-02 1.059701e-03 2.375506e+00
150 5.135999e-02 2.054534e-03 2.343619e+00
151 5.136423e-02 8.250031e-05 2.320195e+00
152 5.135285e-02 2.214757e-04 2.320458e+00
153 5.096687e-02 7.516244e-03 2.351172e+00
154 5.118151e-02 4.211298e-03 2.345350e+00
155 5.087566e-02 5.975770e-03 2.356665e+00
156 5.116636e-02 5.713873e-03 2.285636e+00
157 5.087859e-02 5.624045e-03 2.417251e+00
158 5.110729e-02 4.494895e-03 2.379581e+00
159 5.088893e-02 4.272623e-03 2.393669e+00
160 5.166208e-02 1.519293e-02 2.296676e+00
161 5.123093e-02 8.345519e-03 2.336174e+00
162 5.102945e-02 3.932903e-03 2.389958e+00
163 5.064922e-02 7.451106e-03 2.309529e+00
164 5.730740e-02 1.314567e-01 2.369381e+00
165 6.172514e-02 7.708853e-02 2.351507e+00
166 5.046408e-02 1.824388e-01 2.325596e+00
167 4.696251e-02 6.938754e-02 2.333359e+00
168 4.271610e-02 9.042112e-02 2.315548e+00
169 4.451738e-02 4.216861e-02 2.343844e+00
170 4.544146e-02 2.075774e-02 2.346025e+00
171 4.243411e-02 6.618089e-02 2.344670e+00
172 4.366852e-02 2.909003e-02 2.373851e+00
173 3.955619e-02 9.417144e-02 2.361459e+00
174 4.976640e-02 2.581192e-01 2.349981e+00
175 3.869160e-02 2.225357e-01 2.326511e+00
176 3.862901e-02 1.617579e-03 2.326491e+00
177 3.798190e-02 1.675212e-02 2.333708e+00
178 6.202746e-02 6.330795e-01 2.345231e+00
179 4.068009e-02 3.441599e-01 2.339964e+00
180 4.544159e-02 1.170472e-01 2.344870e+00
181 3.617325e-02 2.039615e-01 2.446065e+00
182 3.546629e-02 1.954372e-02 2.561424e+00
183 3.563586e-02 4.781176e-03 2.363320e+00
184 3.531364e-02 9.041940e-03 2.301745e+00
185 3.546565e-02 4.304475e-03 2.357602e+00
186 3.520686e-02 7.297073e-03 2.350385e+00
187 3.527584e-02 1.959431e-03 2.339763e+00
188 3.560215e-02 9.250305e-03 2.446381e+00
189 3.518065e-02 1.183925e-02 2.334015e+00
190 3.568182e-02 1.424568e-02 2.332316e+00
191 3.560716e-02 2.092521e-03 2.308046e+00
192 3.525589e-02 9.865102e-03 2.321313e+00
193 3.547627e-02 6.250836e-03 2.333306e+00
194 3.538194e-02 2.658890e-03 2.367912e+00
195 4.814441e-02 3.607056e-01 2.637870e+00
196 3.894402e-02 1.910998e-01 2.449648e+00
197 3.278020e-02 1.582738e-01 2.340113e+00
198 3.303381e-02 7.736786e-03 2.374762e+00
199 4.838092e-02 4.645879e-01 2.321594e+00
200 4.845686e-02 1.569609e-03 2.327640e+00
201 2.591368e-02 4.652217e-01 2.286081e+00
202 2.458150e-02 5.140840e-02 2.339414e+00
203 2.313266e-02 5.894016e-02 2.352315e+00
204 2.292535e-02 8.961724e-03 2.350548e+00
205 2.368495e-02 3.313361e-02 2.368604e+00
206 2.572273e-02 8.603684e-02 2.303524e+00
207 2.199271e-02 1.450087e-01 2.381493e+00
208 2.178673e-02 9.366084e-03 2.520046e+00
209 2.119468e-02 2.717460e-02 2.355067e+00
210 3.142908e-02 4.828760e-01 2.326282e+00
211 2.455871e-02 2.185990e-01 2.362850e+00
212 2.066841e-02 1.584084e-01 2.322250e+00
213 1.957772e-02 5.277093e-02 2.399561e+00
214 1.932406e-02 1.295664e-02 2.332432e+00
215 1.905242e-02 1.405711e-02 2.255457e+00
216 1.866027e-02 2.058221e-02 2.351833e+00
217 1.916367e-02 2.697695e-02 2.343713e+00
218 1.887293e-02 1.517170e-02 2.303008e+00
219 1.880632e-02 3.528977e-03 2.315915e+00
220 3.339857e-02 7.759220e-01 2.464183e+00
221 2.294207e-02 3.130822e-01 2.525173e+00
222 1.853142e-02 1.922514e-01 2.495673e+00
223 1.875841e-02 1.224854e-02 2.345004e+00
224 3.385592e-02 8.048398e-01 2.351031e+00
225 2.143291e-02 3.669377e-01 2.321010e+00
226 1.901969e-02 1.125940e-01 2.331196e+00
227 3.117483e-02 6.390817e-01 2.315026e+00
228 1.745620e-02 4.400546e-01 2.285756e+00
229 1.627508e-02 6.766218e-02 2.345173e+00
230 4.231360e-03 7.400098e-01 2.327139e+00
231 7.723373e-03 8.252697e-01 2.410936e+00
232 3.121591e-03 5.958254e-01 2.307726e+00
233 2.128327e-03 3.181916e-01 2.555022e+00
234 1.498734e-03 2.958158e-01 2.493949e+00
235 1.255804e-03 1.620901e-01 2.494216e+00
236 7.989644e-04 3.637827e-01 2.319750e+00
237 8.841730e-04 1.066489e-01 2.376041e+00
238 9.104165e-04 2.968132e-02 2.321455e+00
239 5.785603e-04 3.645102e-01 2.344618e+00
240 6.632220e-04 1.463317e-01 2.331655e+00
241 6.518658e-04 1.712285e-02 2.357302e+00
242 9.170183e-04 4.067593e-01 2.337379e+00
243 9.008962e-04 1.758099e-02 2.326589e+00
244 5.760985e-04 3.605273e-01 2.357128e+00
245 6.389537e-04 1.091049e-01 2.338519e+00
246 6.465718e-04 1.192281e-02 2.429366e+00
247 5.643141e-04 1.272213e-01 2.513842e+00
248 4.539257e-04 1.956152e-01 2.516649e+00
249 6.533872e-04 4.394144e-01 2.399752e+00
250 6.211891e-04 4.927879e-02 2.403295e+00
251 6.578462e-04 5.901121e-02 2.351980e+00
252 6.737986e-04 2.424948e-02 2.351202e+00
253 7.565093e-04 1.227528e-01 2.303487e+00
254 5.549386e-04 2.664484e-01 2.313899e+00
255 5.887532e-04 6.093401e-02 2.327863e+00
256 9.231341e-04 5.679475e-01 2.350628e+00
257 5.312316e-04 4.245347e-01 2.327050e+00
258 5.062820e-04 4.696563e-02 2.320678e+00
259 4.989804e-04 1.442207e-02 2.392039e+00
260 4.406308e-04 1.169376e-01 2.507260e+00
261 3.370020e-04 2.351829e-01 2.418008e+00
262 3.511378e-04 4.194566e-02 2.303865e+00
263 3.592942e-04 2.322851e-02 2.363000e+00
264 3.648413e-04 1.543902e-02 2.356393e+00
265 6.011963e-04 6.478294e-01 2.333486e+00
266 4.263050e-04 2.909054e-01 2.369759e+00
267 6.395231e-04 5.001537e-01 2.332499e+00
268 7.444289e-04 1.640376e-01 2.292096e+00
269 6.509569e-04 1.255621e-01 2.363306e+00
270 5.205059e-04 2.003988e-01 2.302559e+00
271 6.520312e-04 2.526873e-01 2.320804e+00
272 6.117502e-04 6.177772e-02 2.392268e+00
273 6.495770e-04 6.183383e-02 2.375498e+00
274 5.430136e-04 1.640505e-01 2.333153e+00
275 4.571888e-04 1.580528e-01 2.471697e+00
276 5.977536e-04 3.074547e-01 2.375131e+00
277 4.893527e-04 1.813471e-01 2.339141e+00
278 3.866963e-04 2.097800e-01 2.273288e+00
279 4.013512e-04 3.789776e-02 2.348513e+00
280 4.326421e-04 7.796390e-02 2.325842e+00
281 3.483338e-04 1.948685e-01 2.321416e+00
282 3.152835e-04 9.488115e-02 2.321167e+00
283 3.811050e-04 2.087693e-01 2.478346e+00
284 5.085456e-04 3.343975e-01 2.398898e+00
285 3.733797e-04 2.657892e-01 2.506751e+00
286 3.477323e-04 6.868998e-02 2.422857e+00
287 4.058881e-04 1.672432e-01 2.328025e+00
288 3.549943e-04 1.253889e-01 2.321491e+00
289 3.125442e-04 1.195795e-01 2.433864e+00
290 3.638623e-04 1.641946e-01 2.350359e+00
291 3.712990e-04 2.043832e-02 2.345000e+00
292 4.417229e-04 1.896690e-01 2.381177e+00
293 3.339820e-04 2.439106e-01 2.315707e+00
294 4.307003e-04 2.895913e-01 2.536175e+00
295 3.040908e-04 2.939620e-01 2.303174e+00
296 2.862596e-04 5.863779e-02 2.309558e+00
297 2.434950e-04 1.493911e-01 2.440633e+00
298 2.594166e-04 6.538777e-02 2.554637e+00
299 2.746612e-04 5.876494e-02 2.362332e+00
300 2.038976e-04 2.576395e-01 2.325800e+00
301 4.126279e-04 1.023702e+00 2.381148e+00
302 3.219194e-04 2.198312e-01 2.381599e+00
303 2.254615e-04 2.996338e-01 2.291325e+00
304 2.009846e-04 1.085636e-01 2.308608e+00
305 3.032918e-04 5.090303e-01 2.393897e+00
306 2.172094e-04 2.838272e-01 2.349303e+00
307 1.750399e-04 1.941419e-01 2.345799e+00
308 2.027391e-04 1.582451e-01 2.290652e+00
309 1.543418e-04 2.387172e-01 2.356443e+00
310 1.706052e-04 1.053727e-01 2.578005e+00
311 1.328453e-04 2.213294e-01 2.650677e+00
312 1.321577e-04 5.175596e-03 2.374163e+00
313 1.390771e-04 5.235736e-02 2.327909e+00
314 1.861743e-04 3.386404e-01 2.375818e+00
315 1.508972e-04 1.894843e-01 2.338896e+00
316 1.173712e-04 2.221775e-01 2.373791e+00
317 1.314021e-04 1.195428e-01 2.333083e+00
318 1.158958e-04 1.180063e-01 2.328054e+00
319 1.348248e-04 1.633275e-01 2.369295e+00
320 1.029325e-04 2.365464e-01 2.355744e+00
321 1.166327e-04 1.330991e-01 2.339358e+00
322 9.846582e-05 1.557616e-01 2.307984e+00
323 7.775521e-05 2.103330e-01 2.482987e+00
324 9.334317e-05 2.004749e-01 2.606774e+00
325 1.186614e-04 2.712379e-01 2.339374e+00
326 8.425722e-05 2.899356e-01 2.350246e+00
327 9.665997e-05 1.472011e-01 2.373641e+00
328 8.491962e-05 1.214603e-01 2.337954e+00
329 5.586556e-05 3.421360e-01 2.385180e+00
330 1.045471e-04 8.714054e-01 2.260982e+00
331 9.440230e-05 9.703576e-02 2.345101e+00
332 6.901397e-05 2.689376e-01 2.369980e+00
333 7.589583e-05 9.971689e-02 2.416837e+00
334 6.651545e-05 1.235954e-01 2.242071e+00
335 8.663915e-05 3.025417e-01 2.289382e+00
336 6.055816e-05 3.010301e-01 2.465630e+00
337 4.594947e-05 2.412340e-01 2.591268e+00
338 5.227587e-05 1.376818e-01 2.351459e+00
339 3.703004e-05 2.916420e-01 2.368245e+00
340 6.576784e-05 7.760675e-01 2.368862e+00
341 4.710930e-05 2.837032e-01 2.364243e+00
342 4.867218e-05 3.317564e-02 2.351011e+00
343 3.144286e-05 3.539870e-01 2.409882e+00
344 5.479946e-05 7.428267e-01 2.331703e+00
345 3.147806e-05 4.255772e-01 2.193297e+00
346 4.959668e-05 5.755953e-01 2.279193e+00
347 2.855122e-05 4.243321e-01 2.303445e+00
348 3.374531e-05 1.819220e-01 2.362893e+00
349 1.793844e-05 4.684169e-01 2.397460e+00
350 3.827825e-05 1.133868e+00 2.414944e+00
351 3.486504e-05 8.916835e-02 2.387019e+00
352 3.695930e-05 6.006755e-02 2.397099e+00
353 2.144276e-05 4.198277e-01 2.398520e+00
354 2.731485e-05 2.738496e-01 2.364285e+00
355 2.744259e-05 4.676446e-03 2.361117e+00
356 2.396222e-05 1.268238e-01 2.367531e+00
357 1.817899e-05 2.413475e-01 2.397721e+00
358 2.204010e-05 2.123936e-01 2.333377e+00
359 1.761511e-05 2.007697e-01 2.357758e+00
360 1.308581e-05 2.571258e-01 2.368938e+00
361 1.087211e-05 1.691683e-01 2.374245e+00
362 1.174835e-05 8.059541e-02 2.404769e+00
363 1.191123e-05 1.386422e-02 2.369783e+00
364 1.328659e-05 1.154675e-01 2.331614e+00
365 1.210711e-05 8.877246e-02 2.348452e+00
366 1.571080e-05 2.976506e-01 2.410759e+00
367 1.192841e-05 2.407506e-01 2.374386e+00
368 9.147545e-06 2.331297e-01 2.374252e+00
369 9.441473e-06 3.213197e-02 2.351565e+00
370 9.186279e-06 2.702903e-02 2.511760e+00
371 1.078571e-05 1.741109e-01 2.370453e+00
372 9.281103e-06 1.395001e-01 2.374614e+00
373 7.638735e-06 1.769583e-01 2.331809e+00
374 6.330593e-06 1.712512e-01 2.398593e+00
375 7.902096e-06 2.482395e-01 2.386972e+00
376 6.335692e-06 1.982264e-01 2.393509e+00
377 6.540033e-06 3.225240e-02 2.325647e+00
378 8.716888e-06 3.328506e-01 2.494567e+00
379 7.625476e-06 1.252066e-01 2.561895e+00
380 5.516559e-06 2.765621e-01 2.673750e+00
381 4.687778e-06 1.502351e-01 2.458540e+00
382 4.483271e-06 4.362550e-02 2.477132e+00
383 8.282796e-06 8.474893e-01 2.410821e+00
384 7.018688e-06 1.526185e-01 2.414910e+00
385 5.074613e-06 2.769855e-01 2.381675e+00
386 5.556154e-06 9.489209e-02 2.343756e+00
387 5.123758e-06 7.782293e-02 2.350581e+00
388 4.902765e-06 4.313085e-02 2.326359e+00
389 5.665014e-06 1.554732e-01 2.309353e+00
390 4.381493e-06 2.265697e-01 2.354925e+00
391 4.544868e-06 3.728753e-02 2.385942e+00
392 3.620481e-06 2.033914e-01 2.525334e+00
393 4.946484e-06 3.662505e-01 2.541962e+00
394 3.046643e-06 3.840790e-01 2.375322e+00
395 3.826231e-06 2.558841e-01 2.349594e+00
396 3.586153e-06 6.274524e-02 2.225093e+00
397 3.638018e-06 1.446265e-02 2.405257e+00
398 3.537863e-06 2.753029e-02 2.357107e+00
399 1.877391e-06 4.693432e-01 2.344395e+00
400 2.269330e-06 2.087682e-01 2.373894e+00
401 2.615868e-06 1.527048e-01 2.403787e+00
402 2.202326e-06 1.580899e-01 2.357352e+00
403 1.726792e-06 2.159237e-01 2.338967e+00
404 2.254770e-06 3.057570e-01 2.393544e+00
405 2.641325e-06 1.714386e-01 2.507604e+00
406 1.377084e-06 4.786390e-01 2.392579e+00
407 1.493314e-06 8.440299e-02 2.345524e+00
408 1.554458e-06 4.094526e-02 2.338045e+00
409 1.755445e-06 1.292975e-01 2.327313e+00
410 1.599613e-06 8.877065e-02 2.362600e+00
411 1.228294e-06 2.321304e-01 2.369693e+00
412 1.100396e-06 1.041265e-01 2.374225e+00
413 1.182451e-06 7.456814e-02 2.399518e+00
414 1.518476e-06 2.841771e-01 2.379481e+00
415 1.355011e-06 1.076508e-01 2.382114e+00
416 7.903764e-07 4.167011e-01 2.333838e+00
417 1.311381e-06 6.591847e-01 2.555176e+00
418 8.542260e-07 3.486055e-01 2.663565e+00
419 8.842567e-07 3.515545e-02 2.392620e+00
420 7.705378e-07 1.286040e-01 2.253832e+00
421 8.418762e-07 9.258272e-02 2.332848e+00
422 7.144951e-07 1.513062e-01 2.369272e+00
423 6.094796e-07 1.469786e-01 2.297095e+00
424 5.948244e-07 2.404554e-02 2.309919e+00
425 7.042207e-07 1.839137e-01 2.327680e+00
426 5.835685e-07 1.713272e-01 2.242674e+00
427 4.783345e-07 1.803285e-01 2.314713e+00
428 6.937926e-07 4.504339e-01 2.321476e+00
429 5.870925e-07 1.537924e-01 2.297407e+00
430 5.490144e-07 6.485886e-02 2.380948e+00
431 6.316639e-07 1.505416e-01 2.398593e+00
432 3.221023e-07 4.900732e-01 2.392472e+00
433 5.137721e-07 5.950585e-01 2.308180e+00
434 4.184237e-07 1.855850e-01 2.256636e+00
435 4.921178e-07 1.761234e-01 2.223757e+00
436 2.633016e-07 4.649624e-01 2.315881e+00
437 4.253824e-07 6.155713e-01 2.297862e+00
438 2.549286e-07 4.007073e-01 2.273257e+00
439 3.667062e-07 4.384666e-01 2.333489e+00
440 3.138295e-07 1.441937e-01 2.190178e+00
441 4.163102e-07 3.265492e-01 2.301558e+00
442 3.117187e-07 2.512347e-01 2.243656e+00
443 2.963817e-07 4.920121e-02 2.266484e+00
444 2.794913e-07 5.698884e-02 2.175278e+00
445 4.001654e-07 4.317635e-01 2.182959e+00
446 2.829182e-07 2.929969e-01 2.308861e+00
447 2.803707e-07 9.004457e-03 2.284489e+00
448 3.188920e-07 1.373943e-01 2.243941e+00
449 2.146588e-07 3.268604e-01 2.494047e+00
450 2.161723e-07 7.050505e-03 2.308389e+00
451 2.268346e-07 4.932329e-02 2.368786e+00
452 1.936571e-07 1.462628e-01 2.333437e+00
453 1.478271e-07 2.366556e-01 2.303519e+00
454 1.716120e-07 1.608969e-01 2.339200e+00
455 1.510936e-07 1.195626e-01 2.277493e+00
456 1.146356e-07 2.412940e-01 2.374858e+00
457 1.472669e-07 2.846515e-01 2.320510e+00
458 1.236608e-07 1.602944e-01 2.261224e+00
459 1.370593e-07 1.083490e-01 2.278432e+00
460 1.132532e-07 1.736920e-01 2.284701e+00
461 1.506583e-07 3.302787e-01 2.272843e+00
462 1.367421e-07 9.236963e-02 2.297699e+00
463 8.435969e-08 3.830744e-01 2.327424e+00
464 7.740438e-08 8.244834e-02 2.327245e+00
465 8.318795e-08 7.471894e-02 2.333162e+00
466 7.808160e-08 6.138331e-02 2.465193e+00
467 7.871100e-08 8.060868e-03 2.308626e+00
468 7.140416e-08 9.283132e-02 2.243173e+00
469 6.783970e-08 4.991947e-02 2.243164e+00
470 7.831299e-08 1.543829e-01 2.260361e+00
471 5.653635e-08 2.780719e-01 2.224450e+00
472 4.748028e-08 1.601813e-01 2.248071e+00
473 4.677599e-08 1.483341e-02 2.297657e+00
474 4.061768e-08 1.316553e-01 2.201765e+00
475 4.819360e-08 1.865177e-01 2.254313e+00
476 3.539858e-08 2.654920e-01 2.267697e+00
477 4.720322e-08 3.334777e-01 2.307125e+00
478 3.911845e-08 1.712757e-01 2.110417e+00
479 3.364307e-08 1.399692e-01 2.118214e+00
480 2.836485e-08 1.568889e-01 2.304082e+00
481 3.127458e-08 1.025823e-01 2.291190e+00
482 3.451862e-08 1.037277e-01 2.237170e+00
483 2.949242e-08 1.456084e-01 2.295738e+00
484 2.446596e-08 1.704323e-01 2.261374e+00
485 3.624892e-08 4.816064e-01 2.307338e+00
486 2.653171e-08 2.680689e-01 2.277866e+00
487 2.354681e-08 1.125032e-01 2.228119e+00
488 2.459192e-08 4.438407e-02 2.171573e+00
489 2.166138e-08 1.191665e-01 2.218421e+00
490 1.840246e-08 1.504484e-01 2.208333e+00
491 1.963543e-08 6.700031e-02 2.195381e+00
492 1.797437e-08 8.459538e-02 2.200347e+00
493 1.499531e-08 1.657394e-01 2.432469e+00
494 1.546301e-08 3.119000e-02 2.451168e+00
495 1.462219e-08 5.437590e-02 2.350490e+00
496 1.164333e-08 2.037223e-01 2.291206e+00
497 1.481648e-08 2.725301e-01 2.321068e+00
498 1.288400e-08 1.304280e-01 2.290296e+00
499 1.231612e-08 4.407613e-02 2.195602e+00
500 1.158414e-08 5.943293e-02 2.273857e+00
501 9.713074e-09 1.615196e-01 2.273385e+00
502 1.154296e-08 1.883944e-01 2.243471e+00
503 1.032279e-08 1.057070e-01 2.236694e+00
504 8.276259e-09 1.982538e-01 2.177026e+00
505 6.670083e-09 1.940702e-01 2.231177e+00
506 6.607801e-09 9.337591e-03 2.327016e+00
507 8.923439e-09 3.504400e-01 2.339268e+00
508 5.636396e-09 3.683605e-01 2.314661e+00
509 1.000966e-08 7.758978e-01 2.199946e+00
510 6.266491e-09 3.739559e-01 2.063547e+00
511 7.111224e-09 1.348016e-01 2.111120e+00
512 6.413926e-09 9.805595e-02 2.111456e+00
513 6.350939e-09 9.820394e-03 2.086443e+00
514 7.157952e-09 1.270699e-01 2.044815e+00
515 4.495534e-09 3.719525e-01 2.086412e+00
516 5.238236e-09 1.652089e-01 2.111573e+00
517 3.374592e-09 3.557770e-01 2.080980e+00
518 4.357773e-09 2.913480e-01 2.080901e+00
519 3.134499e-09 2.807108e-01 2.129566e+00
520 5.004860e-09 5.967017e-01 2.194576e+00
521 3.426003e-09 3.154647e-01 2.208026e+00
522 4.170903e-09 2.174253e-01 2.296806e+00
523 2.751721e-09 3.402578e-01 2.172430e+00
524 4.190745e-09 5.229545e-01 2.206256e+00
525 2.523519e-09 3.978354e-01 2.165280e+00
526 3.733450e-09 4.794621e-01 2.207894e+00
527 2.405461e-09 3.557001e-01 2.159637e+00
528 3.340803e-09 3.888406e-01 2.171923e+00
529 2.591984e-09 2.241433e-01 2.220087e+00
530 2.242922e-09 1.346698e-01 2.111599e+00
531 1.986338e-09 1.143974e-01 2.092867e+00
532 2.901075e-09 4.605144e-01 2.104281e+00
533 1.984129e-09 3.160712e-01 2.070305e+00
534 2.267087e-09 1.426111e-01 2.277275e+00
535 1.507321e-09 3.351289e-01 2.314270e+00
536 1.938130e-09 2.858115e-01 2.177011e+00
537 1.679517e-09 1.334342e-01 2.081535e+00
538 1.531688e-09 8.801892e-02 2.183244e+00
539 9.821945e-10 3.587503e-01 1.935917e+00
540 1.511904e-09 5.393126e-01 1.912797e+00
541 1.674644e-09 1.076387e-01 1.935499e+00
542 1.645117e-09 1.763151e-02 2.021955e+00
543 1.438016e-09 1.258886e-01 2.158306e+00
544 1.229414e-09 1.450621e-01 2.212883e+00
545 6.632894e-10 4.604834e-01 2.165439e+00
546 1.061849e-09 6.008839e-01 2.098340e+00
547 7.526221e-10 2.912158e-01 2.057569e+00
548 1.097364e-09 4.580542e-01 2.152612e+00
549 1.093494e-09 3.526749e-03 2.104191e+00
550 7.558973e-10 3.087318e-01 2.094020e+00
551 5.102863e-10 3.249265e-01 2.075023e+00
552 6.142352e-10 2.037072e-01 1.967571e+00
553 7.286347e-10 1.862470e-01 2.009652e+00
554 4.154556e-10 4.298164e-01 2.044351e+00
555 5.359249e-10 2.899692e-01 2.021102e+00
556 3.875891e-10 2.767847e-01 2.105660e+00
557 5.888292e-10 5.192100e-01 2.135386e+00
558 3.484149e-10 4.082922e-01 2.002199e+00
559 4.646410e-10 3.335855e-01 2.115668e+00
560 4.132776e-10 1.105442e-01 2.219386e+00
561 4.557411e-10 1.027481e-01 2.134961e+00
562 3.793433e-10 1.676342e-01 2.100316e+00
563 5.532926e-10 4.585537e-01 2.033156e+00
564 3.564474e-10 3.557705e-01 2.124469e+00
565 3.281507e-10 7.938533e-02 2.144741e+00
566 3.346849e-10 1.991224e-02 2.133948e+00
567 2.983617e-10 1.085298e-01 2.116372e+00
568 2.444271e-10 1.807689e-01 2.074285e+00
569 2.511562e-10 2.752993e-02 2.063562e+00
570 2.736864e-10 8.970593e-02 2.141485e+00
571 1.915625e-10 3.000656e-01 2.062505e+00
572 2.695909e-10 4.073258e-01 2.087043e+00
573 2.065079e-10 2.339952e-01 2.075046e+00
574 1.125716e-10 4.548799e-01 2.092885e+00
575 1.225102e-10 8.828696e-02 2.115768e+00
576 1.525082e-10 2.448612e-01 2.085508e+00
577 1.829793e-10 1.997995e-01 2.091733e+00
578 1.538065e-10 1.594321e-01 1.998127e+00
579 1.128139e-10 2.665209e-01 2.033321e+00
580 1.181467e-10 4.727118e-02 2.147603e+00
581 8.694268e-11 2.641126e-01 2.006806e+00
